Gauss-Jacobi alf=2.000000 bet=3.000000 weights/abscissas
deg: 23
dim: 1
nodes: 12
3.008463555981656586e-05 2.934641923570610600e-02
2.731128048325057048e-04 7.753924821186551630e-02
9.795186305429858485e-04 1.442679219543663294e-01
2.116298907859419549e-03 2.266549302390526988e-01
3.198764546927210326e-03 3.211080112552807120e-01
3.604572026484579184e-03 4.235025465638828646e-01
3.098205099381479751e-03 5.293659764691774905e-01
2.021052103030327070e-03 6.340748574976809993e-01
9.675096778496912768e-04 7.330588001043620849e-01
3.147201017483285622e-04 8.220049060502716554e-01
5.880099241121247955e-05 8.970634494636751111e-01
4.027140039098918232e-06 9.551163812305406564e-01
