Gauss-Jacobi alf=1.000000 bet=2.000000 weights/abscissas
deg: 17
dim: 1
nodes: 9
1.433324192351854423e-03 3.027928490275271292e-02
6.947558431358036475e-03 9.910821190795213176e-02
1.479462882398806592e-02 2.006801635192276556e-01
2.000175409774911789e-02 3.267578117856937414e-01
1.907069379787434960e-02 4.671264151764010775e-01
1.304958059820375202e-02 6.104157111521272272e-01
6.128633068888289688e-03 7.450220298348194659e-01
1.717734220908448926e-03 8.600554574342752501e-01
1.894261020114185439e-04 9.462692000010364257e-01
