efficiency: 0.875
deg: 5
dim: 3
nodes: 16
q[0]:  +5.4711840983987809e-03  +2.3630030187315904e-01  +1.2701713191617109e-01  +1.1872533625949309e-01
q[1]:  +5.7351510805252514e-03  +3.2573073160519617e-01  +2.3790031081416796e-01  +5.4711840983987809e-03
q[2]:  +9.5474473021792162e-03  +4.6152740456449387e-01  +4.3208246418445379e-01  +2.4549486531165057e-01
q[3]:  +1.3378004436864807e-02  +5.9195313698611007e-01  +1.5525057333259226e-01  +5.5410700661408588e-02
q[4]:  +2.0490346387756257e-02  +6.7719863952564063e-01  +5.2043886555789476e-01  +1.5157945863697336e-01
q[5]:  +1.7089322653880339e-02  +6.7611594761388394e-01  +3.7416680914102574e-01  +2.9590510450530755e-01
q[6]:  +5.4738079598775349e-03  +7.7591702294727760e-01  +7.6316123910102718e-01  +6.9035037377964653e-02
q[7]:  +1.2975821898797370e-02  +8.9697078118429674e-01  +8.4759265941273632e-01  +4.3394608759553077e-01
q[8]:  +1.0114671735900355e-02  +6.7812083321145722e-01  +6.0713425103685992e-01  +5.4083827694130038e-01
q[9]:  +8.1809886284039905e-03  +9.0698505101776938e-01  +1.5360495639232041e-01  +9.3073404663798098e-02
q[10]: +9.4206367124357697e-03  +9.3834646595914206e-01  +3.8036121659977884e-01  +7.9332666050052736e-02
q[11]: +8.7947715449178641e-03  +8.3803238534264723e-01  +5.4194874384860825e-01  +2.6932463434201654e-02
q[12]: +1.6805738446441513e-02  +9.3315110219661990e-01  +6.2586007897944762e-01  +3.2992709443373835e-01
q[13]: +8.7176598989909034e-03  +9.3362869767366585e-01  +4.8561168680507466e-01  +4.3961621456979827e-01
q[14]: +5.8633614533193119e-03  +9.9097344198223636e-01  +8.6724790806694274e-01  +1.1517798061050613e-01
q[15]: +8.6077524279773998e-03  +9.3822578898293651e-01  +8.4276908178997223e-01  +7.5056468814667232e-01

