Gauss-Jacobi alf=3.000000 bet=2.000000 weights/abscissas
deg: 23
dim: 1
nodes: 12
4.027140039098930937e-06 4.488361876945930196e-02
5.880099241121246599e-05 1.029365505363249583e-01
3.147201017483282912e-04 1.779950939497282614e-01
9.675096778496904094e-04 2.669411998956379151e-01
2.021052103030325335e-03 3.659251425023190007e-01
3.098205099381477149e-03 4.706340235308225650e-01
3.604572026484592628e-03 5.764974534361171354e-01
3.198764546927212495e-03 6.788919887447193435e-01
2.116298907859425187e-03 7.733450697609473012e-01
9.795186305429834633e-04 8.557320780456336706e-01
2.731128048325064638e-04 9.224607517881344698e-01
3.008463555981653537e-05 9.706535807642938662e-01
