Gauss-Jacobi alf=2.000000 bet=2.000000 weights/abscissas
deg: 21
dim: 1
nodes: 11
5.626580350447099105e-05 3.599177478541010222e-02
5.165561716859414431e-04 9.472689167874433214e-02
1.881703560918316764e-03 1.752472304252963020e-01
4.143557628134650166e-03 2.732596393411549918e-01
6.394591949643870302e-03 3.834902488772270468e-01
7.347983105558862638e-03 5.000000000000000000e-01
6.394591949643878108e-03 6.165097511227729532e-01
4.143557628134647564e-03 7.267403606588450637e-01
1.881703560918313294e-03 8.247527695747036702e-01
5.165561716859405758e-04 9.052731083212556262e-01
5.626580350447096395e-05 9.640082252145899533e-01
