Gauss-Jacobi alf=0.000000 bet=0.000000 weights/abscissas
deg: 19
dim: 1
nodes: 10
3.333567215434406206e-02 1.304673574141413869e-02
7.472567457529018242e-02 6.746831665550775958e-02
1.095431812579912428e-01 1.602952158504878100e-01
1.346333596549981193e-01 2.833023029353764488e-01
1.477621123573764905e-01 4.255628305091843644e-01
1.477621123573761297e-01 5.744371694908156911e-01
1.346333596549981471e-01 7.166976970646236067e-01
1.095431812579910069e-01 8.397047841495122178e-01
7.472567457529030732e-02 9.325316833444922127e-01
3.333567215434407593e-02 9.869532642585858717e-01
