Gauss-Jacobi alf=0.000000 bet=0.000000 weights/abscissas
deg: 17
dim: 1
nodes: 9
4.063719418078711593e-02 1.591988024618695360e-02
9.032408034742858693e-02 8.198444633668210135e-02
1.303053482014674969e-01 1.933142836497048211e-01
1.561735385200017090e-01 3.378732882980954866e-01
1.651196775006298911e-01 5.000000000000000000e-01
1.561735385200016257e-01 6.621267117019044024e-01
1.303053482014677467e-01 8.066857163502951789e-01
9.032408034742868408e-02 9.180155536633178848e-01
4.063719418078719919e-02 9.840801197538130429e-01
