Gauss-Jacobi alf=0.000000 bet=3.000000 weights/abscissas
deg: 23
dim: 1
nodes: 12
1.862592916569583840e-02 7.440576540277134623e-03
3.855431265983558925e-02 3.879404697044613187e-02
4.888782368112905979e-02 9.355014300915108494e-02
4.854043744203982713e-02 1.689764317932661575e-01
4.001958432309595665e-02 2.612929623037110183e-01
2.779474857320201470e-02 3.658720374218303872e-01
1.615880994927969272e-02 4.774715526681026501e-01
7.680391396013669728e-03 5.904987651802634518e-01
2.850502239120716701e-03 6.992925883925283914e-01
7.584393475252085553e-04 7.984127402562102294e-01
1.215629100524004619e-04 8.829322265205975517e-01
7.458313009781917597e-06 9.487992622769493289e-01
