Gauss-Jacobi alf=0.000000 bet=2.000000 weights/abscissas
deg: 21
dim: 1
nodes: 11
2.330085005138833945e-02 9.278973831348832912e-03
4.874586103066442383e-02 4.824969209428625616e-02
6.297954300036757991e-02 1.157886266293952082e-01
6.418355934975605859e-02 2.076683415970598523e-01
5.463222232104485154e-02 3.181179519062339867e-01
3.929021779843556994e-02 4.401983998588624436e-01
2.358966353880689176e-02 5.662398391545684362e-01
1.141459091809762100e-02 6.883242398629566550e-01
4.140004263219025649e-03 7.987843585909146782e-01
9.630205755432388057e-04 8.906910993543921684e-01
9.380048600977801204e-05 9.583251437866482370e-01
