Gauss-Jacobi alf=2.000000 bet=0.000000 weights/abscissas
deg: 23
dim: 1
nodes: 12
5.955035980831180451e-05 3.579346470732844981e-02
6.199533985445204298e-04 9.420492645545626431e-02
2.720842144103841932e-03 1.742814857852131027e-01
7.716367023886433647e-03 2.717535470469273351e-01
1.654734364460939272e-02 3.813761365415440086e-01
2.890805183872734510e-02 4.972426395509678132e-01
4.276476357018897667e-02 6.131079900023101992e-01
5.457394116423164993e-02 7.227265422006848850e-01
6.025060748760453083e-02 8.201892109475767967e-01
5.658418474947405491e-02 9.002423744573858633e-01
4.255661536740563272e-02 9.585721895457054442e-01
2.003111258474875311e-02 9.920479542973615894e-01
