efficiency: 0.977891
deg: 22
dim: 3
nodes: 588
q[0]:   +6.5686724375674250e-06  +2.1477166629175756e-02  +1.9674315758626923e-02  +8.5228889530356566e-03
q[1]:   +2.4751990254801878e-05  +6.2046277493935938e-02  +5.0630956414977148e-02  +4.4431868438403646e-02
q[2]:   +2.0217460397029162e-05  +7.3067703239606360e-02  +6.7034490234624919e-02  +9.6004359439546168e-03
q[3]:   +1.1383267275451579e-05  +4.3717120015711784e-02  +1.0036550640855822e-02  +6.7855099793452910e-03
q[4]:   +4.6416213418248695e-05  +8.9611426129780111e-02  +4.9744247434433023e-02  +3.4483378622182190e-02
q[5]:   +3.8979996290836852e-05  +6.9612900822712709e-02  +4.0421674275991824e-02  +7.8161252930256820e-03
q[6]:   +1.4312150736074623e-04  +1.4748387731575507e-01  +1.0713382510043419e-01  +4.1798171469620872e-02
q[7]:   +5.2533562828534789e-05  +9.4705940878958700e-02  +8.7355496435775448e-02  +4.6257828110228848e-02
q[8]:   +3.8128637560709974e-05  +1.3308673523151260e-01  +1.2255702197109347e-01  +7.9614929191143668e-03
q[9]:   +3.9447505317865639e-05  +1.2713510217443855e-01  +1.2121145469377519e-01  +1.0939640453106428e-01
q[10]:  +3.6475919981077198e-05  +1.1770575348929679e-01  +1.6943838483271752e-02  +1.0317618576812865e-02
q[11]:  +6.7850509959966720e-05  +1.3415703542331442e-01  +4.4122103814476510e-02  +7.1635200305408030e-03
q[12]:  +7.5945699797037421e-05  +1.3541291897686247e-01  +5.9963863546816883e-02  +5.1301164034366215e-02
q[13]:  +1.6565281365484721e-04  +1.8217856106579292e-01  +8.7255172037478720e-02  +4.0366488205156523e-02
q[14]:  +1.2843380681779463e-04  +2.2886888884316062e-01  +1.1402837980618225e-01  +7.6843436483031505e-03
q[15]:  +2.3344615412226034e-04  +2.3850338197010876e-01  +1.4269901817834982e-01  +1.0724370844375192e-01
q[16]:  +8.7942982759804639e-05  +1.5137196979694692e-01  +1.0273024706452742e-01  +8.4589692873438989e-03
q[17]:  +1.4601746910468752e-04  +1.6725339426149677e-01  +1.3065152260799492e-01  +9.5106003435391662e-02
q[18]:  +2.2311423107235063e-04  +2.3420195154638973e-01  +1.8921195912533714e-01  +4.0894126190800260e-02
q[19]:  +5.9127075461945413e-05  +1.5233564841480152e-01  +1.1326713917100241e-01  +1.0834404844407841e-01
q[20]:  +6.2405611040453583e-05  +2.1985642255697105e-01  +2.0858521264272986e-01  +2.0041640965906210e-01
q[21]:  +5.4935663476283681e-05  +2.1655371564124484e-01  +2.0776115067608913e-01  +9.7817217428479274e-03
q[22]:  +9.6873159844085931e-05  +1.6767086072153922e-01  +1.5948404954525930e-01  +4.5706142017682777e-02
q[23]:  +1.4693154076372229e-04  +2.5360533314850842e-01  +2.4344031451041251e-01  +1.1436035412829336e-01
q[24]:  +9.3159330349596115e-05  +1.7949257067511523e-01  +1.7186516925023956e-01  +1.0976625878235020e-01
q[25]:  +5.9689626951119720e-05  +2.1088428786730368e-01  +1.8868711763132529e-02  +9.1098620944117439e-03
q[26]:  +1.1193504354961963e-04  +2.3619755785605540e-01  +5.7554108455881561e-02  +7.9131305114108937e-03
q[27]:  +1.1521688357535870e-04  +2.1537246508438002e-01  +5.7677033256644437e-02  +4.9077992100439422e-02
q[28]:  +1.7620246370653376e-04  +2.4826007265665773e-01  +8.3639097879611449e-02  +4.0940414587657271e-02
q[29]:  +3.5376706995775444e-04  +3.2710863829830111e-01  +1.4240945426016499e-01  +9.9780916915256215e-02
q[30]:  +1.9028848670385448e-04  +3.4130210632096508e-01  +1.2909250696578864e-01  +8.1608406409277232e-03
q[31]:  +3.4019183416340658e-04  +3.4431921136253163e-01  +1.3826120304683093e-01  +4.1757827796012330e-02
q[32]:  +1.2302228645266153e-04  +2.3827759010807004e-01  +1.2380519691138371e-01  +1.1679943273928491e-01
q[33]:  +2.0011384646837830e-04  +3.2816976012586185e-01  +2.0803175441401092e-01  +9.1055031302170863e-03
q[34]:  +2.9842834415905276e-04  +2.6493261209944458e-01  +1.5412177257010973e-01  +4.0980920538124854e-02
q[35]:  +1.6336718821555489e-04  +3.5397678842849628e-01  +2.0058162749547770e-01  +1.9351672177459606e-01
q[36]:  +2.7315995044329279e-04  +2.8034123748802181e-01  +1.8154253212594210e-01  +9.7637707092758430e-02
q[37]:  +1.7881192221663804e-04  +2.5208767116153158e-01  +2.1224764219091707e-01  +1.7520783894954528e-01
q[38]:  +1.1500281397789832e-04  +2.4524996328256085e-01  +1.9587891355680814e-01  +7.4307643138009187e-03
q[39]:  +2.7142848316810832e-04  +2.4743828988300082e-01  +2.0165814623040107e-01  +9.7331035091021187e-02
q[40]:  +1.2535594952289963e-04  +2.6122069125496450e-01  +2.0102157975494758e-01  +1.9305805591607178e-01
q[41]:  +2.8237733093618362e-04  +3.0622571415336297e-01  +2.6272825876292460e-01  +1.7580529187396651e-01
q[42]:  +5.4327082009044944e-05  +3.2186857298844324e-01  +3.1200939226474750e-01  +7.1375042299802859e-03
q[43]:  +1.1849770198959002e-04  +2.6753113898941872e-01  +2.5875489080659109e-01  +4.7939200549715635e-02
q[44]:  +5.1840864500615210e-05  +3.0643261865230620e-01  +3.0384684563951947e-01  +1.0621570828504634e-01
q[45]:  +1.8443904480434990e-04  +3.2805086493757191e-01  +3.1957467343008850e-01  +2.0732239600163729e-01
q[46]:  +9.0437470814161788e-05  +2.4378554514782116e-01  +2.3676407564879062e-01  +1.9180735369641272e-01
q[47]:  +2.1670407476104712e-05  +3.2366709228216350e-01  +3.2366246022887218e-01  +3.1398046678281710e-01
q[48]:  +5.8187497328865004e-05  +3.2040712786710607e-01  +1.7529674838597541e-02  +8.0647430907416356e-03
q[49]:  +1.3969726153677324e-04  +3.4802445407462601e-01  +5.8040141567721686e-02  +8.1080713154249150e-03
q[50]:  +1.0615115489280685e-04  +3.1847004105934751e-01  +5.0451639353685740e-02  +4.3477273130078327e-02
q[51]:  +2.4026690327939068e-04  +3.4640202378892249e-01  +8.0832464745019900e-02  +4.2293775629005756e-02
q[52]:  +1.6632541422139996e-04  +4.4794565065521658e-01  +1.0820515487266349e-01  +1.0028092689151909e-01
q[53]:  +1.9451064326380158e-04  +4.5396162938710566e-01  +1.2181815976114234e-01  +7.9547661046290297e-03
q[54]:  +3.5881627472323361e-04  +4.4240126144079656e-01  +1.3606730342402165e-01  +9.6129901473738635e-02
q[55]:  +4.0096144225753888e-04  +4.5839414223987796e-01  +1.4696870572335261e-01  +4.1561580826996992e-02
q[56]:  +1.7743371716111305e-04  +3.3626255872641114e-01  +1.1679754550140645e-01  +1.0868992909854694e-01
q[57]:  +4.6632894193253507e-04  +4.0642244746856315e-01  +2.2834659630676155e-01  +4.7013300440440137e-02
q[58]:  +4.3876019492413137e-04  +3.7185697555108216e-01  +2.0745883201784035e-01  +1.0065888381352817e-01
q[59]:  +3.0931301440391835e-04  +4.0844942150552010e-01  +2.1140804827374970e-01  +1.7595551963752884e-01
q[60]:  +2.0873249402850319e-04  +4.3084065468469396e-01  +2.2061647862531697e-01  +9.5118973179101427e-03
q[61]:  +5.2877134951155157e-04  +4.9604924645854015e-01  +2.6192041572003888e-01  +1.0559906142401124e-01
q[62]:  +3.8926316899408017e-04  +3.4598854186403666e-01  +2.3691120153714151e-01  +1.9664656452379584e-01
q[63]:  +4.9845178412327371e-04  +3.8431181646472684e-01  +2.7923679127346146e-01  +1.7964845973895968e-01
q[64]:  +3.1595982190490442e-04  +4.5763800874311955e-01  +3.4998355700310824e-01  +3.1641346308618662e-01
q[65]:  +1.5269384975868575e-04  +4.2311223824014754e-01  +3.1550290675473586e-01  +7.9811076334300683e-03
q[66]:  +2.8964560559599105e-04  +3.4337335113606932e-01  +2.4828874870385204e-01  +4.6182638570268185e-02
q[67]:  +5.1958895678077936e-04  +3.7448538379011426e-01  +2.7938636121001986e-01  +1.0528160355917121e-01
q[68]:  +5.1339398650066047e-04  +4.8070291241663360e-01  +3.2560860641474665e-01  +1.4414513019655831e-01
q[69]:  +1.4975355854215255e-04  +3.7885383956509017e-01  +2.8738386925064818e-01  +2.8012806180938321e-01
q[70]:  +1.1217020841936880e-04  +3.5850070455278771e-01  +3.1001347146850178e-01  +7.0464645165781827e-03
q[71]:  +3.0955809049426939e-04  +3.3469926244969761e-01  +2.9955534073112378e-01  +9.7258838142416024e-02
q[72]:  +2.7828256971517643e-04  +3.6790010581573018e-01  +3.1998225462949603e-01  +2.7751158668418507e-01
q[73]:  +1.1319622593066200e-04  +3.4012842026277235e-01  +3.1277902800974716e-01  +3.0428777410412045e-01
q[74]:  +2.2400365972199100e-04  +3.3733387454622843e-01  +2.9629447464203673e-01  +3.6755603234781754e-02
q[75]:  +4.4841723043857404e-04  +3.9489316294146232e-01  +3.4817183896250625e-01  +1.7672679322036011e-01
q[76]:  +3.7025657291066218e-04  +4.1844445197997071e-01  +3.7533762808754473e-01  +2.6924270587078958e-01
q[77]:  +1.1053512507475250e-04  +4.7803582117996940e-01  +4.3673949967160969e-01  +7.1194981035272008e-03
q[78]:  +9.6372809973800980e-05  +3.6744871198347595e-01  +3.6040218883942826e-01  +3.8591532218362222e-02
q[79]:  +1.4679753852630661e-04  +3.9793633901275749e-01  +3.8998900797502051e-01  +1.0450170269854485e-01
q[80]:  +1.9938684815514740e-04  +3.9419981774645219e-01  +3.8459304905424441e-01  +1.7827430094899008e-01
q[81]:  +1.5635870660909282e-04  +4.3498002864557778e-01  +4.2701319739584670e-01  +3.2069100891212193e-01
q[82]:  +1.3950531509073839e-04  +3.4837533072468457e-01  +3.3846777975452363e-01  +2.9178307871320353e-01
q[83]:  +7.5899151924024616e-05  +4.5035939585353563e-01  +4.3950117539687344e-01  +4.3090424856542048e-01
q[84]:  +5.9797776023169292e-05  +4.3710243825601708e-01  +1.7752351108280086e-02  +8.6433920375976296e-03
q[85]:  +1.0486274478276282e-04  +4.7186664696983305e-01  +5.1451206475856964e-02  +5.9324604747707944e-03
q[86]:  +1.2490113180495182e-04  +4.4205121655176838e-01  +5.1313248781057669e-02  +4.2940819367725397e-02
q[87]:  +2.8150230024859865e-04  +4.6818573278274989e-01  +8.0988025432521968e-02  +3.6160362616239394e-02
q[88]:  +1.5809806099598367e-04  +5.0966905193898204e-01  +2.0844938096116611e-01  +6.9787029875654095e-03
q[89]:  +4.3189643994183641e-04  +4.5874866993943803e-01  +1.8710318400125028e-01  +9.7369323372702959e-02
q[90]:  +3.9136872722670215e-04  +5.0647719023900883e-01  +2.1393224119892276e-01  +1.7701627823404870e-01
q[91]:  +1.9176375149991437e-04  +4.6688797624421363e-01  +1.9119802929544524e-01  +1.8442988877536443e-01
q[92]:  +4.8277141279340704e-04  +5.1144052169942622e-01  +2.3006311897443046e-01  +4.0971368874272766e-02
q[93]:  +4.6544643833591856e-04  +4.5559319279740740e-01  +2.5465974815152681e-01  +1.6927899993400952e-01
q[94]:  +1.5734657277245866e-04  +4.9876974072751001e-01  +3.1397848316450749e-01  +6.5685193973211691e-03
q[95]:  +4.6589649014269931e-04  +5.1497979605201649e-01  +3.3490503802342653e-01  +3.8456094722343973e-02
q[96]:  +4.3822645273792604e-04  +5.0040265962940078e-01  +3.2463738542703802e-01  +8.9572921523198151e-02
q[97]:  +5.9403052513617299e-04  +5.5662403552467887e-01  +3.5371410703448558e-01  +2.0620866237471969e-01
q[98]:  +3.3774443323749331e-04  +5.0187148635086409e-01  +3.3414294342883283e-01  +2.4071356270446720e-01
q[99]:  +4.4731114987146240e-04  +5.0229326673598940e-01  +3.1561979265296902e-01  +2.7189382239257531e-01
q[100]: +2.1072639906186339e-04  +4.7650191120137803e-01  +2.8057233538157966e-01  +2.7190728827456412e-01
q[101]: +1.6498830634636605e-04  +5.2047486345132477e-01  +4.1905183168852117e-01  +9.5083103100297092e-03
q[102]: +3.4186828194318310e-04  +4.3325590400619873e-01  +3.3290288302364957e-01  +4.2185564421810914e-02
q[103]: +5.9986376608820867e-04  +4.8828604035768525e-01  +3.9211538513837590e-01  +1.0638086320761678e-01
q[104]: +5.6266210050112577e-04  +5.1325812371878565e-01  +4.1734435824696581e-01  +1.9371149933508358e-01
q[105]: +4.6981753430973185e-04  +4.8948202440821770e-01  +3.8148169470093890e-01  +2.3085108708071522e-01
q[106]: +4.7941932263934642e-04  +4.8196637232753270e-01  +3.8317083459572404e-01  +3.0090047787922458e-01
q[107]: +3.5694703271607967e-04  +5.7058714580589243e-01  +4.7579775105624111e-01  +4.3686753009865181e-01
q[108]: +1.6035148411469797e-04  +5.1121195760800031e-01  +3.7690322865369913e-01  +3.7020132508687820e-01
q[109]: +3.5645729586290402e-04  +5.1927459710406754e-01  +4.7956723522555961e-01  +3.7929992621607611e-01
q[110]: +2.7493584407650658e-04  +4.8243202605642133e-01  +4.4142264071411258e-01  +4.0086745321565470e-01
q[111]: +2.6402140121172554e-04  +4.5919776080448138e-01  +4.1902030353940906e-01  +3.8160897036578503e-02
q[112]: +3.3014966023045821e-04  +4.3490355257600455e-01  +3.9338635739606476e-01  +9.2322530402502434e-02
q[113]: +5.1677972873248059e-04  +5.0310138716369657e-01  +4.6213338438092977e-01  +1.7841024060603725e-01
q[114]: +1.1855263973723694e-04  +4.6326135437635435e-01  +4.5577407333362197e-01  +4.1016678344279223e-01
q[115]: +1.3994547605827119e-04  +4.6869706933478456e-01  +4.1114917000427958e-01  +4.0373926225779594e-01
q[116]: +6.2470299973053535e-05  +4.4734079696228585e-01  +4.3956406742474063e-01  +9.3630793568868168e-03
q[117]: +1.1131111572434995e-04  +4.6561408422119971e-01  +4.5704672421787124e-01  +6.4609200188117596e-02
q[118]: +1.5876587546028475e-04  +5.0498466790267638e-01  +4.9695945821897425e-01  +1.3746739793188015e-01
q[119]: +1.6030444290839220e-04  +5.0512817816791689e-01  +4.9773314440945410e-01  +2.1243746363428448e-01
q[120]: +4.8515343364490692e-04  +5.1201010851210904e-01  +4.7154914484836097e-01  +2.8163862145832325e-01
q[121]: +1.8624574128420064e-04  +4.7206886600092191e-01  +4.6430981029683416e-01  +2.7731544631209948e-01
q[122]: +9.7944467850084746e-05  +5.2532352485912381e-01  +5.1794699434026825e-01  +4.0342001520092269e-01
q[123]: +6.5370337449213245e-05  +5.5871963666030733e-01  +1.7841852948913099e-02  +1.0340625047045337e-02
q[124]: +8.9059930937170602e-05  +5.9661496868736386e-01  +4.6533665378647372e-02  +5.7585485614642601e-03
q[125]: +2.5293707240121860e-04  +5.9505399876411558e-01  +7.3846222868991021e-02  +3.4133791967944520e-02
q[126]: +1.5271184373212072e-04  +5.6691959579735329e-01  +6.3368659132159638e-02  +5.5245809950975104e-02
q[127]: +2.1183181098698072e-04  +5.7075484177849845e-01  +1.1246771510171011e-01  +9.5047492498625211e-03
q[128]: +1.9980479174738848e-04  +5.7111247510124130e-01  +1.3805732885561872e-01  +1.3069033161523891e-01
q[129]: +4.4320562382792948e-04  +5.7970356216062235e-01  +1.4880137909189364e-01  +4.7941333467024540e-02
q[130]: +4.1835766125336430e-04  +5.6374823461883872e-01  +1.3442635376036069e-01  +9.3552458136109379e-02
q[131]: +2.1978548535069327e-04  +6.0122285626119876e-01  +1.9708748779037569e-01  +8.6589955543455704e-03
q[132]: +4.7802141459082919e-04  +6.2111719995283432e-01  +2.2505584563542999e-01  +4.1901737099621285e-02
q[133]: +5.6272526939040747e-04  +5.7757920823604858e-01  +2.0823557004248258e-01  +1.0973795300437982e-01
q[134]: +4.4909112292720361e-04  +6.1285219682646641e-01  +2.1880103867609532e-01  +1.8065548698859493e-01
q[135]: +2.1062695604984061e-04  +5.9500436220564079e-01  +2.3369177010188391e-01  +2.2646193884872273e-01
q[136]: +2.6051334036916371e-04  +6.0244082751304906e-01  +3.0614377670645027e-01  +8.7561443266754337e-03
q[137]: +5.3552838210411111e-04  +5.9541027124609647e-01  +2.6956539252533440e-01  +9.6271418293607205e-02
q[138]: +6.1833254369079017e-04  +5.7281348808697186e-01  +2.7780458828280458e-01  +1.8826256251471246e-01
q[139]: +4.8659367188918286e-04  +6.0143848401471101e-01  +3.2053835771188405e-01  +2.8498308287747343e-01
q[140]: +1.8297933256187146e-04  +5.9371858622728979e-01  +3.2565701273630165e-01  +3.1918494058266411e-01
q[141]: +5.5660231235938381e-04  +6.1191128971942410e-01  +3.3297046176128908e-01  +4.4368012588810041e-02
q[142]: +6.2451791729499322e-04  +6.1434528614621153e-01  +3.5607480905356642e-01  +1.0554516995072701e-01
q[143]: +6.7508845285585135e-04  +6.2711125459446115e-01  +3.4218375469429135e-01  +1.7370645954826561e-01
q[144]: +5.4514571177180569e-04  +6.3967407882571636e-01  +3.6535048666109676e-01  +2.7795815746188707e-01
q[145]: +2.2291675908790281e-04  +6.0866592440240175e-01  +4.0659404009293953e-01  +8.4406507573652392e-03
q[146]: +5.3465454002352239e-04  +6.3434412539480900e-01  +4.5332069161627347e-01  +4.4258780693769352e-02
q[147]: +8.6894631854540988e-04  +6.1731531030813125e-01  +4.3362945450132900e-01  +1.8505188790553082e-01
q[148]: +7.1341839379423209e-04  +6.3328902293725164e-01  +4.6757958286739826e-01  +2.8394615900521952e-01
q[149]: +6.9757086370736692e-04  +6.0923190515245984e-01  +4.2496918712695225e-01  +3.2589404507085173e-01
q[150]: +4.8998893072965384e-04  +6.0891461403215685e-01  +4.3172404710488999e-01  +3.9379818484373175e-01
q[151]: +1.5258641111369589e-04  +6.1577454106288909e-01  +4.1898607480309757e-01  +4.1155835698459969e-01
q[152]: +4.3756555866755346e-04  +5.4658372314235359e-01  +4.4891414394438739e-01  +4.7243696302667539e-02
q[153]: +6.2310850049655895e-04  +5.9611543121008603e-01  +4.2530028000911185e-01  +1.0279495684290731e-01
q[154]: +5.5061524360328236e-04  +6.0731325242976608e-01  +5.0396286059745976e-01  +4.1076066414506224e-01
q[155]: +1.7818551795253273e-04  +6.0846544885392417e-01  +5.0432406298435539e-01  +4.9662665766399944e-01
q[156]: +1.6451240477788283e-04  +6.1203950912240179e-01  +4.9121340191148594e-01  +8.6473850583972875e-03
q[157]: +6.0847769895509731e-04  +6.1925952266666207e-01  +5.1856411253677093e-01  +1.0977788499054116e-01
q[158]: +7.2142293774404051e-04  +6.1615210625508388e-01  +5.1181851216349783e-01  +1.8955687075955466e-01
q[159]: +5.5019381964347585e-04  +5.7676101056974638e-01  +4.8261488087659332e-01  +3.2527404065816917e-01
q[160]: +1.1561487004447689e-04  +5.7864596736597029e-01  +5.3890079109812650e-01  +5.3123925973717157e-01
q[161]: +1.3694248775629264e-04  +6.0286842746768776e-01  +5.5235982594589539e-01  +8.4637786229574234e-03
q[162]: +3.0081412936281939e-04  +5.9458345828431669e-01  +5.5334632208664247e-01  +4.2529299567031012e-02
q[163]: +4.2762519866128837e-04  +5.5595906034833487e-01  +5.1415323041084404e-01  +1.0264325380614292e-01
q[164]: +5.4789399409162979e-04  +6.3072478761296358e-01  +5.8577254368537035e-01  +1.8941209556009175e-01
q[165]: +6.7677916939124178e-04  +6.3476436108375112e-01  +5.3975128813749418e-01  +2.8872112833242158e-01
q[166]: +4.8028742889836054e-04  +6.2161109049993346e-01  +5.8083578933247582e-01  +4.0092817188101104e-01
q[167]: +3.0254999484682763e-04  +6.1866477672600018e-01  +5.7509236357564730e-01  +4.7901832350247653e-01
q[168]: +2.4939593659403613e-04  +6.1116442659047454e-01  +5.7323902958738049e-01  +5.3289511643845311e-01
q[169]: +6.3223601248297542e-05  +5.8488992554851837e-01  +5.7537815513688551e-01  +7.2095497842932666e-03
q[170]: +1.0603574308989226e-04  +5.3682786852365594e-01  +5.2928444084443149e-01  +3.9668809524569498e-02
q[171]: +1.7016111691547893e-04  +5.8929108316636525e-01  +5.8149729829403674e-01  +1.0208716083815475e-01
q[172]: +2.0376344710574580e-04  +6.1085122838920691e-01  +6.0178877325940594e-01  +1.9322609067146584e-01
q[173]: +5.2650861344057771e-04  +6.1427965949020269e-01  +5.7566729534075378e-01  +2.8556773543344688e-01
q[174]: +1.9346650886731509e-04  +6.0185518755572476e-01  +5.9472542602588374e-01  +2.8514044659841553e-01
q[175]: +2.3173222103680410e-04  +5.9004367937990965e-01  +5.8216552793942189e-01  +3.7447450303210650e-01
q[176]: +1.6349871624275463e-04  +6.0106818654660332e-01  +5.9283207857354570e-01  +4.7489958507563107e-01
q[177]: +1.2486800671790375e-04  +5.8184837112952814e-01  +5.7428466233156983e-01  +5.2363354040050314e-01
q[178]: +5.5420792818587420e-05  +5.7412398200613668e-01  +5.6750307098375985e-01  +5.5767000828184843e-01
q[179]: +5.5462330251020851e-05  +6.8574621588318219e-01  +1.6699543847151232e-02  +7.3803397327004876e-03
q[180]: +1.2441836875501535e-04  +7.1635197444428700e-01  +5.6652454692347635e-02  +9.0362722939471216e-03
q[181]: +2.3871342678042295e-04  +7.1794319877628898e-01  +7.7137616190573716e-02  +4.4713627565604680e-02
q[182]: +8.8142300109460419e-05  +6.8181666897134985e-01  +4.6298848097289527e-02  +4.0805420498690022e-02
q[183]: +1.3728329001327534e-04  +6.8277082099701170e-01  +1.0893864461669581e-01  +6.8911242854541380e-03
q[184]: +3.7169944090732526e-04  +6.9128070032944433e-01  +1.3336292861515406e-01  +3.9479980586328400e-02
q[185]: +4.3041419445388328e-04  +6.8347795701144687e-01  +1.4482613341591599e-01  +9.5263579782354182e-02
q[186]: +2.2185024883832684e-04  +6.8423728183075017e-01  +1.1806731892519547e-01  +1.0835989564045924e-01
q[187]: +2.0035560329207999e-04  +7.0806102218176525e-01  +1.8983765513471390e-01  +7.7612409756053422e-03
q[188]: +6.0030322601071617e-04  +6.9856804033676023e-01  +2.1740450322290933e-01  +9.9482057222776116e-02
q[189]: +4.2426983170423317e-04  +7.1848620694191823e-01  +2.1895210359062042e-01  +1.7662265678029115e-01
q[190]: +2.3147670922599081e-04  +7.0371870191275165e-01  +2.0823619308227714e-01  +2.0030609861531298e-01
q[191]: +1.9579453615815653e-04  +7.0475440986891924e-01  +2.9213333816652554e-01  +6.2092239664258385e-03
q[192]: +4.8225741263267617e-04  +7.3272470792986355e-01  +2.1670781673796666e-01  +4.1248867750475704e-02
q[193]: +6.5881996296448771e-04  +7.0884855423614934e-01  +3.0165156129814685e-01  +9.6518312596239789e-02
q[194]: +5.4017112480043473e-04  +6.8277754561481785e-01  +2.6404092469964136e-01  +1.7069353848192559e-01
q[195]: +5.1749526289312478e-04  +7.1260873755815668e-01  +3.1874087088851427e-01  +3.6352244687046766e-02
q[196]: +5.3721252821890299e-04  +7.2366019917758362e-01  +3.8602042456416252e-01  +9.2977174145341179e-02
q[197]: +6.8287723486539886e-04  +7.2064426437297791e-01  +3.4302287388797098e-01  +1.7234926727539043e-01
q[198]: +5.9092386445439926e-04  +7.1759662936696045e-01  +3.4714911746398269e-01  +2.4938488651972429e-01
q[199]: +5.5584413162793251e-04  +7.1459406122430713e-01  +3.2265495155998841e-01  +2.8374289597726643e-01
q[200]: +2.0114948502767749e-04  +7.1045225792252253e-01  +3.1418688821357832e-01  +3.0707842729199014e-01
q[201]: +2.4814118111794563e-04  +7.1921504132897429e-01  +4.1469775859612085e-01  +7.8666675561897843e-03
q[202]: +5.5019101347721111e-04  +7.2364901468774490e-01  +4.4330988687005635e-01  +4.1449756287649492e-02
q[203]: +4.8830930207833286e-04  +7.0714279022174331e-01  +4.5018607072418498e-01  +1.0114755114498147e-01
q[204]: +9.5027026490886819e-04  +7.2772686188871538e-01  +4.4514082604582539e-01  +1.7908521261278479e-01
q[205]: +6.7783406519638636e-04  +7.4201719012528722e-01  +4.5787814499963431e-01  +3.6501071570146681e-01
q[206]: +5.0021284738924318e-04  +7.1236458004908143e-01  +4.3620831434959451e-01  +3.9808743299773142e-01
q[207]: +2.0995780655818074e-04  +7.1496976620602770e-01  +4.1299363703730985e-01  +4.0528597299516217e-01
q[208]: +2.3216203564174639e-04  +7.2155641174035379e-01  +5.2285970302927365e-01  +8.3393152548649901e-03
q[209]: +4.1534133480754807e-04  +7.4649091913428434e-01  +5.6548915164590752e-01  +4.3419461861895173e-02
q[210]: +6.7322364857961582e-04  +7.1194765859336873e-01  +5.2807211731928638e-01  +1.0813359899062688e-01
q[211]: +9.4424101037574374e-04  +7.1097670039206096e-01  +4.3968188191411001e-01  +2.6899661501368277e-01
q[212]: +5.6055225712928376e-04  +7.1209589344168045e-01  +5.2846032249348396e-01  +4.5309522126741264e-01
q[213]: +1.8925983173848860e-04  +7.0524264427577443e-01  +5.1279327538044295e-01  +5.0509677829233590e-01
q[214]: +4.4589158322841518e-04  +6.7193535517514857e-01  +5.7011914630722871e-01  +4.5307353099989144e-02
q[215]: +6.1637106588071072e-04  +7.3332150949562391e-01  +6.2937989978282538e-01  +1.0784455876342876e-01
q[216]: +8.6643228336854791e-04  +7.2507126416337453e-01  +5.4200166777702530e-01  +1.9222776633430841e-01
q[217]: +9.6004378550336000e-04  +7.3662928960869367e-01  +5.5201223606396976e-01  +2.9163723522205975e-01
q[218]: +8.0294386112863539e-04  +7.2635367787412464e-01  +5.4155790747825217e-01  +3.9146535890104378e-01
q[219]: +3.2441165463172191e-04  +7.3130187938595381e-01  +5.6098280574980197e-01  +5.2873169008904308e-01
q[220]: +1.8590734487410797e-04  +7.1161536972625050e-01  +6.0572508940356118e-01  +8.7282416365644568e-03
q[221]: +3.0671333541920187e-04  +7.2953421595150725e-01  +6.8385559654524686e-01  +4.3820933501723454e-02
q[222]: +7.2451330545946467e-04  +7.3197860690706018e-01  +6.2815173892677467e-01  +1.9571876890169826e-01
q[223]: +7.3654742999541335e-04  +7.3311468847067673e-01  +6.3210805646773205e-01  +2.9426964807647210e-01
q[224]: +5.0040349966405423e-04  +7.4537950556244503e-01  +6.3302749962562321e-01  +3.9246630184923437e-01
q[225]: +6.1170529791023157e-04  +6.9639382914700854e-01  +5.9611403627298698e-01  +4.2094078043117888e-01
q[226]: +5.3020330336270576e-04  +7.2104858241766678e-01  +6.1568754353180077e-01  +5.1326861405190805e-01
q[227]: +3.9411028777898015e-04  +6.9239385336407455e-01  +5.9657863974713832e-01  +5.5636013331178302e-01
q[228]: +1.2724872713566827e-04  +7.1949595602377281e-01  +6.1504302748345674e-01  +6.0891243952669660e-01
q[229]: +1.0878063066578344e-04  +7.1043428475337911e-01  +6.7003369427316672e-01  +8.1261511549920711e-03
q[230]: +1.2894981256532671e-04  +6.6272398161567692e-01  +6.5396026588351430e-01  +4.0689863971045341e-02
q[231]: +4.3138007937318747e-04  +6.8009338187699964e-01  +6.3841069331013245e-01  +1.0468518500450093e-01
q[232]: +4.8228840965821456e-04  +7.4346378754666176e-01  +6.9936545339011691e-01  +1.8836789821535804e-01
q[233]: +5.5144468967386110e-04  +7.2945968612501944e-01  +6.8800227209888809e-01  +2.9295243029122392e-01
q[234]: +5.8514306101846783e-04  +7.1887321339136590e-01  +6.7351165528941415e-01  +4.0179709152852688e-01
q[235]: +4.1303239250306957e-04  +7.2668853807801581e-01  +6.8339467028599732e-01  +5.1605642327252121e-01
q[236]: +2.8668806374525056e-04  +7.0682161928454212e-01  +6.6263043515909503e-01  +5.6841186904280283e-01
q[237]: +2.4829526785500645e-04  +7.4351755769305228e-01  +7.0247229916344200e-01  +6.5845768812721384e-01
q[238]: +1.2854687205130733e-04  +6.9925013653585244e-01  +6.5495081185409187e-01  +6.4561927820534848e-01
q[239]: +5.3641137461460106e-05  +7.1846699312373852e-01  +7.1108461339450546e-01  +8.8339696138965713e-03
q[240]: +1.4502326563720801e-04  +6.9739951742982764e-01  +6.8960045217779087e-01  +9.7049007930217090e-02
q[241]: +2.1023054543203910e-04  +7.0174915074783784e-01  +6.9317080484220994e-01  +1.8102178272089581e-01
q[242]: +2.3530214503676553e-04  +7.1292619249529932e-01  +7.0515687638707947e-01  +2.9038921878894475e-01
q[243]: +2.6643764274574168e-04  +7.0767075605901242e-01  +6.9887999410201151e-01  +3.9891768271889649e-01
q[244]: +2.4339837584836941e-04  +7.0688463820503733e-01  +6.9858858884773378e-01  +5.0539168383407007e-01
q[245]: +1.8954632498316092e-04  +7.0683946038302037e-01  +6.9838035305184720e-01  +5.9828129220321924e-01
q[246]: +1.1229103274816506e-04  +6.9794159252958587e-01  +6.9006908846503057e-01  +6.5384086529054097e-01
q[247]: +3.9239644980614363e-05  +6.9332702953774161e-01  +6.8417722561595895e-01  +6.7909036017036817e-01
q[248]: +6.0048628941752315e-05  +7.9916695515635194e-01  +1.8948817929146392e-02  +9.0267981102762334e-03
q[249]: +8.0182089132203123e-05  +7.9899787413705503e-01  +5.0247714357433415e-02  +4.4171545693113691e-02
q[250]: +1.1884365837368437e-04  +8.1373915980219125e-01  +6.0671132580983902e-02  +9.3357584394872430e-03
q[251]: +2.0119739564398022e-04  +8.2403422407452054e-01  +8.3451814783315259e-02  +4.7946487397847695e-02
q[252]: +1.8503086827766679e-04  +7.9442659701985241e-01  +1.2858636415561620e-01  +9.0871370347269820e-03
q[253]: +3.6738725886887902e-04  +7.9817524211747859e-01  +1.3641537875793905e-01  +4.7496830148870808e-02
q[254]: +3.7955464346372077e-04  +8.0191284086258308e-01  +1.5128125626967479e-01  +1.1357421668687356e-01
q[255]: +1.2093089266420689e-04  +7.8657924765274234e-01  +1.0779266890797844e-01  +1.0150625311307877e-01
q[256]: +1.6037703990876850e-04  +8.2245328150319874e-01  +2.0625228294897494e-01  +9.1402855713055477e-03
q[257]: +3.8964021890130986e-04  +8.3073557830156608e-01  +2.1551269198462794e-01  +4.8962426816633667e-02
q[258]: +4.7573449518333179e-04  +7.9220856925501293e-01  +2.0440473112753682e-01  +1.0986821453544916e-01
q[259]: +3.8087477071143257e-04  +8.0890227992881980e-01  +2.4838501091553622e-01  +2.0565081549627137e-01
q[260]: +1.9722850929137814e-04  +8.0807864247871763e-01  +1.9600081040791054e-01  +1.8822797206884173e-01
q[261]: +2.0533638939151225e-04  +8.0295677771930174e-01  +2.7712828178586740e-01  +8.9758763262464628e-03
q[262]: +5.2037380322489792e-04  +8.1272456633183998e-01  +3.1664057978112287e-01  +4.7292160214313206e-02
q[263]: +7.1686220424177385e-04  +8.1166840419908370e-01  +2.8876618445034358e-01  +1.0855100480709164e-01
q[264]: +7.2600098802763679e-04  +8.0184621460475625e-01  +2.9882418138943201e-01  +1.9384619818980339e-01
q[265]: +3.4698998473250411e-04  +8.1752302959467760e-01  +3.3236192190897645e-01  +2.9325668114304504e-01
q[266]: +2.1988846844469824e-04  +8.0851969100462995e-01  +3.0600058761709620e-01  +2.9786093192400953e-01
q[267]: +2.7006893813270817e-04  +8.1051150287278406e-01  +3.9087802192898419e-01  +9.5330457514549560e-03
q[268]: +5.4706332098983202e-04  +8.1475486960396581e-01  +4.3036741292289432e-01  +4.8509319611521960e-02
q[269]: +7.4631150070457409e-04  +8.1465486727927983e-01  +3.9722157540088804e-01  +1.1188112867097752e-01
q[270]: +7.8852750337449012e-04  +8.1118200537487350e-01  +3.9250854828521836e-01  +1.9878427706838844e-01
q[271]: +7.0054606197156083e-04  +8.1476196011549473e-01  +4.4803970922608199e-01  +2.9819476214688478e-01
q[272]: +5.6241091691798875e-04  +8.1447521507127596e-01  +3.9292674082340351e-01  +3.0664448261243449e-01
q[273]: +4.9305107570573941e-04  +8.1554085429707723e-01  +4.4327683265141610e-01  +4.0102137712100572e-01
q[274]: +2.2420407147147830e-04  +8.1699883298371734e-01  +4.2250556196758027e-01  +4.1399228494189128e-01
q[275]: +8.1790573554139467e-04  +8.1086864836729544e-01  +5.1629262411567856e-01  +1.1127302265845375e-01
q[276]: +5.4443565124934180e-04  +8.2473109304830661e-01  +4.7510174272046013e-01  +1.8655387791693928e-01
q[277]: +6.6202381907400109e-04  +8.3540829091829394e-01  +5.3948352691859480e-01  +4.4003008132522753e-01
q[278]: +4.6599486730524733e-04  +8.2737759107258824e-01  +5.4579779690094543e-01  +4.4666933911224546e-02
q[279]: +3.6035909453979362e-04  +7.9934167435214643e-01  +6.0225403100915587e-01  +7.3055644142495380e-02
q[280]: +6.9522032990839767e-04  +8.2549120840654866e-01  +5.5904393627435023e-01  +2.0064661719243443e-01
q[281]: +8.7277173192407403e-04  +8.1620357520862064e-01  +5.2641598325267014e-01  +2.8274271209267215e-01
q[282]: +5.6001010896492714e-04  +8.1234012229597719e-01  +5.4649330740560842e-01  +3.7532800350359652e-01
q[283]: +4.3612121255307083e-04  +8.1291614279105573e-01  +5.5119288121112187e-01  +5.1256798613192300e-01
q[284]: +1.8883357986979122e-04  +8.0544683185331489e-01  +5.2964392087901546e-01  +5.2264551247820956e-01
q[285]: +2.3466138939751331e-04  +8.1993726732677708e-01  +6.2468945338733806e-01  +1.0644474230369764e-02
q[286]: +3.6899672650263747e-04  +8.6605626354354559e-01  +6.7965771681864162e-01  +5.0265966408197471e-02
q[287]: +7.3267082033246444e-04  +8.1798278202486174e-01  +6.3098863245422976e-01  +1.3916467188636014e-01
q[288]: +7.6534344901139971e-04  +8.2615703707300203e-01  +6.4294873048627876e-01  +2.3805648820607181e-01
q[289]: +8.4933360918438975e-04  +8.3445203709056193e-01  +6.4408137860919779e-01  +3.4026947467284963e-01
q[290]: +7.9221671873500597e-04  +8.2302334562892465e-01  +6.3634234948627166e-01  +4.4074562190961347e-01
q[291]: +7.2479201809522566e-04  +8.1719721970971049e-01  +6.2830360430131815e-01  +5.3184193231375732e-01
q[292]: +3.1601439803259184e-04  +8.2155332019043503e-01  +6.4911564803328847e-01  +6.2004405256823569e-01
q[293]: +8.3433918400538249e-05  +8.0753270637609198e-01  +6.3239181349914919e-01  +6.3095595651891967e-01
q[294]: +1.2912291758533287e-04  +8.1046400136009322e-01  +7.0271442951755048e-01  +6.7619292037545938e-03
q[295]: +4.1297371000803285e-04  +7.9694862910767117e-01  +6.8883613632247243e-01  +4.2797833532369704e-02
q[296]: +5.5351681559632040e-04  +8.3259315663329170e-01  +7.2728832555907152e-01  +1.0953832845945109e-01
q[297]: +7.0601673248930192e-04  +8.3123905593665370e-01  +7.2631474093167869e-01  +2.0756834271542882e-01
q[298]: +7.7190431882840813e-04  +8.2938971262031558e-01  +7.2453477222718754e-01  +3.2454622731111699e-01
q[299]: +6.6692727379493593e-04  +8.1849011145259742e-01  +7.1469643450356801e-01  +4.3864178222818506e-01
q[300]: +7.2844589272773818e-04  +8.1300512318284723e-01  +7.0803769144365625e-01  +5.4729313510862843e-01
q[301]: +4.9939758784461722e-04  +8.1009963681166652e-01  +7.0802229062978139e-01  +6.4065916097411768e-01
q[302]: +2.1522007050388394e-04  +8.0832055779270184e-01  +7.1143146904686994e-01  +6.9572104703919646e-01
q[303]: +1.2129653366122953e-04  +8.1304552318316214e-01  +7.6755886391823680e-01  +9.9949444073775158e-03
q[304]: +2.5486489319165052e-04  +8.4859199425726506e-01  +8.0131508528048123e-01  +4.6623133314287524e-02
q[305]: +3.7049042253658771e-04  +7.9667775366983307e-01  +7.5353207137045752e-01  +1.0339348915861295e-01
q[306]: +3.7974202466390224e-04  +8.3487569333195877e-01  +7.9074248681776005e-01  +1.8515107365225747e-01
q[307]: +5.1356533749652509e-04  +8.2651064843369215e-01  +7.8256384255247291e-01  +2.9601608604654978e-01
q[308]: +5.6234088453052016e-04  +8.1844337461547045e-01  +7.7532723339274234e-01  +4.2066975251021377e-01
q[309]: +5.1428399284181585e-04  +8.1294025159269734e-01  +7.6886282466159495e-01  +5.4102445850204295e-01
q[310]: +4.1314360512613457e-04  +8.1181150195692375e-01  +7.6911498327526640e-01  +6.5480892698190518e-01
q[311]: +1.8914683331105935e-04  +8.3277105766380910e-01  +7.9115928783864975e-01  +7.5307064996717799e-01
q[312]: +7.3816413711678359e-05  +8.0855343333104668e-01  +7.6616102999926927e-01  +7.6126732733262237e-01
q[313]: +5.4868461400402345e-05  +8.3023589074862170e-01  +8.2124741734446538e-01  +9.3069201562333507e-03
q[314]: +1.5078083413896834e-04  +7.8925399457859502e-01  +7.8010385527431381e-01  +4.9363064706493098e-02
q[315]: +1.7769689666474416e-04  +7.9520599292742900e-01  +7.8699663670875497e-01  +1.2851878839223785e-01
q[316]: +2.3238862561981478e-04  +8.0448346158042616e-01  +7.9591690130954684e-01  +2.3096953104238316e-01
q[317]: +2.1692221554558676e-04  +8.1440226857663767e-01  +8.0609436537724466e-01  +3.4706577607995298e-01
q[318]: +1.9543356267584107e-04  +8.0821959911553842e-01  +8.0008345706537221e-01  +4.4783109756297901e-01
q[319]: +2.1067805646806872e-04  +8.1087843921686997e-01  +8.0222931393925401e-01  +5.4799902583929305e-01
q[320]: +2.0051166856034966e-04  +8.1124077317007137e-01  +8.0298044643707567e-01  +6.5038413487715774e-01
q[321]: +1.4391556963615700e-04  +8.1018027108330481e-01  +8.0224881688759020e-01  +7.3641785848441665e-01
q[322]: +6.8455709329400468e-05  +8.0190049934448993e-01  +7.9370060673802267e-01  +7.8089341200454010e-01
q[323]: +3.9225911099343639e-05  +8.9202411154571948e-01  +1.7077385027650480e-02  +8.7140862378973904e-03
q[324]: +8.6243878156409725e-05  +8.9203587546217733e-01  +5.5094341642436068e-02  +4.6972571126696623e-02
q[325]: +3.0883080677325018e-05  +8.9040870097062164e-01  +4.5947967723873571e-02  +1.3254310841552873e-03
q[326]: +1.4121907595854592e-04  +8.9679775888469271e-01  +6.9546209857698507e-02  +2.6443711241979639e-02
q[327]: +1.4170630257976399e-04  +8.8207368679456655e-01  +1.2016073309522113e-01  +1.1132153590735401e-01
q[328]: +1.5126181886004035e-04  +8.8606133103839946e-01  +1.2221783052363361e-01  +9.1543630446285287e-03
q[329]: +3.0948606774496072e-04  +8.9342041462817368e-01  +1.4691197413796103e-01  +4.6971994780029731e-02
q[330]: +4.7331531938970883e-04  +8.7964448069036061e-01  +2.1981696034073167e-01  +1.1948129463151172e-01
q[331]: +2.8762804124717332e-04  +8.9720871575599359e-01  +1.3856050487472069e-01  +9.3320188737835763e-02
q[332]: +1.2661513558679050e-04  +9.0279351800658547e-01  +2.2069608357564910e-01  +5.5257003335280738e-03
q[333]: +2.4955001809771562e-04  +8.9147170097122874e-01  +2.3266951317812889e-01  +3.3936656286805388e-02
q[334]: +4.4662776945253094e-04  +9.0659279015005978e-01  +2.6786062214330675e-01  +9.3941932512997497e-02
q[335]: +4.6043285564286178e-04  +8.9027895996105832e-01  +3.0909800879925287e-01  +2.1184297474254479e-01
q[336]: +3.8879523147735383e-04  +8.8985512395377542e-01  +2.2894126754210373e-01  +1.8763067184754631e-01
q[337]: +1.1620311553377748e-04  +8.9595432096431959e-01  +1.9886341881402159e-01  +1.9135657856863220e-01
q[338]: +1.9166566587978191e-04  +8.8956660137306132e-01  +3.4150423008787739e-01  +7.6688989500894875e-03
q[339]: +3.6990797838061805e-04  +8.9475186831529030e-01  +3.3686862114533822e-01  +3.9949952804329586e-02
q[340]: +6.8566687103040506e-04  +8.8943758422830599e-01  +3.5970125758183624e-01  +1.7861980198758073e-01
q[341]: +5.0738917769698713e-04  +8.9339316469492824e-01  +4.0407702425492664e-01  +2.8845238885329938e-01
q[342]: +4.5067284437482396e-04  +8.9765302053989460e-01  +3.5634979266924632e-01  +3.1063058978628438e-01
q[343]: +1.8169084258817163e-04  +8.9280303043704412e-01  +2.9260323647472958e-01  +2.8384837949208003e-01
q[344]: +2.1335810632128739e-04  +8.9687951043768888e-01  +4.7527109620836344e-01  +8.9185020291150316e-03
q[345]: +4.2399558862296513e-04  +8.9654653129831374e-01  +4.5301224448455862e-01  +4.5055965775358628e-02
q[346]: +6.0567694030687921e-04  +8.9725361340743537e-01  +3.6762876717667481e-01  +1.0113849454205807e-01
q[347]: +7.6910705467860615e-04  +8.9840907964118577e-01  +4.8012655307138302e-01  +1.9426718585600608e-01
q[348]: +7.6878597776078880e-04  +8.9746992497485401e-01  +4.8487244147155362e-01  +2.8824398987745836e-01
q[349]: +3.9379580581128359e-04  +9.0053035370307433e-01  +4.7200110349083241e-01  +4.3248642664106562e-01
q[350]: +1.7645646713309798e-04  +8.9734458351745561e-01  +4.0908024620182504e-01  +4.0149172862619592e-01
q[351]: +2.4449823458204585e-04  +8.2486959613415267e-01  +5.2054206743587705e-01  +8.5724280379708157e-03
q[352]: +6.6970665059836755e-04  +8.9373879786420496e-01  +4.8867091297567294e-01  +1.0921125038226595e-01
q[353]: +6.0668632180710944e-04  +8.9809355632938137e-01  +4.9777458656873569e-01  +3.9712486708876860e-01
q[354]: +1.8409207500403910e-04  +8.9289996112328418e-01  +5.3816275943615843e-01  +5.3043613473107509e-01
q[355]: +1.7268836064073944e-04  +9.0994867716197492e-01  +6.1252489796031373e-01  +7.7556695356947097e-03
q[356]: +3.9656715757677591e-04  +9.0367621003911769e-01  +5.7328706564860876e-01  +4.4468667911618145e-02
q[357]: +6.3039998766712486e-04  +8.9527466056086513e-01  +6.0617011818540367e-01  +1.0786771582362513e-01
q[358]: +7.6540877426528023e-04  +9.0357714171881609e-01  +6.0155056292190257e-01  +1.9655428351316484e-01
q[359]: +8.7008617535835929e-04  +8.9974288280324388e-01  +6.0098976873464993e-01  +3.0207142554344912e-01
q[360]: +8.2447722366490029e-04  +8.9642181637682417e-01  +5.9397870655148000e-01  +4.0661092521806008e-01
q[361]: +5.1551421121609671e-04  +9.1267599694318347e-01  +6.3056008400904373e-01  +5.2528643788915808e-01
q[362]: +4.2213405898472786e-04  +8.9647413397320441e-01  +5.8983716093668426e-01  +5.4562361326892717e-01
q[363]: +1.8928712529364249e-04  +8.9178769299015281e-01  +6.5003170838417268e-01  +6.3989709093621705e-01
q[364]: +1.2326607764409975e-04  +8.9451867610329994e-01  +7.0455418856603824e-01  +7.4400196349292914e-03
q[365]: +2.3848697889379905e-04  +9.1265882033754075e-01  +6.8214239345511607e-01  +3.7711551117733985e-02
q[366]: +4.9071437283564653e-04  +8.9426181552340112e-01  +7.0409535304336102e-01  +1.1017035294443456e-01
q[367]: +7.1512672468118123e-04  +9.0372477257903405e-01  +7.0866485359757769e-01  +2.0339630281633314e-01
q[368]: +7.6658508993520020e-04  +9.0894942183251815e-01  +7.1389050053799907e-01  +3.1645172690865508e-01
q[369]: +7.8485840287997953e-04  +9.0543633921488709e-01  +7.0673382367748827e-01  +4.4065067383603840e-01
q[370]: +6.7525378255906270e-04  +8.9735915760913010e-01  +7.0559299352386773e-01  +5.5062730184422792e-01
q[371]: +4.8770387559004586e-04  +8.9660913124203656e-01  +7.0655383976760111e-01  +6.4493853587472116e-01
q[372]: +1.4203632719221720e-04  +8.9783158672548236e-01  +7.3234748813903428e-01  +7.1938821897640259e-01
q[373]: +9.9603004877713984e-05  +8.9521609128223778e-01  +7.9209618519714764e-01  +7.3303464928380670e-03
q[374]: +2.5042437725268077e-04  +8.9151229545948918e-01  +7.7943623188918099e-01  +3.4994561972243238e-02
q[375]: +3.7745825370585597e-04  +9.1110265370675436e-01  +8.0655484932356847e-01  +8.8311712729085126e-02
q[376]: +5.1431541313160445e-04  +9.0987555945335630e-01  +7.9992991571234406e-01  +1.7749037482148899e-01
q[377]: +6.3750403696768065e-04  +9.0752943311253553e-01  +7.9992680604699273e-01  +2.9451800502355191e-01
q[378]: +5.8285989071528129e-04  +9.0643074976860083e-01  +7.9350049280690793e-01  +4.1913172976228730e-01
q[379]: +3.1319155817587145e-04  +8.8421613233259166e-01  +7.7533403961477343e-01  +4.8015765826274431e-01
q[380]: +5.7747974167365705e-04  +8.9954052674159746e-01  +7.9068378090129754e-01  +5.7177416544730342e-01
q[381]: +5.2979285175110418e-04  +8.9410231121467088e-01  +7.8596411040957515e-01  +6.7461738190675691e-01
q[382]: +2.9565435874556609e-04  +8.9898542850807328e-01  +7.9933009858408810e-01  +7.6386363533718871e-01
q[383]: +5.2998152128001944e-05  +8.8273903687686583e-01  +7.7960813486386082e-01  +7.7917040343270527e-01
q[384]: +6.2497777642681255e-05  +9.0151548460526865e-01  +8.5956510328932578e-01  +5.9322657879681100e-03
q[385]: +2.9460569724149016e-04  +8.9496106694719257e-01  +8.5228213670012010e-01  +1.0739028275046947e-01
q[386]: +2.9692053760420220e-04  +9.0534611920987262e-01  +8.5718397604852969e-01  +1.9379821680750256e-01
q[387]: +3.7027229189949215e-04  +9.0324163611910380e-01  +8.6024263390489286e-01  +2.9513327600552192e-01
q[388]: +4.7423868441023702e-04  +9.0046429591636079e-01  +8.5218962190567937e-01  +4.1604726310505724e-01
q[389]: +4.8239459380133122e-04  +8.9686854374567759e-01  +8.5191820704196686e-01  +5.4819388420529158e-01
q[390]: +4.3064196766256450e-04  +8.9122288289919915e-01  +8.4501538066232351e-01  +6.6790594127721559e-01
q[391]: +2.7397399537586978e-04  +8.9357037981206611e-01  +8.4970641749978759e-01  +7.7195718522696433e-01
q[392]: +1.1187215717381577e-04  +8.9977768131470703e-01  +8.5812674479741946e-01  +8.4571520688211721e-01
q[393]: +2.9063433546528311e-05  +9.1934744437282157e-01  +9.1222228285717899e-01  +8.0176395405222676e-03
q[394]: +9.3037514839201596e-05  +8.9103980580954134e-01  +8.8230592781945993e-01  +4.3606969933118987e-02
q[395]: +1.2858556031051296e-04  +8.7794514495427689e-01  +8.6979000857866529e-01  +1.0512015006617191e-01
q[396]: +1.8570244681490370e-04  +8.8840698975596688e-01  +8.7930856101700294e-01  +1.9679849526312901e-01
q[397]: +1.8417013196981915e-04  +8.9448488865171139e-01  +8.8640127705907246e-01  +3.1040888160329644e-01
q[398]: +2.0763499581111784e-04  +8.9561797816250610e-01  +8.8586074699726880e-01  +4.3014416201343197e-01
q[399]: +1.8873530855258668e-04  +8.9430310265962198e-01  +8.8599404475538057e-01  +5.4514883141938208e-01
q[400]: +1.9291254581908931e-04  +8.9508066072613102e-01  +8.8604119921310842e-01  +6.6335888808450671e-01
q[401]: +1.5833391907376903e-04  +8.9772981747385561e-01  +8.8913744827054697e-01  +7.7393795792230180e-01
q[402]: +8.9073901018326524e-05  +8.9344448906133977e-01  +8.8510392140325034e-01  +8.4916841483982741e-01
q[403]: +1.8446482304125578e-05  +8.9141041701999679e-01  +8.8385545327847304e-01  +8.8178521693463818e-01
q[404]: +3.3461815950107106e-05  +9.5798142813572484e-01  +2.0658555980129421e-02  +8.9074224928655521e-03
q[405]: +2.2075922901045409e-05  +9.5605246724901072e-01  +4.2718116570655780e-02  +4.0355766219800512e-02
q[406]: +6.3606132120133668e-05  +9.5231802975399216e-01  +6.6559785036432298e-02  +7.3478026169808853e-03
q[407]: +1.1937622958689735e-04  +9.5413956682294587e-01  +7.8228696236595258e-02  +4.4786970032376819e-02
q[408]: +8.5412027549576093e-05  +9.5305484476614177e-01  +1.0372417111552068e-01  +9.4037674746554889e-02
q[409]: +8.3794539620454770e-05  +9.4969919054476770e-01  +1.4255959830043391e-01  +7.7145110503859240e-03
q[410]: +1.4388549449975008e-04  +9.5968353629746339e-01  +1.3041298365529025e-01  +3.6308079040525187e-02
q[411]: +2.4857072850546964e-04  +9.5495708546247071e-01  +1.9867174874953067e-01  +8.3939356416453587e-02
q[412]: +1.7837483398614541e-04  +9.5614587526018890e-01  +1.5678006727900828e-01  +1.0435617327567694e-01
q[413]: +9.4704883740417143e-05  +9.5362502149356887e-01  +1.7614159125253481e-01  +1.6744800617416486e-01
q[414]: +7.0703815843446352e-05  +9.7269621962771846e-01  +2.1694025614416151e-01  +7.0239217369740771e-03
q[415]: +2.1653107914768960e-04  +9.4616306810251949e-01  +2.2057911516402753e-01  +3.6932878162321166e-02
q[416]: +3.5567236895849935e-04  +9.6501014708748245e-01  +3.1169943313046128e-01  +1.0810207290612171e-01
q[417]: +3.7917240874609908e-04  +9.5045225433731317e-01  +2.7112692672843614e-01  +1.6515479141645883e-01
q[418]: +2.0849174571314140e-04  +9.5547566253613425e-01  +2.2172560510294331e-01  +1.8074636404018632e-01
q[419]: +1.4696170439789448e-04  +9.5387093609399387e-01  +3.0853460192787657e-01  +1.0416402839847129e-02
q[420]: +2.6412787347274808e-04  +9.5624416533455181e-01  +3.2521339440398678e-01  +5.1658292489397947e-02
q[421]: +3.3902661055276674e-04  +9.5668087151176029e-01  +4.2740526480483298e-01  +8.8315138732601384e-02
q[422]: +3.2859881714598021e-04  +9.5114575671218393e-01  +3.6740086562703134e-01  +1.8810043829223830e-01
q[423]: +3.2570121621830657e-04  +9.5582679140705862e-01  +3.4456390419972843e-01  +2.6362471794034309e-01
q[424]: +2.2074589756983785e-04  +9.5430623383778512e-01  +3.0729984450060893e-01  +2.8006903579523984e-01
q[425]: +5.2819597001286531e-05  +9.5793861369561339e-01  +2.6841439304555420e-01  +2.6605144475418019e-01
q[426]: +7.7198824680565104e-05  +9.5457545223647433e-01  +4.2712047289485366e-01  +3.5808856968644583e-03
q[427]: +2.5941770008118076e-04  +9.5610604018046896e-01  +4.3271286456551367e-01  +3.0871872577814381e-02
q[428]: +4.9048480057399275e-04  +9.5517865353115272e-01  +4.4221255765459316e-01  +1.6300172964875334e-01
q[429]: +4.3791871052658145e-04  +9.5739372885342755e-01  +4.3759162536150675e-01  +2.6184844499083076e-01
q[430]: +3.5341813086703019e-04  +9.5555201258570788e-01  +4.4479793948176100e-01  +3.4166974503599074e-01
q[431]: +3.0257191413958972e-04  +9.6024046103744565e-01  +4.4815573759663663e-01  +4.0514271063780116e-01
q[432]: +1.2121582591569986e-04  +9.5705093752061388e-01  +3.9415962069636784e-01  +3.8634376717474900e-01
q[433]: +1.2545310084680568e-04  +9.5849017331124997e-01  +5.5917854792034005e-01  +8.6548021550506646e-03
q[434]: +2.4658777767435475e-04  +9.6017976304127683e-01  +5.5942205666572931e-01  +4.1064646527810132e-02
q[435]: +3.6011867156480017e-04  +9.5486309501840649e-01  +5.3017131766902670e-01  +9.3622490176250905e-02
q[436]: +5.3403640890542405e-04  +9.5823435406788249e-01  +5.6914249638451186e-01  +1.7694181195955683e-01
q[437]: +6.0090765045726620e-04  +9.5816304897199667e-01  +5.5133694931740262e-01  +2.7217595371768305e-01
q[438]: +5.2689742186682882e-04  +9.5655190489960240e-01  +5.5575945178675712e-01  +3.7627297519626751e-01
q[439]: +3.8895169025907669e-04  +9.5677119459421256e-01  +5.6130994910135734e-01  +4.6360998362346556e-01
q[440]: +2.6789368987258560e-04  +9.5800708508654275e-01  +5.8034388721000119e-01  +5.3943490327134325e-01
q[441]: +1.3910561794320932e-04  +9.5513745567929287e-01  +5.2561189291719190e-01  +5.1734057528497213e-01
q[442]: +1.2723181496479880e-04  +9.6938503164054790e-01  +6.9024202994524542e-01  +1.0377300217611759e-02
q[443]: +2.5539655550586843e-04  +9.5995088491876501e-01  +6.7942582040234056e-01  +5.0293361695705426e-02
q[444]: +3.7641391622528729e-04  +9.5685475730284930e-01  +6.4268446797495560e-01  +1.0687372738366062e-01
q[445]: +4.5282573907883889e-04  +9.6045668328833689e-01  +6.9850481982947255e-01  +1.8231516926663269e-01
q[446]: +5.6651299105456808e-04  +9.5983956914676827e-01  +6.7416314173239644e-01  +2.7971392639905673e-01
q[447]: +5.7337734443048882e-04  +9.5805629650642243e-01  +6.6800992374703239e-01  +3.8900955005642052e-01
q[448]: +4.6792619517738984e-04  +9.5847538713547842e-01  +6.7211697740308196e-01  +4.9379945345911663e-01
q[449]: +3.0546646108842710e-04  +9.6749991623721410e-01  +6.8323060087108511e-01  +5.8554072934622448e-01
q[450]: +2.5955246383140528e-04  +9.5481495988037735e-01  +6.9739213511054665e-01  +6.5644091197607457e-01
q[451]: +1.2429504050332567e-04  +9.5544833857883427e-01  +6.5699478155372937e-01  +6.4945956175019504e-01
q[452]: +7.4301033054004106e-05  +9.5063665087789073e-01  +7.6905521578170544e-01  +5.5083186569448101e-03
q[453]: +2.3804808577936170e-04  +9.5365529153076400e-01  +7.8575841338466634e-01  +3.7769557014477241e-02
q[454]: +4.0929557622683134e-04  +9.5213896737220105e-01  +7.5607716512281575e-01  +1.0322438665373856e-01
q[455]: +3.6888109577022730e-04  +9.6148923291091770e-01  +7.9492927434842997e-01  +1.9921723354539939e-01
q[456]: +4.7459957357088071e-04  +9.6366523961968198e-01  +7.8528092613111089e-01  +3.0321384023504239e-01
q[457]: +5.4112915669499953e-04  +9.6152686936489806e-01  +7.7695669851097349e-01  +4.2486657782410142e-01
q[458]: +5.1026598969301708e-04  +9.5910363322600645e-01  +7.7330460932703049e-01  +5.5073032830683821e-01
q[459]: +4.2231811703040520e-04  +9.5615606344849025e-01  +7.7495460900031876e-01  +6.5846726793410282e-01
q[460]: +2.1109375308235283e-04  +9.5708538705553148e-01  +7.9383198298433544e-01  +7.5037819552436102e-01
q[461]: +9.8590472238519112e-05  +9.5511884346416442e-01  +7.7422792936395024e-01  +7.6717062544814463e-01
q[462]: +7.9772891634581240e-05  +9.5945571704912336e-01  +8.6517451449206206e-01  +8.3366427684369044e-03
q[463]: +1.2521383778494981e-04  +9.5828810570786960e-01  +8.7277702046229721e-01  +4.0409368828396901e-02
q[464]: +2.1571084026766364e-04  +9.6850394870737222e-01  +8.5840872677577695e-01  +9.4441066328575324e-02
q[465]: +2.5207487916688808e-04  +9.6402535063707551e-01  +8.6591616053428788e-01  +1.6691660920003940e-01
q[466]: +3.5681391273500578e-04  +9.6174442310753683e-01  +8.6969091424413947e-01  +2.8303644722330668e-01
q[467]: +4.3675486699726177e-04  +9.6111082518652025e-01  +8.6398977421581491e-01  +4.0975506797028921e-01
q[468]: +4.8035478217010457e-04  +9.5638242881228119e-01  +8.5343917071421260e-01  +5.4484482832070513e-01
q[469]: +3.9614241663710295e-04  +9.5679736507449276e-01  +8.5562687611440325e-01  +6.7499519413107478e-01
q[470]: +2.6263989485734036e-04  +9.5616279455083109e-01  +8.6012310748947052e-01  +7.7730338471118388e-01
q[471]: +7.5814561405916875e-05  +9.6885679297351079e-01  +8.7445157306912058e-01  +8.4565871834734918e-01
q[472]: +7.8791281192462528e-05  +9.5229006022621365e-01  +8.6234951513877200e-01  +8.5392590465961793e-01
q[473]: +4.5830459330251270e-05  +9.6814346516070748e-01  +9.3696194222506257e-01  +8.3462223786849223e-03
q[474]: +1.2545632490905805e-04  +9.2110877549950299e-01  +8.7793454361558809e-01  +3.3524467063578887e-02
q[475]: +1.3682782248163782e-04  +9.5464345238186277e-01  +9.1287742307106912e-01  +7.0482121325829317e-02
q[476]: +1.9734817408864681e-04  +9.5774550297246863e-01  +9.1494558263581294e-01  +1.4344238105215010e-01
q[477]: +2.3024916032873146e-04  +9.5864217338741597e-01  +9.1800646389729423e-01  +2.4643267796286489e-01
q[478]: +2.9385826763531834e-04  +9.5833778763629118e-01  +9.2241139011828854e-01  +3.8364618060485584e-01
q[479]: +3.1637708825762463e-04  +9.5745865473236780e-01  +9.1537735249516561e-01  +5.2475084398374927e-01
q[480]: +3.0971926615653661e-04  +9.5605561614336465e-01  +9.1403281981754414e-01  +6.6275104351119785e-01
q[481]: +2.4605949431907604e-04  +9.5301373148652235e-01  +9.1182065101156151e-01  +7.7871113791183300e-01
q[482]: +1.4914850876773867e-04  +9.5352252586359521e-01  +9.1424187627773901e-01  +8.6860404329551011e-01
q[483]: +3.1420942394431853e-05  +9.6031232043073178e-01  +9.2883882572693821e-01  +9.2337449480519296e-01
q[484]: +6.1605189000487426e-06  +9.7934711595369550e-01  +9.7782227619625206e-01  +5.6045643239316986e-03
q[485]: +5.3217009453540763e-05  +9.6146458212429764e-01  +9.5289454866334211e-01  +3.9116673157828165e-02
q[486]: +8.6505893085394632e-05  +9.4858850303029718e-01  +9.4068214943922279e-01  +1.0125193145735345e-01
q[487]: +1.0547389584821751e-04  +9.5155984665781379e-01  +9.4328313899509120e-01  +1.8524406671704122e-01
q[488]: +1.1690549906595494e-04  +9.5647862610112688e-01  +9.4826294375448372e-01  +2.9129972729100434e-01
q[489]: +7.8469610883120629e-05  +9.5536200022851892e-01  +9.5027616432901219e-01  +4.0640490559150583e-01
q[490]: +1.1844495500742817e-04  +9.5659953598471759e-01  +9.4806863378220718e-01  +5.1259660208350821e-01
q[491]: +1.2794496207535976e-04  +9.5653614484007587e-01  +9.4865813200576943e-01  +6.3562079620798151e-01
q[492]: +1.0828862490105772e-04  +9.5505933874960713e-01  +9.4716562921597380e-01  +7.5686234321372936e-01
q[493]: +4.9332494580409879e-05  +9.7132729692179220e-01  +9.6415822158533548e-01  +8.5454119264210360e-01
q[494]: +5.6959542096122651e-05  +9.5103914460150774e-01  +9.4331633424273509e-01  +8.7664656944650743e-01
q[495]: +2.8760700531806648e-05  +9.5751473471570203e-01  +9.5145858674657779e-01  +9.3709251427063833e-01
q[496]: +4.9894018445585280e-06  +9.9327866159379297e-01  +1.0580199760495186e-02  +6.9094115641720613e-03
q[497]: +3.4548172203203210e-05  +9.9125076497489606e-01  +5.5890115496576229e-02  +4.4668429047752770e-02
q[498]: +2.9940453776971197e-05  +9.9112648777436629e-01  +4.8221092003002584e-02  +9.6556796097088116e-03
q[499]: +6.9098700862359246e-05  +9.9113893376645057e-01  +1.0696689012122595e-01  +4.8558510225832456e-02
q[500]: +3.4065341884017251e-05  +9.9119939841867299e-01  +1.2135128764180771e-01  +1.1473628353200714e-01
q[501]: +4.6036119671982777e-05  +9.9041331991506554e-01  +1.1808854847464853e-01  +8.2300132577107013e-03
q[502]: +4.6325617340950842e-05  +9.9478089500377975e-01  +1.6165962263464559e-01  +4.4411357903798840e-02
q[503]: +1.6141527960552210e-04  +9.9116667047376739e-01  +2.2487729978258764e-01  +1.1246203754356919e-01
q[504]: +8.6330115951676478e-05  +9.9110149293046590e-01  +1.4924603798682526e-01  +1.0984430938791225e-01
q[505]: +6.7559999235339730e-05  +9.9117815907463125e-01  +2.2109139007615664e-01  +2.1016018826984212e-01
q[506]: +3.0527677312726244e-05  +9.9666796350919695e-01  +2.2246989570478565e-01  +9.6400139091470174e-03
q[507]: +1.2497080174703526e-04  +9.8684058855684664e-01  +2.2220319428282867e-01  +4.3679773999567593e-02
q[508]: +9.8337187611952792e-05  +9.9507509392575832e-01  +3.0589275248394560e-01  +8.8842465061279879e-02
q[509]: +1.8391962588561829e-04  +9.8958397554146293e-01  +3.3264652745170781e-01  +2.0760662418711900e-01
q[510]: +1.2729646950687895e-04  +9.9171748752818023e-01  +2.5036010698392236e-01  +1.9402141793244951e-01
q[511]: +5.1000473309886672e-05  +9.9112404190772962e-01  +3.4464278419513139e-01  +6.3935493713779511e-03
q[512]: +1.2314617831357132e-04  +9.9102084225610254e-01  +3.3099769891221487e-01  +3.7873115318250494e-02
q[513]: +2.0885289751304672e-04  +9.9140702950444348e-01  +4.2809053853181611e-01  +1.0677477875996420e-01
q[514]: +1.5235409077193893e-04  +9.9234977985702055e-01  +3.6154993556747594e-01  +1.6566463309797191e-01
q[515]: +1.2188569297157811e-04  +9.9265311066226869e-01  +3.9523830342723093e-01  +2.9566692669995692e-01
q[516]: +1.2699904062148467e-04  +9.9067177234520265e-01  +3.4570368082159975e-01  +3.0369513901275103e-01
q[517]: +5.2001885524572004e-05  +9.9220669967474662e-01  +3.3869365527139023e-01  +3.3091403936197283e-01
q[518]: +6.9437597476213625e-05  +9.9142186329971715e-01  +4.7408182885385552e-01  +1.0017655238500291e-02
q[519]: +1.2809625412265547e-04  +9.9188091926514599e-01  +4.5331162404160191e-01  +4.5433202419962834e-02
q[520]: +2.3008182335572687e-04  +9.9097986491913059e-01  +4.7199104912760792e-01  +2.0435852532577028e-01
q[521]: +2.1832803918363171e-04  +9.9192474293066757e-01  +4.7675203085163409e-01  +2.9142100895207695e-01
q[522]: +1.7572329973968546e-04  +9.9082769473434595e-01  +4.9511625537421705e-01  +3.8795652551227489e-01
q[523]: +1.0162591204261899e-04  +9.9317982318435771e-01  +4.6265423659970367e-01  +4.1823293414030149e-01
q[524]: +6.5399523803528114e-05  +9.9128042529904759e-01  +4.6848495159513276e-01  +4.5947655279470145e-01
q[525]: +2.2706755581438541e-05  +9.9173132076328507e-01  +5.9605458770762176e-01  +1.0189734694682701e-03
q[526]: +1.1127400038268980e-04  +9.9267741073487392e-01  +5.9769872946151070e-01  +3.0203869109074476e-02
q[527]: +1.8551463747392623e-04  +9.9132260162498353e-01  +5.5935380724771244e-01  +8.5266629466671268e-02
q[528]: +2.1439448704782836e-04  +9.9192218320970227e-01  +5.5535935189027430e-01  +1.6190326632769145e-01
q[529]: +2.4547083751160159e-04  +9.9234300836579481e-01  +5.9799695430364219e-01  +2.7326672358416737e-01
q[530]: +2.4869515698300705e-04  +9.9169976387010739e-01  +5.9636488692505196e-01  +3.7586324218197786e-01
q[531]: +1.9332891161416869e-04  +9.9179616059392339e-01  +6.0124086534214194e-01  +4.7252000870938582e-01
q[532]: +1.4716409600504663e-04  +9.9181947629804279e-01  +5.8174803577267875e-01  +5.3016028970660356e-01
q[533]: +6.5446962051716310e-05  +9.9148109151683972e-01  +5.9447048853996998e-01  +5.8485836921461654e-01
q[534]: +3.3543271505591285e-05  +9.9657547406200608e-01  +7.1743939981930327e-01  +1.0177979301395907e-02
q[535]: +1.0147008899251198e-04  +9.9166929529079084e-01  +7.0954764311545737e-01  +4.8873608466499241e-02
q[536]: +1.7906127444432436e-04  +9.9209686117167473e-01  +6.8076512244235077e-01  +1.0380075051596305e-01
q[537]: +2.1216368965733617e-04  +9.9189227838277738e-01  +6.7034171185798452e-01  +1.8711091661439475e-01
q[538]: +2.0770916915602937e-04  +9.9212287064833427e-01  +7.0520162071406511e-01  +2.8861100691272190e-01
q[539]: +2.4881566966977753e-04  +9.9189046426448602e-01  +7.0875437868802948e-01  +4.0309373527515530e-01
q[540]: +2.2534089851753813e-04  +9.9214620156506916e-01  +7.0916041260591522e-01  +5.1418899721380384e-01
q[541]: +1.3514854990202783e-04  +9.9407949352537939e-01  +7.0039593643176135e-01  +6.0636867344197998e-01
q[542]: +1.1492859158156667e-04  +9.9144761064261433e-01  +7.0106167151085319e-01  +6.7003361810201256e-01
q[543]: +1.9811308992027495e-05  +9.9150717236389696e-01  +7.0780314517411291e-01  +7.0698779114175958e-01
q[544]: +6.2188289279942673e-05  +9.9019014459738253e-01  +8.1756768682158409e-01  +9.8161020634085928e-03
q[545]: +1.2795709351618310e-04  +9.9110293863389165e-01  +8.0149704815108946e-01  +5.4115045043527515e-02
q[546]: +2.0406415633030621e-04  +9.9051074649599158e-01  +7.9309771552040398e-01  +1.2886623861337002e-01
q[547]: +8.6310867068678377e-05  +9.9410262836466201e-01  +7.6966698542923162e-01  +1.9469913851389042e-01
q[548]: +1.6611428081613402e-04  +9.9298530998532808e-01  +7.9936149843800475e-01  +2.5652772559987724e-01
q[549]: +2.0964710003326564e-04  +9.9307053284385505e-01  +8.0001135206134821e-01  +3.7851264973194987e-01
q[550]: +2.4106795435822168e-04  +9.9222223347807725e-01  +8.0832149343709425e-01  +5.2179013290990706e-01
q[551]: +2.0039787887414219e-04  +9.9199417509069687e-01  +7.9973775907765654e-01  +6.4219722508063037e-01
q[552]: +1.5188293838222495e-04  +9.9141774082966383e-01  +8.0312728192245764e-01  +7.3427281160646884e-01
q[553]: +6.8888560385270300e-05  +9.9115548022071354e-01  +7.9841934030429396e-01  +7.8480483852726202e-01
q[554]: +2.3066372881356867e-05  +9.9365869692930398e-01  +9.1038620352832189e-01  +6.3302080312496673e-03
q[555]: +7.8156111734220849e-05  +9.9230693686786564e-01  +8.8903968586351811e-01  +4.1427171815610377e-02
q[556]: +8.8865549081525172e-05  +9.9547686517040457e-01  +8.8557243174550226e-01  +1.1373626521362330e-01
q[557]: +1.7024648979808659e-04  +9.9274323049479052e-01  +8.8084560011015423e-01  +2.1434377259784151e-01
q[558]: +1.8527461984674300e-04  +9.9289031926312910e-01  +8.8309308571715484e-01  +3.4061300155948188e-01
q[559]: +1.9435257352014035e-04  +9.9224601714929561e-01  +8.8016245208633848e-01  +4.7642345909343992e-01
q[560]: +1.3940439902321571e-04  +9.9126834225644267e-01  +9.0388324888746452e-01  +5.9757738592798593e-01
q[561]: +1.5901026378765175e-04  +9.9169533628091688e-01  +8.7618431709265199e-01  +6.5723009788098607e-01
q[562]: +1.5616913968312865e-04  +9.9143806326267458e-01  +8.8756049309788720e-01  +7.7130722512314231e-01
q[563]: +6.9843021174571972e-05  +9.9342223111515859e-01  +8.8359596034730414e-01  +8.4640946168532982e-01
q[564]: +2.1083358794297175e-05  +9.9158391281336000e-01  +8.8227483194091905e-01  +8.7962175127340325e-01
q[565]: +4.6022466708933807e-06  +9.9868852150431731e-01  +9.7647200603954321e-01  +2.9051330116077853e-03
q[566]: +5.2344812821349214e-05  +9.9033231091894525e-01  +9.5082299796194025e-01  +3.3899251173414947e-02
q[567]: +8.5106649920423368e-05  +9.9143087729640333e-01  +9.4563681140644473e-01  +9.4754546906032203e-02
q[568]: +1.0833566907787668e-04  +9.9214723186016152e-01  +9.4660509017928374e-01  +1.8605012215936284e-01
q[569]: +1.3062166257502177e-04  +9.9193889408143365e-01  +9.4680136865441988e-01  +3.0058282835713651e-01
q[570]: +1.2097473326059468e-04  +9.9221643684451488e-01  +9.4446094663196023e-01  +4.2450368257717380e-01
q[571]: +1.0175997941127955e-04  +9.9182655188252411e-01  +9.4632903256277734e-01  +5.2569770601374421e-01
q[572]: +1.0678759058010112e-04  +9.9169771323652578e-01  +9.5634563595670619e-01  +6.4212117348457354e-01
q[573]: +1.2403500643586786e-04  +9.9162803593152482e-01  +9.4210664401741551e-01  +7.4649560090155953e-01
q[574]: +6.8296211830765668e-05  +9.9027007229424380e-01  +9.5669462101348246e-01  +8.4158294793290300e-01
q[575]: +6.7128007738348643e-05  +9.9144556703104181e-01  +9.4146108443774301e-01  +8.7870662699144286e-01
q[576]: +3.5359377897538340e-05  +9.9177331517927936e-01  +9.4784063856629508e-01  +9.3490113948837550e-01
q[577]: +1.1067527944469855e-05  +9.9557828216504851e-01  +9.8889252531976946e-01  +3.0426928936057737e-02
q[578]: +3.8685848301575740e-05  +9.9055704028864711e-01  +9.8186887307760151e-01  +8.9201080710170022e-02
q[579]: +5.1826211274921408e-05  +9.9026580204077008e-01  +9.8147664698227832e-01  +1.7161672920649521e-01
q[580]: +5.3365295571930912e-05  +9.9169922521259768e-01  +9.8333672749283330e-01  +2.7603763298228012e-01
q[581]: +6.6819647019800528e-05  +9.9151725751335706e-01  +9.8236455323049543e-01  +4.0110425873214250e-01
q[582]: +6.3949011188833152e-05  +9.9158089742716604e-01  +9.8266596988651556e-01  +5.3370685873929125e-01
q[583]: +3.9574481867033570e-05  +9.9192421238879247e-01  +9.8579981884609635e-01  +6.5970902655783170e-01
q[584]: +5.8224807329514239e-05  +9.9095044452859793e-01  +9.8148546267617909e-01  +7.6768033943269731e-01
q[585]: +1.6652574812918420e-05  +9.9672685004351125e-01  +9.9086129510540144e-01  +8.7351264600855438e-01
q[586]: +3.3089622191174424e-05  +9.9079739136892109e-01  +9.8107959707871317e-01  +9.3932801315172954e-01
q[587]: +5.2788015926393507e-06  +9.9358016381306935e-01  +9.8672232602453491e-01  +9.8266200127343351e-01

