Gauss-Jacobi alf=2.000000 bet=2.000000 weights/abscissas
deg: 17
dim: 1
nodes: 9
1.416515243809500556e-04 4.950218000739205204e-02
1.198913404670040117e-03 1.292731899961326036e-01
3.859419195154234570e-03 2.364511567689511762e-01
7.136621069542823000e-03 3.631541658315138865e-01
8.660122945837232453e-03 5.000000000000000000e-01
7.136621069542832541e-03 6.368458341684861690e-01
3.859419195154241509e-03 7.635488432310487683e-01
1.198913404670040985e-03 8.707268100038674241e-01
1.416515243809497032e-04 9.504978199926079618e-01
