Gauss-Jacobi alf=2.000000 bet=1.000000 weights/abscissas
deg: 21
dim: 1
nodes: 11
7.186870391906530003e-05 3.862462492472614611e-02
6.947021624091970432e-04 1.014923198792754971e-01
2.730984346025083689e-03 1.873219533104265033e-01
6.666560266220884073e-03 2.911766674690693391e-01
1.175446704392639659e-02 4.070313781791791152e-01
1.598127576255472040e-02 5.281564268528237127e-01
1.716303568102834839e-02 6.475138179041031172e-01
1.447044913741829704e-02 7.581674793227419773e-01
9.171370292397442933e-03 8.536866383733603403e-01
3.877842107458974712e-03 9.285191053787514859e-01
7.507778299748781026e-04 9.783095884055428293e-01
