Gauss-Jacobi alf=0.000000 bet=3.000000 weights/abscissas
deg: 17
dim: 1
nodes: 9
2.986213054126758693e-02 1.211791843020410334e-02
5.735611285474340876e-02 6.276994745384338603e-02
6.321442627292452043e-02 1.495862686113878237e-01
5.054288568963522660e-02 2.655576231534597098e-01
3.048457641096420992e-02 4.012969641996321224e-01
1.358763130620250018e-02 5.458194775632704276e-01
4.161803867366775135e-03 6.874428901777250855e-01
7.413998070346871326e-04 8.147668171800470649e-01
4.903324986111166222e-05 9.177849503732873337e-01
