Gauss-Jacobi alf=1.000000 bet=1.000000 weights/abscissas
deg: 23
dim: 1
nodes: 12
6.560472883363565157e-04 2.003247736636954573e-02
3.598466530995091898e-03 6.609947308482636008e-02
9.376291683452421533e-03 1.355657004543369404e-01
1.696926623555736896e-02 2.246802985356764482e-01
2.417346728267896067e-02 3.286379933286435739e-01
2.855979431231318172e-02 4.418340655581480259e-01
2.855979431231315049e-02 5.581659344418519186e-01
2.417346728267894679e-02 6.713620066713563705e-01
1.696926623555731692e-02 7.753197014643234963e-01
9.376291683452421533e-03 8.644342995456630874e-01
3.598466530995087127e-03 9.339005269151736677e-01
6.560472883363565157e-04 9.799675226336304057e-01
