Gauss-Jacobi alf=3.000000 bet=3.000000 weights/abscissas
deg: 21
dim: 1
nodes: 11
5.096573027112865583e-06 4.829792980648543732e-02
6.835086696705478177e-05 1.106077107610119320e-01
3.247391023967869544e-04 1.908827135752635684e-01
8.528510535410749587e-04 2.855451621023407660e-01
1.455922374842562924e-03 3.902103381047698494e-01
1.728937201307970128e-03 5.000000000000000000e-01
1.455922374842566177e-03 6.097896618952300951e-01
8.528510535410753924e-04 7.144548378976591785e-01
3.247391023967863581e-04 8.091172864247364593e-01
6.835086696705467335e-05 8.893922892389880541e-01
5.096573027112870665e-06 9.517020701935146043e-01
