Gauss-Jacobi alf=1.000000 bet=1.000000 weights/abscissas
deg: 21
dim: 1
nodes: 11
8.869424994544306603e-04 2.334507667891804958e-02
4.786725706476536481e-03 7.682621767406383473e-02
1.214698639670878412e-02 1.569057654591212991e-01
2.116054071048327490e-02 2.585450894543319111e-01
2.860645993686983246e-02 3.753565349468799828e-01
3.149135616668083393e-02 5.000000000000000000e-01
2.860645993686978389e-02 6.246434650531200727e-01
2.116054071048331653e-02 7.414549105456681444e-01
1.214698639670876504e-02 8.430942345408787286e-01
4.786725706476540818e-03 9.231737823259361653e-01
8.869424994544300098e-04 9.766549233210819470e-01
