Gauss-Jacobi alf=3.000000 bet=0.000000 weights/abscissas
deg: 21
dim: 1
nodes: 11
1.333439117173264117e-05 5.924745092086645959e-02
2.132048035177992404e-04 1.349552289653162540e-01
1.294981295825943773e-03 2.311846708592370514e-01
4.697951079907613202e-03 3.425606842175704103e-01
1.209869700086585974e-02 4.626612691751785245e-01
2.404045380838457438e-02 5.845244135880909297e-01
3.845315432065166822e-02 7.010756799038695419e-01
5.035336696849776472e-02 8.055455588780783271e-01
5.353886017762603255e-02 8.918652142125353954e-01
4.375115674322350295e-02 9.550211507215145001e-01
2.154483941032750427e-02 9.913586785577425120e-01
