Gauss-Jacobi alf=3.000000 bet=3.000000 weights/abscissas
deg: 19
dim: 1
nodes: 10
8.784634144947261415e-06 5.570072033339222572e-02
1.120676119629400761e-04 1.271303065919917596e-01
4.957502403695348116e-04 2.183800551275315582e-01
1.181681875270146689e-03 3.247353251162399257e-01
1.773144209681006651e-03 4.405118313152177056e-01
1.773144209681007952e-03 5.594881686847822388e-01
1.181681875270147123e-03 6.752646748837600743e-01
4.957502403695352453e-04 7.816199448724684418e-01
1.120676119629399270e-04 8.728696934080082404e-01
8.784634144947252944e-06 9.442992796666077604e-01
