Gauss-Jacobi alf=3.000000 bet=2.000000 weights/abscissas
deg: 21
dim: 1
nodes: 11
6.850539007067309085e-06 5.146604365291593958e-02
9.661353863575084780e-05 1.176744227491335337e-01
4.922875781693640540e-04 2.026320005060568974e-01
1.416718044429527952e-03 3.022660899141048074e-01
2.714427855613440500e-03 4.116243179458882184e-01
3.718358420112988835e-03 5.252384725106350460e-01
3.730563264811772445e-03 6.374186201530931406e-01
2.708318723287873094e-03 7.425440699080978479e-01
1.343730420430891935e-03 8.353481361993480014e-01
3.939319374764830867e-04 9.111874252323165502e-01
4.486634469151181098e-05 9.663041049321137166e-01
