Gauss-Jacobi alf=2.000000 bet=0.000000 weights/abscissas
deg: 19
dim: 1
nodes: 10
1.532400366971607350e-04 4.912570735947682787e-02
1.545523194736576726e-03 1.282899254255915333e-01
6.469889068558512535e-03 2.346523204518921046e-01
1.719757504655304234e-02 3.603905113452902653e-01
3.385456501681403940e-02 4.961928735851260930e-01
5.288378876696417374e-02 6.319921495506622966e-01
6.745221938143766693e-02 7.577188038674764758e-01
7.006950770866639255e-02 8.640497659497710092e-01
5.627293640280814357e-02 9.431018494663421237e-01
2.743408871009749700e-02 9.890315475438258286e-01
