Gauss-Jacobi alf=1.000000 bet=1.000000 weights/abscissas
deg: 17
dim: 1
nodes: 9
1.748882015553342899e-03 3.299928479597042524e-02
8.997857021957584786e-03 1.077582631684277925e-01
2.109987170180751062e-02 2.173823365018975051e-01
3.272312287803421510e-02 3.521209322065302905e-01
3.752719943196132502e-02 5.000000000000000000e-01
3.272312287803419428e-02 6.478790677934697095e-01
2.109987170180756613e-02 7.826176634981024671e-01
8.997857021957589990e-03 8.922417368315721520e-01
1.748882015553341815e-03 9.670007152040295262e-01
