efficiency: 0.980769
deg: 15
dim: 3
nodes: 208
q[0]:   +1.3905669477252722e-04  +6.1654178296115199e-02  +3.9489333536674387e-02  +1.7830534518493448e-02
q[1]:   +1.5599632158802367e-04  +1.3766736504524518e-01  +1.2676446732437543e-01  +1.6060977605290711e-02
q[2]:   +8.9936939089714873e-05  +1.0939051685042585e-01  +1.0170490611137159e-01  +8.7778701269529108e-02
q[3]:   +1.6260855282411601e-04  +1.4023581004927840e-01  +2.7729075539846004e-02  +1.8254347473362149e-02
q[4]:   +3.5311364193023369e-04  +1.7619873715756773e-01  +8.9969080648766561e-02  +1.4513545715617644e-02
q[5]:   +2.5043343900902503e-04  +1.7128955811455629e-01  +1.0659376465094129e-01  +9.7809650264948297e-02
q[6]:   +5.9913414294024306e-04  +2.1763857229452185e-01  +1.3371245999609116e-01  +7.8507327685463937e-02
q[7]:   +2.7388440247512008e-04  +2.3356480259736329e-01  +1.8341680690463644e-01  +1.9847097828924447e-02
q[8]:   +4.3930724384480990e-04  +1.8698124981408881e-01  +1.6891001273678050e-01  +8.7690445215294108e-02
q[9]:   +3.4051684620071520e-04  +2.4657977053099225e-01  +2.2986867585452095e-01  +2.0703170752342825e-01
q[10]:  +1.5266898094716506e-04  +3.0540587395859081e-01  +2.3232354593458564e-02  +1.6894130491867082e-02
q[11]:  +3.9045308247207867e-04  +2.7088720263037280e-01  +6.2139509858513874e-02  +1.6359434427295566e-02
q[12]:  +5.6195933230135950e-04  +2.9619002518151299e-01  +1.0291229679085254e-01  +8.6519607362434053e-02
q[13]:  +1.1293396468858628e-03  +3.6427140526442886e-01  +1.7183261490745197e-01  +8.4386408483484276e-02
q[14]:  +7.2501727850227962e-04  +3.5542293302968120e-01  +1.6014097635315472e-01  +1.7085513150069516e-02
q[15]:  +5.0472395248371766e-04  +3.6456913049284190e-01  +2.0353386311131919e-01  +1.8644604067194720e-01
q[16]:  +4.2217044379222441e-04  +3.3323753479077262e-01  +2.3719028582539964e-01  +1.3408166016323372e-02
q[17]:  +1.1891368851971206e-03  +3.4699146710712397e-01  +2.6978204634442288e-01  +1.9210111262880006e-01
q[18]:  +4.1841015373516520e-04  +3.2811378343193742e-01  +2.4736914276853716e-01  +2.3471336196856166e-01
q[19]:  +1.1853852308000752e-03  +3.3825845582183239e-01  +2.4565763765191756e-01  +8.1809471996544869e-02
q[20]:  +2.4296082319668323e-04  +3.0060356212552608e-01  +2.8645115032958773e-01  +1.4761403919538714e-02
q[21]:  +6.0556777361417229e-04  +3.0938120720206630e-01  +2.9288080908615333e-01  +8.2433853632844500e-02
q[22]:  +5.4431626372830058e-04  +3.3288134434963040e-01  +3.2117302768514461e-01  +2.0472427570061377e-01
q[23]:  +1.9907660654045232e-04  +3.9096869965735592e-01  +3.7529921858762411e-01  +3.6498639524643073e-01
q[24]:  +1.9659625246535317e-04  +4.8763375938530124e-01  +2.4021292637408261e-02  +1.1600539642466519e-02
q[25]:  +6.3157048720659465e-04  +4.4926133019777131e-01  +9.2134453906415364e-02  +7.3790551404584181e-02
q[26]:  +5.3347700321957682e-04  +4.3613366456041380e-01  +8.0122050115026128e-02  +1.4889742947084103e-02
q[27]:  +1.3497827811900013e-03  +5.0264611620503330e-01  +1.6857556374798593e-01  +8.0170002767152526e-02
q[28]:  +8.0234235271416717e-04  +5.3175490193096886e-01  +1.9331365511710069e-01  +1.3689986526962440e-02
q[29]:  +1.6810935921373303e-03  +4.8163018378819977e-01  +2.7599441062209484e-01  +1.9830461020755838e-01
q[30]:  +6.7441761746400784e-04  +4.9855142898650273e-01  +1.9068563306280095e-01  +1.7818514760324680e-01
q[31]:  +8.5330200366265504e-04  +5.0628636610150690e-01  +3.1866480365550465e-01  +1.5415994553557336e-02
q[32]:  +1.9700134695992233e-03  +5.1795710197510259e-01  +2.9347625623073548e-01  +7.9253683626190549e-02
q[33]:  +1.9853049057872146e-03  +5.2003883159708753e-01  +3.7318781904295922e-01  +1.8963532055480400e-01
q[34]:  +1.7702280754938562e-03  +6.2773514265389119e-01  +4.4185967344270588e-01  +3.5137642613314507e-01
q[35]:  +8.3245697917466840e-04  +5.2395175388935211e-01  +3.2720200517979442e-01  +3.1057599377219275e-01
q[36]:  +9.8565507979072437e-04  +4.3221658651192602e-01  +3.8143180281709044e-01  +1.8245614356825424e-01
q[37]:  +5.3775412255403342e-04  +4.4867571136166551e-01  +3.8398974539431435e-01  +1.7588483921120352e-02
q[38]:  +1.3624084792219517e-03  +4.7851704610452162e-01  +3.8510431172488790e-01  +7.8040394355902626e-02
q[39]:  +1.5764351489334896e-03  +5.8880509873888998e-01  +5.1794282900489408e-01  +1.7400231565323129e-01
q[40]:  +1.3012258885530569e-03  +5.5172276920485686e-01  +4.8187547242975559e-01  +3.0604732346087071e-01
q[41]:  +1.2400025088226763e-03  +5.0198695278071304e-01  +4.1473423112158714e-01  +3.4217744606450673e-01
q[42]:  +5.6217326888583418e-04  +4.9313649277516775e-01  +4.1210485903856686e-01  +3.9832423250035282e-01
q[43]:  +2.0233532453327178e-04  +4.8410130843583993e-01  +4.7376233575818588e-01  +1.4496166969366181e-02
q[44]:  +6.9452383646249091e-04  +4.7262794812886078e-01  +4.5498361890874495e-01  +7.7972569204103517e-02
q[45]:  +6.3694232797765040e-04  +4.8386022620182850e-01  +4.7297581979875247e-01  +1.9501411171933264e-01
q[46]:  +7.4228073345588110e-04  +5.4192628771272799e-01  +5.2828917675734965e-01  +3.4610993735760959e-01
q[47]:  +6.1363989887433046e-04  +4.3992196292440933e-01  +4.2251720939190157e-01  +3.5520466750090013e-01
q[48]:  +3.2484383824010207e-04  +5.7437466774188628e-01  +5.5989832518087190e-01  +5.4098568897275745e-01
q[49]:  +2.2159133250889475e-04  +6.7758655187347494e-01  +2.7308729203362466e-02  +1.0981699077629326e-02
q[50]:  +5.5754146557032680e-04  +6.0814719233456516e-01  +8.1631587566902628e-02  +6.5923436131961832e-02
q[51]:  +7.2885436323587359e-04  +6.1956288809033477e-01  +9.7122217050665940e-02  +1.7870012258247431e-02
q[52]:  +1.3510083290065829e-03  +6.8102767880888471e-01  +1.7087218042987831e-01  +9.4188520986529814e-02
q[53]:  +6.9672551949662295e-04  +6.6999251887409506e-01  +1.8628840732347668e-01  +1.7400733382763245e-01
q[54]:  +1.4281977673843787e-03  +6.4991365037267324e-01  +2.3762602393133406e-01  +6.2865124758628738e-02
q[55]:  +1.3695950998796271e-03  +6.1252854243117016e-01  +2.4591332307971175e-01  +1.8403669665886471e-01
q[56]:  +2.4486764405109249e-03  +6.5278501652640386e-01  +3.4520537552847513e-01  +1.7858435841185785e-01
q[57]:  +1.4549027974032876e-03  +6.9756346024298588e-01  +3.8749053667011385e-01  +3.1456035276918942e-01
q[58]:  +1.0112534538402043e-03  +6.7545608233187515e-01  +3.5085460447030703e-01  +1.6425210864670095e-02
q[59]:  +1.8531984383739161e-03  +7.0850806523683818e-01  +3.8982757947825619e-01  +8.2734048018736087e-02
q[60]:  +2.1799595369290316e-03  +6.7784085377171932e-01  +4.9214662752080662e-01  +1.8049548654305633e-01
q[61]:  +2.2013840937379894e-03  +6.9894130233064489e-01  +5.0913139289358456e-01  +3.0937307936353264e-01
q[62]:  +8.4704608205848659e-04  +6.7891519718754623e-01  +3.3548867211571248e-01  +3.2194003739976973e-01
q[63]:  +7.1703439536047284e-04  +6.4986596886396208e-01  +4.8065368460493274e-01  +1.6918594423167288e-02
q[64]:  +1.6669653703551945e-03  +6.4868989405316080e-01  +4.7685360838523250e-01  +7.9298240843662313e-02
q[65]:  +8.8240592825323183e-04  +6.7256444681400707e-01  +4.8395206140368685e-01  +4.6705847445959814e-01
q[66]:  +3.2629724941967136e-04  +5.9106882436780306e-01  +5.1363089808212126e-01  +8.3632362746594528e-03
q[67]:  +1.2473933202521627e-03  +6.4583362944525680e-01  +5.7990925436975960e-01  +6.5739126282654367e-02
q[68]:  +1.5523904705547664e-03  +7.4506302861588092e-01  +6.6434567584280380e-01  +1.7270359371396182e-01
q[69]:  +1.7682472594784478e-03  +6.9068710890597740e-01  +6.0939639442819971e-01  +3.0659440458298381e-01
q[70]:  +1.6483538381150600e-03  +6.9017101097246603e-01  +6.0779838789847795e-01  +4.4683597822603499e-01
q[71]:  +1.1605004326393767e-03  +6.6398131308449271e-01  +5.8530572346278209e-01  +5.2993818870019715e-01
q[72]:  +2.8065302526547467e-04  +6.6147176992162804e-01  +5.8636445867472553e-01  +5.8165597388183432e-01
q[73]:  +2.6685523839696138e-04  +6.6162696524861619e-01  +6.4156171940413498e-01  +1.3193459626338120e-02
q[74]:  +3.3693522913862475e-04  +6.4431723674493979e-01  +6.3511330249904374e-01  +6.7232073525697128e-02
q[75]:  +7.7304969513271326e-04  +6.4329680065514205e-01  +6.2887583526421131e-01  +1.6958112714530552e-01
q[76]:  +9.6166520696868037e-04  +6.7276456902385440e-01  +6.5673816642038929e-01  +3.1846272697882694e-01
q[77]:  +8.5007533811496717e-04  +7.2451490283713393e-01  +7.0895962118757316e-01  +4.9198316630570937e-01
q[78]:  +6.6451566507881837e-04  +6.2173905170875421e-01  +6.0514295122981787e-01  +5.1070211303386970e-01
q[79]:  +1.7916256767493128e-04  +8.3514404737492387e-01  +2.9677038416500382e-02  +9.4910989431569569e-03
q[80]:  +5.6384854049631853e-04  +7.7830789364782127e-01  +8.2122673337974392e-02  +6.5122545216543745e-02
q[81]:  +7.5544819539216114e-04  +7.9089740547167742e-01  +1.1197990615730916e-01  +1.9675791990183392e-02
q[82]:  +1.2857509982677874e-03  +8.2096961311761141e-01  +1.9361858489675052e-01  +9.8332852969996026e-02
q[83]:  +7.4793729150443003e-04  +8.1326905316022025e-01  +1.9073584440655150e-01  +1.7245365202995513e-01
q[84]:  +5.7291060642513053e-04  +7.1584700466475570e-01  +2.0849952782834044e-01  +7.9879478656651806e-03
q[85]:  +1.4122566965255822e-03  +8.0039574574133243e-01  +2.7123785577042125e-01  +5.4785453538525888e-02
q[86]:  +1.8971256314451760e-03  +7.8835062585772653e-01  +3.4581205034724605e-01  +1.5584552254715656e-01
q[87]:  +1.8687288050103956e-03  +7.8910105240322681e-01  +3.0702121666836452e-01  +2.2753602249718993e-01
q[88]:  +9.0966070928036823e-04  +8.3042158102867869e-01  +3.8252882700718932e-01  +1.5633844945628521e-02
q[89]:  +1.3766927268108850e-03  +8.8080328897713633e-01  +4.1292434517692506e-01  +1.0606423420087276e-01
q[90]:  +2.3408929788785002e-03  +8.1282551262066383e-01  +4.8703193987476001e-01  +3.0701101127123692e-01
q[91]:  +8.3525837272081999e-04  +8.2291241391630432e-01  +3.3962102576664915e-01  +3.2414362025796090e-01
q[92]:  +7.3851470689159334e-04  +7.8997286821238200e-01  +5.3607442404084504e-01  +1.2635056741372880e-02
q[93]:  +1.5477256547115549e-03  +8.3331808757027481e-01  +4.9752197067108050e-01  +7.4537876050527294e-02
q[94]:  +2.3515908931951274e-03  +8.1460045877216924e-01  +5.1282835139581606e-01  +1.9233226792028160e-01
q[95]:  +1.5726045689458037e-03  +8.2727867102566621e-01  +4.9104094601734544e-01  +4.1271247465543720e-01
q[96]:  +8.2183914960340723e-04  +8.1670698843682077e-01  +5.0583943085840188e-01  +4.9022895734183003e-01
q[97]:  +1.6284262501949235e-03  +8.0081560803046703e-01  +6.1119596921625452e-01  +7.5039679169511014e-02
q[98]:  +1.6854471284084929e-03  +8.1131231427037565e-01  +6.4204203097115697e-01  +1.8677380151378475e-01
q[99]:  +2.2112563595841181e-03  +8.2571267478201971e-01  +6.5894838366539121e-01  +3.2962209798860792e-01
q[100]: +1.9004771868113628e-03  +8.2616265159434465e-01  +6.3888810419838060e-01  +4.5887400571540127e-01
q[101]: +1.5988560983370387e-03  +7.7763859500500110e-01  +5.9430564201939529e-01  +5.1666445399515781e-01
q[102]: +5.0875364254012530e-04  +8.1471879414809578e-01  +6.4597431583875342e-01  +6.3371727545614120e-01
q[103]: +6.7598914565212805e-04  +7.7451620093264995e-01  +6.7280320003250205e-01  +1.5170629348137600e-02
q[104]: +1.1381168718881929e-03  +8.1828405931204851e-01  +7.4321666830779320e-01  +8.2310792395282273e-02
q[105]: +6.6260762682606583e-04  +7.9893756232613333e-01  +7.7801342541885421e-01  +2.0484979360722255e-01
q[106]: +1.2122874417614634e-03  +8.2808177133206962e-01  +7.5896880065850370e-01  +3.0559286885869952e-01
q[107]: +8.1050012731817599e-04  +8.1476696490607636e-01  +7.5728271235325118e-01  +4.0343183449770709e-01
q[108]: +1.4129616117930569e-03  +8.2274529155044696e-01  +7.4364306242358835e-01  +5.0860507273601230e-01
q[109]: +1.2327185799570588e-03  +8.2258827542961444e-01  +7.4929943743591099e-01  +6.4401274793033636e-01
q[110]: +6.1509693111516379e-04  +8.1490760363148118e-01  +7.3849480989186123e-01  +7.1500855292003151e-01
q[111]: +3.1668345389682887e-04  +8.0538919067270842e-01  +7.8680466523483705e-01  +1.9908719345976066e-02
q[112]: +5.0298010391574297e-04  +7.9206191377925828e-01  +7.7858370688378309e-01  +9.9851225669970886e-02
q[113]: +4.6337843659892923e-04  +8.0546736387728879e-01  +7.9558575207817572e-01  +3.0484949562688657e-01
q[114]: +6.0484856325643949e-04  +8.3811673710262380e-01  +8.2659894358556374e-01  +4.6387282471550317e-01
q[115]: +6.2428740334622714e-04  +8.5727670868393568e-01  +8.4164412281567891e-01  +6.3995199552255078e-01
q[116]: +5.0868309604889096e-04  +7.7107580175334578e-01  +7.5729900614274659e-01  +6.6652110043751944e-01
q[117]: +2.8609502590565516e-04  +7.4994608995027068e-01  +7.3486177367181305e-01  +7.1692135426305292e-01
q[118]: +8.4091306794254719e-05  +9.3693280273138735e-01  +2.9995138410600825e-02  +8.4736951070030261e-03
q[119]: +1.1587849398472318e-04  +9.0916613048698092e-01  +5.2739463088399038e-02  +5.0354187037543255e-02
q[120]: +4.4500618079889513e-04  +9.2089698800483877e-01  +1.1273101230184270e-01  +1.7617538996732268e-02
q[121]: +6.3068848720742178e-04  +9.0976985076346928e-01  +1.1777712167467680e-01  +7.4770714050650597e-02
q[122]: +3.0926962019391498e-04  +9.1873037264069568e-01  +1.7972365359479231e-01  +1.7230820789318579e-01
q[123]: +5.6433145640320782e-04  +8.8267453177982158e-01  +2.2864696333620385e-01  +1.0905394604718040e-02
q[124]: +1.2563026584538083e-03  +9.2258530906404779e-01  +2.5061059399027202e-01  +8.0007547072265844e-02
q[125]: +1.7766241754949529e-03  +9.0345117535674546e-01  +3.8491764543163798e-01  +2.0441484665824561e-01
q[126]: +1.1604919456995396e-03  +9.1972491145461666e-01  +2.5999907924822990e-01  +1.8930935896207640e-01
q[127]: +2.7943931876090350e-04  +9.4641360728167767e-01  +4.1098860267631970e-01  +5.4005952174582652e-03
q[128]: +9.2853464351132947e-04  +9.3601389897773368e-01  +3.8745331075657280e-01  +4.7447563084635318e-02
q[129]: +1.5037745059156699e-03  +9.3806365649727663e-01  +5.3361969663157627e-01  +1.8770779738712978e-01
q[130]: +1.2953255559734057e-03  +9.2905580928858378e-01  +5.2713370942875926e-01  +3.5719062955697417e-01
q[131]: +1.2525523449874367e-03  +9.1024693705883464e-01  +4.1431381905089432e-01  +3.3568249401145639e-01
q[132]: +5.4180585004876913e-04  +9.2919361445344284e-01  +3.3887367500266236e-01  +3.2258165135807865e-01
q[133]: +6.6485377106799805e-04  +9.1158794970855961e-01  +5.6707764828003193e-01  +1.6472910199862023e-02
q[134]: +1.1025291279446736e-03  +9.3908282828531986e-01  +5.8526201522145538e-01  +7.6187324158005554e-02
q[135]: +1.7782985218622333e-03  +9.1166893827971340e-01  +6.0194411179875507e-01  +3.1273298473060784e-01
q[136]: +1.5922351610854776e-03  +9.2557935750431319e-01  +6.7173641011472129e-01  +5.0545506842313359e-01
q[137]: +1.0097646354213453e-03  +9.2789458168939531e-01  +5.7983837742102018e-01  +5.1441209893193729e-01
q[138]: +4.9017239438821033e-04  +9.2599336641237517e-01  +5.0468234064099771e-01  +4.9239462141828955e-01
q[139]: +6.5984292505521461e-04  +9.0172096867364182e-01  +7.1728753115946398e-01  +1.8032073198179233e-02
q[140]: +1.1368004711412548e-03  +9.2119290334641557e-01  +7.3247391286950181e-01  +8.7767835903475228e-02
q[141]: +1.5416178783431143e-03  +9.0960256753546376e-01  +6.5813482342240204e-01  +1.7187730978171031e-01
q[142]: +1.4587384381705114e-03  +9.3247397746848903e-01  +7.4860295122487641e-01  +2.9103480386382152e-01
q[143]: +1.5332523827523684e-03  +9.2583638225097242e-01  +7.5528167219378983e-01  +4.4276486837569839e-01
q[144]: +1.2092396181408846e-03  +9.0059873606346985e-01  +7.1165336428164605e-01  +6.4381810618430901e-01
q[145]: +4.4481576525499440e-04  +9.2423290236616362e-01  +6.7747811226487675e-01  +6.6512537640346669e-01
q[146]: +3.5783312506457881e-04  +9.0642183802671938e-01  +8.3582872064141578e-01  +1.4942136267302170e-02
q[147]: +7.0465894393912092e-04  +9.3236588374574569e-01  +8.5685430575916388e-01  +8.2055905000436677e-02
q[148]: +1.5038519187412333e-03  +9.0291066650396357e-01  +8.0795851810117725e-01  +1.9442797617566260e-01
q[149]: +1.0932920318425547e-03  +9.2742212179810901e-01  +8.5193661497107842e-01  +3.6156741699973055e-01
q[150]: +1.0849025328571417e-03  +9.2173103414655955e-01  +8.5736457723269288e-01  +5.2576019926275919e-01
q[151]: +1.3076895329062585e-03  +9.2531192812940088e-01  +8.1595067823759104e-01  +6.3717103584207846e-01
q[152]: +6.6112168904045173e-04  +9.3232354718486754e-01  +8.6071015093799108e-01  +7.8866364766619257e-01
q[153]: +3.3751934202520492e-04  +9.2935016095844381e-01  +8.2505979315297595e-01  +8.1292109380910382e-01
q[154]: +1.0978649009053637e-04  +9.1937451715725260e-01  +9.0862851261488875e-01  +1.5616831056283661e-02
q[155]: +3.4726163333458955e-04  +9.1288466101955279e-01  +8.9924965243159327e-01  +8.6147578831001353e-02
q[156]: +6.4684547982114121e-04  +9.1215167955035958e-01  +8.9395217567825946e-01  +2.0966609029196703e-01
q[157]: +5.8689675031486346e-04  +9.2652461702659550e-01  +9.1189707584541391e-01  +3.7628537763379677e-01
q[158]: +3.9543138935871385e-04  +9.3760614520477792e-01  +9.2642345157264172e-01  +5.7535462930213210e-01
q[159]: +5.0642682517316692e-04  +9.3876435956381166e-01  +9.1669452621671754e-01  +7.3161493113353526e-01
q[160]: +3.4339749543443740e-04  +8.9817641753691912e-01  +8.8566863424295583e-01  +8.1579705370869904e-01
q[161]: +1.6843193680832915e-04  +8.9227730444956466e-01  +8.7278773547711430e-01  +8.6260165507651676e-01
q[162]: +1.0579606722022315e-04  +9.8458972850776283e-01  +4.2317756424157145e-02  +2.1902364632716189e-02
q[163]: +1.9485350546387238e-04  +9.8284163346197662e-01  +1.1915842703314360e-01  +1.0360350681147983e-01
q[164]: +1.6966475219981072e-04  +9.8753087625412594e-01  +1.2129509434234899e-01  +1.7269210131549955e-02
q[165]: +4.8248022054469907e-04  +9.8142049767540263e-01  +1.7875462861281968e-01  +9.2533138890004987e-02
q[166]: +3.3389481469034681e-04  +9.8538366643380859e-01  +2.5732789668546413e-01  +2.3402567230096513e-01
q[167]: +3.6844943315694225e-04  +9.7579214817080995e-01  +2.4649159378632357e-01  +1.6840886798713085e-02
q[168]: +3.7714804892274997e-04  +9.9099614454028706e-01  +2.9921460529385885e-01  +8.4587611550691361e-02
q[169]: +7.9197722779232897e-04  +9.7254874018783377e-01  +3.9903971629549134e-01  +1.5808358019664695e-01
q[170]: +6.5083793470699326e-04  +9.8470529627403092e-01  +3.2673097395390921e-01  +2.1488098642713729e-01
q[171]: +1.4300566564343534e-04  +9.9644009782586129e-01  +3.9851092008545547e-01  +1.8610066452520353e-02
q[172]: +6.2698050568488195e-04  +9.8448003556001362e-01  +4.7852002969353680e-01  +8.8113561061731904e-02
q[173]: +3.3033678480703422e-04  +9.9607704781710082e-01  +5.3575831268767160e-01  +2.1541938028755961e-01
q[174]: +7.5286870392582330e-04  +9.8234756309046223e-01  +4.8989036589659707e-01  +2.9757714599956653e-01
q[175]: +7.0724192702628652e-04  +9.8323307219589151e-01  +4.5795550328425882e-01  +3.9000886386878969e-01
q[176]: +1.4462270082435364e-04  +9.8744725255458532e-01  +4.0961832522845198e-01  +4.0242259865159735e-01
q[177]: +3.2085708058986401e-04  +9.8477431296524287e-01  +5.7390619876282778e-01  +1.8895568795302624e-02
q[178]: +3.0787661521953759e-04  +9.9193294933089970e-01  +6.5129709181075124e-01  +8.6801844228088204e-02
q[179]: +7.6602431154271667e-04  +9.8397239616455889e-01  +6.6187741257626365e-01  +1.8537443829857492e-01
q[180]: +9.2037674322958929e-04  +9.8127759745430687e-01  +6.6096759229469648e-01  +3.3088334078929482e-01
q[181]: +5.9968406271115372e-04  +9.8761460671586043e-01  +6.1853126670935588e-01  +4.4456751051433480e-01
q[182]: +5.6800497651258303e-04  +9.8540610939490303e-01  +6.6496006420137188e-01  +5.7439423784602561e-01
q[183]: +2.9317606150748051e-04  +9.8636494311327783e-01  +5.9123389970836349e-01  +5.7195017081910349e-01
q[184]: +2.1875299255495403e-04  +9.7965166346792132e-01  +7.3048090729826110e-01  +9.4804187316167698e-03
q[185]: +4.7135850867487686e-04  +9.8386341859749549e-01  +7.6828895553327881e-01  +6.3507163834014002e-02
q[186]: +8.1360743420761880e-04  +9.8199967000047483e-01  +8.0530384446417469e-01  +1.8260714533066949e-01
q[187]: +6.3028072203134052e-04  +9.8902825465075306e-01  +7.9632337044999357e-01  +3.3366323069327636e-01
q[188]: +7.0393921221141641e-04  +9.8496993724647863e-01  +7.5781311453400235e-01  +4.8816399806730326e-01
q[189]: +5.9568123795099715e-04  +9.8576815330345446e-01  +8.1635380831772320e-01  +6.3882010366046460e-01
q[190]: +5.4275445813973850e-04  +9.7967819760680575e-01  +7.9848247626204560e-01  +7.2550886822354632e-01
q[191]: +2.1549885679836617e-04  +9.8516469834081999e-01  +7.5003188841350754e-01  +7.3537730058293860e-01
q[192]: +2.3705815633709548e-04  +9.8153135747661879e-01  +8.7340670368997864e-01  +1.7069072041788955e-02
q[193]: +3.0347691249251282e-04  +9.8917032293535279e-01  +8.9912325691270800e-01  +9.2470535566531051e-02
q[194]: +5.1294892743401473e-04  +9.8021041331368985e-01  +9.1080425946783761e-01  +2.1053836599743117e-01
q[195]: +5.4376704562531192e-04  +9.8553005368268476e-01  +9.0863703061259615e-01  +3.5059097506739406e-01
q[196]: +6.9180071200434839e-04  +9.8481389050092805e-01  +8.7827723715470185e-01  +5.0835350106805544e-01
q[197]: +4.7568768790852314e-04  +9.8559425157597613e-01  +9.2536168315883771e-01  +6.8390807260183084e-01
q[198]: +2.9268408553203055e-04  +9.8948779626029482e-01  +9.2265123498292978e-01  +8.2012130766572566e-01
q[199]: +1.5330831597424100e-04  +9.8911245084537835e-01  +8.8979916431000239e-01  +8.7168585616823591e-01
q[200]: +1.1188775439200768e-04  +9.8349199333652837e-01  +9.6135771791642755e-01  +1.9078653729221930e-02
q[201]: +1.7761094785357493e-04  +9.8398343875097893e-01  +9.6750102647385361e-01  +9.4625503904122540e-02
q[202]: +2.0950773723166401e-04  +9.8265020543105841e-01  +9.6885777890610991e-01  +2.1410832523832760e-01
q[203]: +1.8707608092544608e-04  +9.8697644317382227e-01  +9.7490396970582249e-01  +3.6545823164301516e-01
q[204]: +3.3606242211466655e-04  +9.8653368333918456e-01  +9.6444447686964363e-01  +5.3198400978425453e-01
q[205]: +1.1067702560103332e-04  +9.8960135720671638e-01  +9.8369856787571242e-01  +7.2497856026725505e-01
q[206]: +1.4498503828831288e-04  +9.8239418830237146e-01  +9.7272024813372127e-01  +8.6786354528019516e-01
q[207]: +1.4081828216287807e-04  +9.7872542385113193e-01  +9.5903083256683963e-01  +9.3850771095125607e-01

