efficiency: 0.992157
deg: 21
dim: 3
nodes: 510
q[0]:   +2.2065564570340283e-05  +3.3654107060906296e-02  +1.9979516309833158e-02  +9.0493003087523064e-03
q[1]:   +1.8582302854779970e-05  +5.9519784650619884e-02  +5.4268121305755965e-02  +4.5390420638454866e-02
q[2]:   +2.0398235492901936e-05  +6.8458720533458098e-02  +6.5858156237763685e-02  +1.2022590724945404e-02
q[3]:   +5.0113014110019501e-05  +8.8738493409240088e-02  +2.0288115207093119e-02  +9.7996075560118114e-03
q[4]:   +7.6990893836040847e-05  +9.8699393249675679e-02  +6.5809786587993510e-02  +9.8711169402855604e-03
q[5]:   +5.2171285051703059e-05  +9.4892496493001924e-02  +5.6127614712904242e-02  +4.9390614412865873e-02
q[6]:   +1.5408142706060292e-04  +1.3445075289430850e-01  +8.8333321356995023e-02  +4.8867875974125244e-02
q[7]:   +4.9974662089368682e-05  +2.5624547700324973e-01  +2.4293594046581257e-01  +5.0193776226815446e-03
q[8]:   +7.7390992713471731e-05  +1.1405433050746074e-01  +1.0521594072185660e-01  +6.0888754115713969e-02
q[9]:   +3.4387124149927665e-05  +1.4666693296489555e-01  +1.3789882159168568e-01  +5.7254948452792271e-03
q[10]:  +5.6298503590422945e-05  +1.3621238836432009e-01  +1.2445429098390405e-01  +1.1601906597461915e-01
q[11]:  +6.7472197504035269e-05  +1.8110995667478721e-01  +1.9237254745832984e-02  +9.9530473389337175e-03
q[12]:  +1.6230205059403847e-04  +1.9039975038280044e-01  +7.0324787221049664e-02  +2.5149745443917956e-02
q[13]:  +5.8450255395509751e-05  +1.5480515906794295e-01  +5.8100445865395305e-02  +4.1345632748396033e-03
q[14]:  +2.5860670386353705e-04  +2.1004382511441816e-01  +1.3955674954868230e-01  +3.3676810866001952e-02
q[15]:  +1.0736991562714627e-04  +1.7117290093683546e-01  +6.0270533636569548e-02  +5.2565942316803629e-02
q[16]:  +8.8233644976028756e-05  +1.9372330230975454e-01  +1.4258529373348888e-01  +5.1413137653688341e-03
q[17]:  +1.1999094632436354e-04  +1.6375085936493364e-01  +1.5036440167971829e-01  +3.6802660066148372e-02
q[18]:  +4.3919937590150885e-04  +3.1097732686528579e-01  +2.0336079348996097e-01  +9.6296087111430770e-02
q[19]:  +2.8013920612113377e-04  +2.3243388999278203e-01  +1.9084998006392245e-01  +9.0089372435717838e-02
q[20]:  +2.9032356394531020e-04  +2.3559326579425166e-01  +1.2031366677371247e-01  +7.6575958301142180e-02
q[21]:  +2.3901952650162611e-04  +2.2008151182232172e-01  +1.7062912284574780e-01  +1.2683576163749946e-01
q[22]:  +6.3636941818360170e-05  +2.4408420034010744e-01  +2.3960748380427682e-01  +3.0216078823170497e-02
q[23]:  +8.8985938246559902e-05  +2.0433306611116756e-01  +1.9817953486344508e-01  +9.1738804963602608e-02
q[24]:  +1.2515704161455572e-04  +2.0001981046975786e-01  +1.9017620861946871e-01  +1.4518421275966464e-01
q[25]:  +4.5701864136694772e-05  +2.3180218561935267e-01  +2.2546796356720170e-01  +2.1609331811094842e-01
q[26]:  +8.6379830743891559e-05  +3.0550730975529489e-01  +1.9825336191964350e-02  +1.0537435158083180e-02
q[27]:  +1.7237810831885152e-04  +2.7775927017309782e-01  +6.3165774327657881e-02  +5.3562798880249458e-02
q[28]:  +2.6199895367682137e-04  +2.9664803620275487e-01  +7.7974623084548514e-02  +2.9729583399170468e-02
q[29]:  +6.8511973250261397e-05  +2.5977353198027359e-01  +5.1002189461798943e-02  +2.1486350840447216e-03
q[30]:  +2.1291164112155242e-04  +2.8445363730815354e-01  +1.3789427617144981e-01  +1.2841624484981895e-01
q[31]:  +1.3944957653653372e-04  +2.6100485984466387e-01  +1.2434605794281695e-01  +6.6027482186624149e-03
q[32]:  +3.9420574496929433e-04  +3.1453920959299980e-01  +1.5074390341021768e-01  +3.9624933855594388e-02
q[33]:  +4.7568350608026853e-04  +3.5217046804825408e-01  +1.4504145565040419e-01  +9.4563912105177741e-02
q[34]:  +5.6656845919330679e-04  +4.1014683081682074e-01  +2.9683545290946628e-01  +1.6003258882578372e-01
q[35]:  +1.3005391886323573e-04  +1.9167915443071515e-01  +1.3067014502783295e-01  +1.2184832858263529e-01
q[36]:  +2.0674933166313310e-04  +3.2613286098335259e-01  +2.1317394922408675e-01  +1.2547427002613036e-02
q[37]:  +1.8550469261681749e-04  +3.2642277658475388e-01  +2.2724191230241025e-01  +2.1784519116167986e-01
q[38]:  +4.7481642006703116e-04  +3.4859380557980457e-01  +2.4898331940396209e-01  +5.7164101290130387e-02
q[39]:  +4.8812627269733999e-04  +3.3560115068930735e-01  +2.1863583901595632e-01  +1.6786749566379713e-01
q[40]:  +1.3520005713677533e-04  +3.1728098656962134e-01  +2.5873513761498768e-01  +8.0042683520969212e-03
q[41]:  +4.0856726478774434e-04  +3.3460790495550802e-01  +2.9382709116658579e-01  +1.0452907345207971e-01
q[42]:  +4.5358421928503982e-04  +3.4243138162651043e-01  +2.9345343404608709e-01  +1.8245418103446995e-01
q[43]:  +1.1494123791466386e-04  +2.6665523770263638e-01  +2.2955217888364698e-01  +2.2121613424393738e-01
q[44]:  +2.2949082639466052e-04  +2.6841096534762776e-01  +2.3109575823057960e-01  +3.5621267075376932e-02
q[45]:  +3.2386683121551885e-04  +3.2487377014902069e-01  +2.7583078885958928e-01  +2.3024013040069410e-01
q[46]:  +7.6262014306062041e-05  +3.6472688740959991e-01  +3.5496964431120498e-01  +1.0382190060130738e-02
q[47]:  +8.9316310856201440e-05  +3.6643518053483543e-01  +3.6106652924318428e-01  +4.9940590406641151e-02
q[48]:  +1.5498773299807615e-04  +2.9480535446102768e-01  +2.8727513868204563e-01  +9.1767440699111497e-02
q[49]:  +1.9478625885392214e-04  +2.9615042947039555e-01  +2.8645547133853810e-01  +1.7453479870959435e-01
q[50]:  +1.6297418503395650e-04  +3.1598830076410933e-01  +3.0655454681286004e-01  +2.5747109505771576e-01
q[51]:  +7.9777018099443011e-05  +3.6020780886202380e-01  +3.5092257906348578e-01  +3.4110897340198415e-01
q[52]:  +1.8675836944442994e-04  +4.0813741627017319e-01  +6.1724075776992557e-02  +5.2618233024158585e-02
q[53]:  +3.3990303168284739e-04  +4.2075969790741891e-01  +9.4064842199723553e-02  +4.5835509103359595e-02
q[54]:  +1.6026810504382981e-04  +3.9949819770735934e-01  +5.7038426941905238e-02  +7.9071063842643414e-03
q[55]:  +2.3502480531140786e-04  +3.7697723296254221e-01  +1.2681077992622158e-01  +9.0381918546075420e-03
q[56]:  +5.3050061235303172e-04  +4.4902272171925184e-01  +1.6371052949565668e-01  +4.6132889993867145e-02
q[57]:  +4.5618242244206572e-04  +4.7239647213969810e-01  +1.6073727312349229e-01  +1.1154843121068141e-01
q[58]:  +2.4538338279062494e-04  +3.9310664518118354e-01  +1.3289021855920710e-01  +1.2341167515750530e-01
q[59]:  +6.4165337966080828e-04  +4.2563324456921742e-01  +2.2327571942592744e-01  +9.8970457041285417e-02
q[60]:  +1.8705426938391689e-04  +4.1278486429108940e-01  +2.1808828345661371e-01  +7.2812967882409608e-03
q[61]:  +7.0768951912384944e-04  +4.9453374157864105e-01  +3.2939446758223617e-01  +1.0759636904758971e-01
q[62]:  +6.6386249023658807e-04  +4.8261013732455488e-01  +2.8470632702422077e-01  +1.8269130936232550e-01
q[63]:  +2.5775765076664961e-04  +4.2960701036482840e-01  +2.2883415418007691e-01  +2.1986217962705848e-01
q[64]:  +2.9078923271523864e-04  +5.6588318885923128e-01  +3.3490409626978285e-01  +8.3320244942496693e-03
q[65]:  +5.8534690939962910e-04  +4.4763701176400766e-01  +2.5180143970419355e-01  +4.3160713090632408e-02
q[66]:  +4.9943819044871544e-04  +4.4362304803595815e-01  +2.3617844443518254e-01  +1.9182405917343645e-01
q[67]:  +2.2683272723634913e-04  +4.5121153035561323e-01  +3.1957927510304740e-01  +8.6365476185085825e-03
q[68]:  +5.3784457586639894e-04  +4.5080046582495870e-01  +3.5363700029989403e-01  +4.7422171023304607e-02
q[69]:  +5.5240997359035093e-04  +4.4672072901451548e-01  +3.5419059022157778e-01  +1.2737275277023841e-01
q[70]:  +6.0780359254690496e-04  +4.6444959510711331e-01  +3.5501660197201129e-01  +2.5750143265756575e-01
q[71]:  +4.5933526623033395e-04  +4.4754816166607764e-01  +3.2803941611664572e-01  +2.8827502959046247e-01
q[72]:  +1.3920110234314168e-04  +4.3422310691175803e-01  +3.1373307413514284e-01  +3.0685975588181724e-01
q[73]:  +5.0133504174290167e-04  +4.7125172674396432e-01  +4.2575838257303328e-01  +1.1319731154634997e-01
q[74]:  +7.6214644251705545e-04  +5.3437666055134858e-01  +4.2959076521269335e-01  +2.4051637991209107e-01
q[75]:  +4.9633354762580121e-04  +4.5748421536286105e-01  +4.1380798304670285e-01  +2.9303216162229739e-01
q[76]:  +1.8696800562561063e-04  +4.3072278053565949e-01  +3.7847044528992790e-01  +9.6666098112153844e-03
q[77]:  +2.8753098178475585e-04  +3.8086511901156433e-01  +3.4712786917461474e-01  +4.7528887312131000e-02
q[78]:  +5.6555564902271245e-04  +4.5606174924876913e-01  +4.1287088553427653e-01  +2.0212003545889920e-01
q[79]:  +3.7857522616948058e-04  +4.4614883711581005e-01  +3.9805843689866260e-01  +3.4708160152495132e-01
q[80]:  +1.8085615160391772e-04  +4.0377561260283729e-01  +3.5395186825348773e-01  +3.4436167201697682e-01
q[81]:  +8.3427442930900222e-05  +4.8580298981123099e-01  +4.7551710660981344e-01  +9.8180566604579404e-03
q[82]:  +1.2688409662244476e-04  +4.8582767786691461e-01  +4.7933304843519436e-01  +5.4045879416461010e-02
q[83]:  +2.2455466034868770e-04  +4.2823291496578675e-01  +4.1907939650479081e-01  +1.1984145013506517e-01
q[84]:  +2.3379922194578253e-04  +3.9938405254176884e-01  +3.9103584889149318e-01  +1.9090575576832869e-01
q[85]:  +2.2204293631910608e-04  +4.1688040400268833e-01  +4.0843233486889569e-01  +2.9248094158701049e-01
q[86]:  +1.8088276296159025e-04  +4.5120680134347591e-01  +4.4195297040723508e-01  +3.9281070924363337e-01
q[87]:  +8.4198310128701890e-05  +4.9964911164455700e-01  +4.8951807688823884e-01  +4.8072922135014756e-01
q[88]:  +2.9278941941110795e-04  +5.3575956522484269e-01  +8.1092908323740512e-02  +3.1279856789461817e-02
q[89]:  +9.0148359478453926e-05  +4.4729230576990137e-01  +1.9386873521141924e-02  +9.7290825552907509e-03
q[90]:  +1.1067323420473348e-04  +5.4947761899973768e-01  +5.3606685461836286e-02  +4.8235992713422876e-03
q[91]:  +5.8154100733246404e-04  +5.7603676770799828e-01  +1.6997602654791780e-01  +4.8984344888534773e-02
q[92]:  +4.5870256879864828e-04  +5.6966199025442210e-01  +1.3643677005848903e-01  +8.7174340894153129e-02
q[93]:  +1.8013490221043888e-04  +5.4365164380054032e-01  +5.7981133198213658e-02  +4.8474380061031094e-02
q[94]:  +2.5975569735429223e-04  +5.1007882397852222e-01  +1.2554900595659005e-01  +8.9590260464742760e-03
q[95]:  +7.0134197351774219e-04  +5.4315279801802796e-01  +2.2762707541394259e-01  +1.1715426868710201e-01
q[96]:  +2.5474385155748982e-04  +5.1888201533223954e-01  +1.3128549212512927e-01  +1.2105865886734032e-01
q[97]:  +2.8273720191893337e-04  +5.1880758814849670e-01  +2.1963847082542662e-01  +9.3094394675032419e-03
q[98]:  +5.3996504188050644e-04  +5.5438877833401290e-01  +2.3788711989392330e-01  +1.9846819261507184e-01
q[99]:  +1.4086617419205842e-04  +5.3195122504397674e-01  +2.0718444032038014e-01  +2.0225182757073012e-01
q[100]: +6.7979269759760807e-04  +5.7518420360783262e-01  +2.6458571705780426e-01  +4.6655672990610783e-02
q[101]: +8.2670698055708005e-04  +5.8284175466887123e-01  +3.0696549512625959e-01  +1.1017597320813510e-01
q[102]: +8.6059393177409375e-04  +6.0787521883260320e-01  +3.1517302283510795e-01  +2.1124240655897589e-01
q[103]: +1.7590309312469680e-04  +5.7843431638452181e-01  +2.7019308025031125e-01  +2.5972287992482945e-01
q[104]: +6.1523332890145053e-04  +5.5900909001444099e-01  +3.6984958305939791e-01  +4.3124767840143241e-02
q[105]: +6.9101317183323588e-04  +6.1309316794991198e-01  +4.0633659709075948e-01  +1.0173018410971377e-01
q[106]: +9.4082526430910710e-04  +5.7518233724585277e-01  +3.7914241793985004e-01  +1.9254276785569260e-01
q[107]: +8.3431501468635887e-04  +5.9267722224136865e-01  +4.1070502824959793e-01  +2.9686634699673459e-01
q[108]: +6.8600858836767305e-04  +5.6613510450797022e-01  +3.5497024068955174e-01  +3.0676931514806149e-01
q[109]: +2.6802780620773740e-04  +5.5280270977610479e-01  +3.3931116954930240e-01  +3.3017057104675790e-01
q[110]: +2.0434745096935302e-04  +5.5240703351182263e-01  +4.3507359737193074e-01  +9.2922429690085566e-03
q[111]: +7.4634998605177224e-04  +5.7005023064140481e-01  +4.5892124758373931e-01  +1.0619550765351160e-01
q[112]: +7.4247276680464993e-04  +6.5009918724573679e-01  +5.4460268205999585e-01  +3.3178609374169005e-01
q[113]: +5.0561368431304527e-04  +5.9158312745630071e-01  +4.8769991793123058e-01  +4.4173351127419880e-02
q[114]: +7.9716654937569205e-04  +5.9194397819756905e-01  +4.7522712325846389e-01  +1.9089707816540930e-01
q[115]: +7.0766537029073103e-04  +5.8671290899939876e-01  +4.9005499493331450e-01  +3.7200230401375028e-01
q[116]: +5.1941519430447254e-04  +5.6673886808205542e-01  +4.5673569499461225e-01  +4.0789433866660324e-01
q[117]: +2.3116145709042374e-04  +5.4157924690094483e-01  +4.2052295687932201e-01  +4.1133027899438712e-01
q[118]: +1.6969148222530119e-04  +5.6678683952578346e-01  +5.1527894062183521e-01  +8.3064454761653146e-03
q[119]: +3.8189773639223725e-04  +5.2164653237306202e-01  +4.8157719378944958e-01  +4.9137372995532336e-02
q[120]: +4.8184642476480793e-04  +5.9960691192015536e-01  +5.5252576748710225e-01  +1.2145708874669300e-01
q[121]: +7.0564355991636300e-04  +5.8530283390573601e-01  +5.3673676111449797e-01  +2.1006282503091625e-01
q[122]: +6.2616808206071822e-04  +5.7892786238756155e-01  +5.3567095814397592e-01  +3.1797958843387120e-01
q[123]: +4.4243913245925438e-04  +5.7841096301897210e-01  +5.3986460378533119e-01  +4.1680768622499920e-01
q[124]: +3.7514854843350521e-04  +5.7405074212211604e-01  +5.2992853200230206e-01  +4.7807294336619355e-01
q[125]: +6.3814326101353748e-05  +6.1152445636874486e-01  +6.0215130695595143e-01  +8.5008926945991919e-03
q[126]: +1.4017957375275428e-04  +6.0521629550942468e-01  +5.9653935247770495e-01  +4.4201022640029376e-02
q[127]: +2.4617084752298960e-04  +5.5681280336603678e-01  +5.4766315686091205e-01  +1.2319708694238700e-01
q[128]: +2.9920634031475158e-04  +5.3921531400245371e-01  +5.3011603317475731e-01  +2.1431804052143638e-01
q[129]: +2.7444090308622330e-04  +5.2695050264261334e-01  +5.1886933602501617e-01  +3.0865414598063595e-01
q[130]: +2.2666379879176610e-04  +5.5325725805838943e-01  +5.4567086377353602e-01  +4.2745763547839294e-01
q[131]: +1.4073166323826884e-04  +5.8489774858570542e-01  +5.7682698170771529e-01  +5.3183149968880483e-01
q[132]: +1.8923258085453104e-04  +5.3595475307237395e-01  +4.8440401987300868e-01  +4.7409037492904627e-01
q[133]: +8.0918619688879353e-05  +5.9478278090754499e-01  +1.8398976048855344e-02  +9.2667353796879025e-03
q[134]: +1.5461279359175540e-04  +6.7818384235501949e-01  +5.5979151826812679e-02  +4.6775607081117929e-02
q[135]: +1.3645720937573876e-04  +6.8974055325028760e-01  +5.3511810476883664e-02  +7.6568439988513393e-03
q[136]: +4.6844110965086716e-04  +6.8971788367640474e-01  +1.6110718987572858e-01  +5.3526930481227697e-02
q[137]: +2.9715667518320256e-04  +6.6452759984432808e-01  +8.5553497496590220e-02  +3.8814089172313743e-02
q[138]: +2.8519555516861379e-04  +6.5132639499692679e-01  +1.2515311139069762e-01  +1.0227132285136430e-02
q[139]: +6.9106428647071252e-04  +6.5957736663920674e-01  +2.3460436927831591e-01  +1.2042051203003810e-01
q[140]: +4.2308324608223449e-04  +6.9148724248654192e-01  +1.4425571485816596e-01  +1.0152580717882589e-01
q[141]: +1.7837311697187010e-04  +6.2548080714824894e-01  +1.1918397650390770e-01  +1.1099004532879488e-01
q[142]: +2.6781967715836782e-04  +6.3532707804862598e-01  +2.1229020680621000e-01  +8.7277209399185176e-03
q[143]: +6.4859705330459652e-04  +6.9519716850739810e-01  +2.5132655086694722e-01  +4.5022647388270380e-02
q[144]: +5.5880297736839450e-04  +6.4832412157186192e-01  +2.1851254437960169e-01  +1.7018525733294826e-01
q[145]: +3.2042716966008993e-04  +6.6903922476380961e-01  +2.1291851255549288e-01  +2.0353266455318020e-01
q[146]: +2.7119912369596603e-04  +6.6942623548228075e-01  +3.1654258703123572e-01  +8.5003377339305485e-03
q[147]: +4.6107080853362298e-04  +7.6065828733577301e-01  +3.5330871020484106e-01  +4.6825658885188644e-02
q[148]: +8.4120710783843465e-04  +6.9998183166445382e-01  +3.1028688189994541e-01  +1.1007837149607268e-01
q[149]: +7.6880724183173946e-04  +7.1945165578906356e-01  +3.2126665731305082e-01  +2.0912088320270927e-01
q[150]: +5.1006487314175016e-04  +7.4361775615458747e-01  +2.9735011822941604e-01  +2.4980427211356426e-01
q[151]: +8.5541392921961311e-04  +7.1261628857466186e-01  +4.1123185621735892e-01  +1.0764839994130958e-01
q[152]: +1.1135068466567332e-03  +6.9587068087547965e-01  +3.9629095716537138e-01  +1.9873503894675648e-01
q[153]: +9.5215830983940136e-04  +7.1285446226337179e-01  +4.3277694243547771e-01  +3.1747821156367478e-01
q[154]: +6.4769271480632845e-04  +6.7438837450127276e-01  +3.4742930091766916e-01  +3.0067057672849445e-01
q[155]: +2.8319813704575053e-04  +6.8235347499769516e-01  +3.3099712992612995e-01  +3.2234157559440679e-01
q[156]: +2.0954116111832015e-04  +7.0251181993765000e-01  +4.3488206801336249e-01  +7.2346476623548796e-03
q[157]: +6.4603069977030010e-04  +6.7477043434242068e-01  +3.7383560641480434e-01  +4.3152618542432852e-02
q[158]: +7.9049068933474166e-04  +7.0207665961128363e-01  +5.1610265880227679e-01  +9.3589336539603288e-02
q[159]: +1.0646556375324961e-03  +6.8791734540189786e-01  +4.8572687340267406e-01  +1.8425155756212289e-01
q[160]: +1.0936690907142996e-03  +6.9235609523795816e-01  +5.0008926801237086e-01  +2.9501554754629583e-01
q[161]: +8.5738215077357381e-04  +7.0421188469119589e-01  +5.2935161119762819e-01  +4.1561064585048674e-01
q[162]: +5.3596382547396683e-04  +7.2350613764465310e-01  +4.5876676047973958e-01  +4.1047978630085741e-01
q[163]: +2.9033019293725471e-04  +6.6954781838990129e-01  +4.3554402521106950e-01  +4.2640472309712435e-01
q[164]: +1.5839216000250385e-04  +6.4529274461354602e-01  +4.7643157232604133e-01  +5.7742606656797637e-03
q[165]: +5.1800182489809517e-04  +6.8499916875007971e-01  +4.8840614660471826e-01  +3.4736797326076804e-02
q[166]: +9.0928116051464624e-04  +7.0651964141290169e-01  +5.9524024150985066e-01  +2.7316661772234768e-01
q[167]: +5.1513199570103676e-04  +6.6444079854374394e-01  +4.8606648161729665e-01  +4.3966301345396852e-01
q[168]: +2.0581988573873403e-04  +6.9361086996198584e-01  +5.9398628036207335e-01  +8.5190143467516796e-03
q[169]: +3.4361320029125937e-04  +7.2194709673954593e-01  +6.0246295860394850e-01  +3.8675727130103567e-02
q[170]: +5.3934925417991112e-04  +6.9285502185969761e-01  +5.9417176111832248e-01  +9.1999553513664872e-02
q[171]: +8.4539311709622307e-04  +7.0143724962766374e-01  +5.8902661863145755e-01  +1.6934048085801676e-01
q[172]: +7.2334497836394759e-04  +7.3786134404026926e-01  +6.3307859700950819e-01  +4.2717097946617677e-01
q[173]: +6.1645121051141598e-04  +7.0199516187824185e-01  +6.0931479509340225e-01  +4.9528482739984597e-01
q[174]: +4.7473149312724297e-04  +6.8980614063153156e-01  +5.9485810159038466e-01  +5.4776923962291235e-01
q[175]: +2.5413764070711988e-04  +6.6544225982293226e-01  +5.3179085120456282e-01  +5.2278324477029270e-01
q[176]: +9.2454664903114330e-05  +7.0008700151585568e-01  +6.6318247280151565e-01  +6.1510009236971867e-03
q[177]: +3.3154294841728665e-04  +6.6520013838512215e-01  +6.1927033770747320e-01  +3.8783085938834658e-02
q[178]: +2.5634302863738854e-04  +6.6443234735345080e-01  +6.2489756252277118e-01  +9.4394070652212655e-02
q[179]: +6.7109285293722668e-04  +7.1049094605875840e-01  +6.6394433281577647e-01  +2.0738959750975164e-01
q[180]: +6.7477192985031741e-04  +6.9556530308269626e-01  +6.4883043599143286e-01  +3.2220801183864561e-01
q[181]: +5.8629663895867323e-04  +6.9677412556529261e-01  +6.5392024940501592e-01  +4.4346383920560695e-01
q[182]: +4.0746511245407831e-04  +6.9534533288180378e-01  +6.5821539685827057e-01  +5.4134138257937325e-01
q[183]: +2.8942321080914355e-04  +7.0037127603943206e-01  +6.6563112697100413e-01  +6.1877710427804933e-01
q[184]: +1.7362287052479598e-04  +6.5942002860668558e-01  +6.0293934819055439e-01  +5.9395567129167404e-01
q[185]: +4.1538146323644811e-05  +7.2930397027688254e-01  +7.2428018592244037e-01  +1.0402719969798930e-02
q[186]: +1.9364999281415020e-04  +6.7330387520806145e-01  +6.6554056278154883e-01  +1.0426179167170219e-01
q[187]: +2.1455579118878751e-04  +7.6719262537645416e-01  +7.5875627876683072e-01  +1.7699662360001434e-01
q[188]: +2.9830388597830893e-04  +6.6700649133032341e-01  +6.5781934805652387e-01  +2.0630879641879499e-01
q[189]: +3.2732138434590481e-04  +6.6150657248850897e-01  +6.5228804678668217e-01  +3.1629527759359022e-01
q[190]: +2.7828438128586693e-04  +6.5651629766368147e-01  +6.4831175722685253e-01  +4.2476496552983145e-01
q[191]: +1.5427152553878384e-04  +6.9452055828162862e-01  +6.8786122368385838e-01  +5.4070580674316782e-01
q[192]: +1.1322786331404627e-04  +6.7003099584404746e-01  +6.6303448570780055e-01  +5.7836921615583625e-01
q[193]: +9.0432440860775001e-05  +6.4412940395830642e-01  +6.3347479510823768e-01  +6.2412900548938854e-01
q[194]: +6.5178045833145823e-05  +7.3493688434909332e-01  +1.7288693085745127e-02  +9.0642091840328082e-03
q[195]: +1.6763185979431705e-04  +7.9450294352850437e-01  +6.0414396162108960e-02  +4.9224382299964321e-02
q[196]: +1.3233408175328243e-04  +8.0823978763715931e-01  +5.2711009396874037e-02  +9.8242048409827101e-03
q[197]: +4.8119703084074206e-04  +7.8588394504218295e-01  +1.8800444011577422e-01  +4.5213353006863286e-02
q[198]: +3.6127780081124801e-04  +7.8690439112356914e-01  +1.0426742801140752e-01  +4.6958910468137195e-02
q[199]: +2.2326897170728459e-04  +7.7587732961869427e-01  +1.2057443375559515e-01  +8.9490232016509966e-03
q[200]: +5.9152901267293012e-04  +7.6090067623842261e-01  +2.2158413429530779e-01  +1.1671858969674413e-01
q[201]: +3.4250370834132908e-04  +8.0592915009470978e-01  +1.5100221781767126e-01  +1.0628708656135773e-01
q[202]: +1.8836562316679751e-04  +7.3706147015032031e-01  +1.2365499700805818e-01  +1.1552774575105497e-01
q[203]: +2.8766632761568117e-04  +7.6046259617423473e-01  +2.2083953140717547e-01  +8.4034291049683470e-03
q[204]: +7.7898294377034823e-04  +8.0543070859029131e-01  +3.0281824767659232e-01  +1.0853501180753551e-01
q[205]: +5.6854667551728194e-04  +8.1373420545054498e-01  +2.9323321214729031e-01  +1.8643118748905571e-01
q[206]: +4.3674670536110775e-04  +7.8013533910471033e-01  +2.2166112369501809e-01  +1.7841807884146360e-01
q[207]: +2.3796244928514962e-04  +7.9146009320461819e-01  +2.1528423493306462e-01  +2.0685128857407242e-01
q[208]: +5.3157481206056174e-04  +8.2352926894719125e-01  +2.8719321728489272e-01  +4.4681669946512674e-02
q[209]: +7.7635644649377388e-04  +8.1256050413827219e-01  +4.1204921830726743e-01  +1.1064742767060519e-01
q[210]: +9.6470372783370490e-04  +8.0615527819650923e-01  +3.9239525043268669e-01  +1.9712567815279974e-01
q[211]: +4.3261016221822507e-04  +8.5004591696428589e-01  +3.1597543178355042e-01  +2.7049896289152886e-01
q[212]: +2.8542970503557150e-04  +7.8468417326327466e-01  +3.2281445066735870e-01  +3.1376742948611935e-01
q[213]: +2.9658731787807603e-04  +7.8046867186435120e-01  +3.4380344605024504e-01  +9.1341742641059161e-03
q[214]: +4.7295595789796364e-04  +8.3560232457596162e-01  +4.2266089927534245e-01  +4.6511201376092284e-02
q[215]: +6.5862415356011733e-04  +8.0739290520459850e-01  +3.9249949467946460e-01  +2.8154925993112317e-01
q[216]: +5.9930905468510303e-04  +8.0596527043659005e-01  +4.0854462671977393e-01  +3.6317473160331853e-01
q[217]: +2.8086638089845455e-04  +7.9703494937429598e-01  +4.7373952043833567e-01  +1.0169857563588186e-02
q[218]: +5.9309292571643692e-04  +7.8445803740864961e-01  +4.9388211010473604e-01  +4.7853107203286956e-02
q[219]: +7.1326724972666043e-04  +8.0166804482646525e-01  +5.2345114145571625e-01  +1.0969035651420514e-01
q[220]: +1.0669061286750704e-03  +8.0185097896186275e-01  +4.9592015607492618e-01  +1.9536519197856708e-01
q[221]: +1.1003751837485912e-03  +8.0109476701045990e-01  +5.0544586134239244e-01  +3.0452209642707467e-01
q[222]: +6.3351866660304047e-04  +8.1521759601313537e-01  +4.8278581126148423e-01  +3.7451936585571227e-01
q[223]: +5.2390312383329013e-04  +8.2116023246215131e-01  +5.3325747123064315e-01  +4.8648989951856658e-01
q[224]: +3.0160462395311191e-04  +7.8329037276704550e-01  +4.5459812649874459e-01  +4.4542592395295216e-01
q[225]: +2.2875737516150717e-04  +7.7976125495777360e-01  +5.8578398553830247e-01  +6.9634491995931086e-03
q[226]: +4.7141482021935074e-04  +8.1339712804748632e-01  +6.1649034843104367e-01  +3.8496426446314895e-02
q[227]: +5.9633791890292180e-04  +8.0793230386528547e-01  +6.2621134873851736e-01  +9.4485136974180359e-02
q[228]: +9.2974967314184609e-04  +7.9311439737792300e-01  +5.9547107521832165e-01  +1.7887086538668093e-01
q[229]: +1.0787621653173961e-03  +7.9334164413902852e-01  +5.9380197376528443e-01  +2.8394711784592136e-01
q[230]: +9.8293324046198243e-04  +8.0025581522337530e-01  +6.1237769782853113e-01  +4.0900561630894633e-01
q[231]: +8.0345322225569462e-04  +8.1319473588102797e-01  +5.8135219750462686e-01  +4.6684374184059979e-01
q[232]: +5.9381244270461015e-04  +7.8179102987067006e-01  +6.0955861294261537e-01  +5.5929233487102703e-01
q[233]: +2.9158305098238134e-04  +7.8031215525785891e-01  +5.7132173096811423e-01  +5.6169422079149323e-01
q[234]: +2.2610539103873125e-04  +8.1222270728942192e-01  +7.1273116561983108e-01  +1.0702133512975699e-02
q[235]: +3.6144767604962734e-04  +7.9165762913366122e-01  +6.9118402720040417e-01  +6.1249338019833760e-02
q[236]: +7.2536960988741890e-04  +8.0837422167267614e-01  +7.0130502519425109e-01  +1.4102300458414396e-01
q[237]: +9.1283071305251959e-04  +8.1070353011951723e-01  +6.9979276453300199e-01  +2.5117901410651700e-01
q[238]: +9.3925172608071335e-04  +8.0716207739618395e-01  +6.9617390255428757e-01  +3.7498957412696415e-01
q[239]: +6.4479661741152739e-04  +8.3574657590622237e-01  +7.3384347789600191e-01  +5.1689088117695414e-01
q[240]: +7.0884810797148948e-04  +8.0861617126611773e-01  +6.8114989062875253e-01  +5.6087532247831973e-01
q[241]: +3.9135140736841777e-04  +8.0507561647401638e-01  +7.1840526312624342e-01  +6.6972434024399607e-01
q[242]: +2.3180137251872047e-04  +7.8033592521518924e-01  +6.7343628884765061e-01  +6.6395138943670606e-01
q[243]: +1.1758830325928003e-04  +7.9520224764666736e-01  +7.5729432320725487e-01  +1.1740577877994186e-02
q[244]: +3.0212178491222346e-04  +7.8771654804917668e-01  +7.4233087428025113e-01  +5.0782927284786027e-02
q[245]: +4.5093883006432577e-04  +7.5908996578514787e-01  +7.1610182509808629e-01  +1.2265382114552530e-01
q[246]: +5.3772707150679712e-04  +8.2827872703769689e-01  +7.8087077471010480e-01  +2.1245559002078374e-01
q[247]: +5.8893255654930536e-04  +7.9821017411676420e-01  +7.5295769105921884e-01  +3.1770571449821006e-01
q[248]: +5.8926419082857998e-04  +7.9461426553988823e-01  +7.4945950486176727e-01  +4.4162774223345885e-01
q[249]: +4.9070780379183209e-04  +8.0614562964903946e-01  +7.5960059859222673e-01  +5.6642012793402630e-01
q[250]: +4.3055907865444218e-04  +8.0405265723214758e-01  +7.5011752464521742e-01  +6.4172688623803820e-01
q[251]: +1.9957216172741018e-04  +8.1013757764532623e-01  +7.8022066598281048e-01  +7.3464450002137727e-01
q[252]: +1.2720951826413303e-04  +7.7210789696665139e-01  +7.3492911158267182e-01  +7.2594625834422355e-01
q[253]: +3.2195128238348440e-05  +8.3116851158869487e-01  +8.2328524046174301e-01  +5.5740797720912902e-03
q[254]: +1.3772216767977868e-04  +7.3606293772271036e-01  +7.2698125649868228e-01  +4.6006250466673060e-02
q[255]: +1.8138858068369952e-04  +8.0691406326501380e-01  +7.9823613649578362e-01  +1.0023599354726474e-01
q[256]: +1.8172163266294076e-04  +8.3726831004581581e-01  +8.2711110801606380e-01  +2.4096142431507392e-01
q[257]: +2.9587048959775529e-04  +7.7722514581023128e-01  +7.6868044194561880e-01  +3.0842896701725298e-01
q[258]: +2.9771879212304797e-04  +7.7441423055878578e-01  +7.6596557012526267e-01  +4.3749357487083418e-01
q[259]: +2.7814105996282543e-04  +7.8855405889698482e-01  +7.7901022289177368e-01  +5.6067788916198047e-01
q[260]: +2.3331382779880381e-04  +7.9700568176730580e-01  +7.8678307535902636e-01  +6.7546726601665685e-01
q[261]: +8.5382813058532722e-05  +7.3973807788119472e-01  +7.3543204612429980e-01  +6.9382401276977890e-01
q[262]: +3.6204110845178015e-05  +7.7698904396521140e-01  +7.7149108532463284e-01  +7.6444990019453740e-01
q[263]: +5.2984719309262672e-05  +8.5338443823404708e-01  +1.7741510371543687e-02  +1.0037332717233775e-02
q[264]: +9.7152453533736209e-05  +8.9047647833803234e-01  +5.9998921644664291e-02  +5.2175307098965694e-02
q[265]: +4.4167617702668027e-05  +8.9944652613163167e-01  +4.3771065489697496e-02  +4.1544072638241150e-03
q[266]: +3.0413918719201876e-04  +8.7543123484424679e-01  +1.4272504251210846e-01  +3.2532752856026234e-02
q[267]: +2.1363498715565475e-04  +8.9321470016526283e-01  +8.0980668759524421e-02  +3.6061958902458967e-02
q[268]: +8.4868798205531295e-05  +8.8042473374001995e-01  +1.0438120354085205e-01  +3.5235145637028307e-03
q[269]: +5.5895226253773475e-04  +8.6019446418087453e-01  +2.0565985490449737e-01  +9.4869135436565166e-02
q[270]: +3.0429564072930620e-04  +8.9513152429933007e-01  +1.3879033288376030e-01  +9.5620153712089082e-02
q[271]: +1.7374963198321989e-04  +8.4481869798189413e-01  +1.2774290556759096e-01  +1.1928720247923030e-01
q[272]: +2.2831504510722165e-04  +8.6659725251046726e-01  +2.0563950415160390e-01  +8.8946785078786554e-03
q[273]: +3.9685203123981082e-04  +8.9963818657607586e-01  +2.4297540720444866e-01  +4.8011277360829871e-02
q[274]: +5.7116416254058340e-04  +8.9793370512631387e-01  +3.1423706729364598e-01  +1.0911524839955385e-01
q[275]: +5.9861380215429016e-04  +8.9186946883723639e-01  +3.0619684576868472e-01  +1.8372468181701243e-01
q[276]: +4.4706284423201147e-04  +8.8413038016128209e-01  +2.3175852256903420e-01  +1.8167241752424285e-01
q[277]: +1.9768703047381552e-04  +8.9027003671179461e-01  +2.1594927477885845e-01  +2.0546724528843258e-01
q[278]: +2.4977120402561534e-04  +8.7218693881950815e-01  +3.2439873590724422e-01  +8.7800596413284884e-03
q[279]: +3.6083563598365094e-04  +9.0265537776044202e-01  +3.5465259952388356e-01  +4.4774775016192231e-02
q[280]: +6.4295303971190817e-04  +8.9334746961702727e-01  +4.2137964543121403e-01  +1.0343112198265909e-01
q[281]: +6.5388575791095957e-04  +8.9433528706024135e-01  +4.0216118310885124e-01  +1.8779888757228352e-01
q[282]: +5.7300647474337529e-04  +8.8895991733649826e-01  +3.9147285177596558e-01  +2.8510353105470526e-01
q[283]: +3.3793939259151024e-04  +9.0019183640099709e-01  +3.8151979690968824e-01  +3.3872460034189478e-01
q[284]: +1.9134652615716900e-04  +8.8266370884406109e-01  +3.1047179222428739e-01  +3.0247487402365641e-01
q[285]: +1.9601803121012721e-04  +8.7792951551266452e-01  +4.5916458710823121e-01  +6.7658543734835982e-03
q[286]: +3.5710886094557132e-04  +9.0426341314545544e-01  +4.6570291714168210e-01  +3.6483134253467851e-02
q[287]: +7.3479400972525141e-04  +8.8451248798310211e-01  +5.4701781622714418e-01  +1.0845199413977238e-01
q[288]: +7.6379371599080519e-04  +8.9267414891479802e-01  +5.0170887401463748e-01  +1.9119791819952475e-01
q[289]: +8.2788018031585851e-04  +8.8933844315799049e-01  +4.8076236345287704e-01  +2.9120673565839772e-01
q[290]: +6.1223564585715783e-04  +8.9669935714255866e-01  +5.0508137790685070e-01  +4.0198965537971898e-01
q[291]: +4.6833387413859563e-04  +8.9963420348007372e-01  +4.9787253632983014e-01  +4.5466377006386099e-01
q[292]: +2.3861847108901229e-04  +8.7264599053947567e-01  +4.2995874667223499e-01  +4.2149846570796007e-01
q[293]: +2.2076235884733108e-04  +8.7762163888825773e-01  +5.9669591659797916e-01  +8.0772382092403200e-03
q[294]: +5.0078831408444460e-04  +8.8434928711506033e-01  +5.7407269227592195e-01  +4.4485261503296507e-02
q[295]: +7.7857131913434290e-04  +8.8972129709331782e-01  +6.0865841885801608e-01  +1.9593633859346382e-01
q[296]: +8.8601573857244450e-04  +8.8784647720276422e-01  +5.8391534325386674e-01  +2.9539408159342206e-01
q[297]: +8.5315999692724945e-04  +8.8955017359925015e-01  +5.9628096248729023e-01  +4.1201811541150118e-01
q[298]: +5.8528539743302513e-04  +9.0189686771619526e-01  +6.2383910166895207e-01  +5.2283068813603550e-01
q[299]: +3.4068675921042119e-04  +8.9332285343058881e-01  +6.1696704441142691e-01  +5.7804344057016310e-01
q[300]: +2.1821871153048129e-04  +8.7867207256090607e-01  +5.6613146600879505e-01  +5.5850591118076010e-01
q[301]: +1.7942962982862921e-04  +8.8388966276673131e-01  +7.1448353149868171e-01  +8.5298533629399459e-03
q[302]: +3.6770125814877754e-04  +9.0815248876994914e-01  +7.0272628052539776e-01  +4.3371752322017752e-02
q[303]: +6.6017137234897466e-04  +8.9167025316890491e-01  +6.7094827019647141e-01  +1.0571722931023825e-01
q[304]: +6.5997651427262541e-04  +8.8007970613416542e-01  +6.9545512201671444e-01  +1.9120678840471067e-01
q[305]: +8.0014729550812640e-04  +8.8296919080128355e-01  +6.8129414034032554e-01  +2.9292675155157449e-01
q[306]: +8.4763496628416401e-04  +8.8431193651026230e-01  +6.8485794428530689e-01  +4.0441926549400764e-01
q[307]: +7.7744921304651569e-04  +8.9555110069593125e-01  +7.1624282398120231e-01  +5.3261136840449652e-01
q[308]: +4.8459177632181866e-04  +8.8679317366538191e-01  +7.0704423569295227e-01  +6.1374842413131159e-01
q[309]: +3.0668915973810330e-04  +8.7406410837289328e-01  +6.9106279888598066e-01  +6.5346897757087197e-01
q[310]: +1.5329052388854766e-04  +8.7351600337447832e-01  +6.8029734648243323e-01  +6.7349240798773802e-01
q[311]: +1.1845854094236167e-04  +9.1315428660354536e-01  +8.1729750383155131e-01  +1.0857842989049698e-02
q[312]: +3.9912093109472962e-04  +8.7455526346485823e-01  +7.5809772666586950e-01  +5.1788785252787295e-02
q[313]: +5.4138141437772426e-04  +8.9740452690586880e-01  +7.7999158944370039e-01  +1.2164026454592509e-01
q[314]: +6.5183109151767296e-04  +9.0147086867715420e-01  +7.9541988270971953e-01  +2.2784464634890636e-01
q[315]: +6.9456543647285934e-04  +8.9495789653225488e-01  +7.7537414743712196e-01  +3.4183349266123336e-01
q[316]: +7.0228561100397601e-04  +8.9924793267089942e-01  +7.8914670807620457e-01  +4.7020267113383263e-01
q[317]: +4.9068011347590994e-04  +9.0898624783071502e-01  +8.2157215082693613e-01  +6.0733127371549545e-01
q[318]: +4.7621357684254049e-04  +8.9429625693918569e-01  +7.9955238167924503e-01  +6.8042059429325796e-01
q[319]: +2.8457543115695272e-04  +8.8959452541794615e-01  +7.7822539414844039e-01  +7.3040223769368329e-01
q[320]: +1.3096911567467086e-04  +8.8203313541590977e-01  +7.6938091132927300e-01  +7.6017219013670656e-01
q[321]: +6.2601833439514972e-05  +8.8390424471189832e-01  +8.3885007482269014e-01  +4.4190463545650477e-03
q[322]: +2.4763428701349706e-04  +8.9202869729334311e-01  +8.4416985487363805e-01  +4.0430325677285349e-02
q[323]: +4.1794628989818747e-04  +8.6571814336222619e-01  +8.1873428104380863e-01  +1.1051466043102393e-01
q[324]: +3.0529415889456190e-04  +9.0722630969550178e-01  +8.6058786185774738e-01  +1.9223044875405612e-01
q[325]: +4.0772789535249655e-04  +9.0102917639301328e-01  +8.5907732727903385e-01  +3.0661948371996256e-01
q[326]: +4.6613174829818974e-04  +8.7878094863858114e-01  +8.2315769111832138e-01  +3.8273386040320395e-01
q[327]: +4.8225095134258092e-04  +8.8294687157787455e-01  +8.4057447311591837e-01  +5.0870106811799531e-01
q[328]: +3.3090361792712018e-04  +8.8804664888191354e-01  +8.5721435587503370e-01  +6.2935587493977230e-01
q[329]: +3.1030774789846935e-04  +8.9266631121854956e-01  +8.5717468955748011e-01  +7.2683290226446495e-01
q[330]: +2.5290550915346482e-04  +8.9802695653378262e-01  +8.5245590113895053e-01  +7.9972133462020800e-01
q[331]: +1.1830372765610129e-04  +8.7220001137354797e-01  +8.1880161559743148e-01  +8.0918338687703972e-01
q[332]: +5.2482281325343029e-05  +9.2320957079653410e-01  +9.1361138715144941e-01  +1.1371634947383391e-02
q[333]: +1.0840607564841539e-04  +8.5191011677970974e-01  +8.4292576474383096e-01  +3.7609334483321315e-02
q[334]: +1.2527448862123522e-04  +9.0519456601909420e-01  +8.9596383292303672e-01  +8.5713715443146932e-02
q[335]: +1.9332471738844277e-04  +8.8503908251160512e-01  +8.7607823142683305e-01  +1.7005525202647007e-01
q[336]: +1.7713029532147044e-04  +8.9559753838386413e-01  +8.8834816588759402e-01  +3.1504211732050502e-01
q[337]: +2.8902424186443259e-04  +8.6780352605066013e-01  +8.5737132472118105e-01  +4.1873285368669017e-01
q[338]: +2.0042131427078081e-04  +8.8068932386548238e-01  +8.7423755097337397e-01  +5.5772463919275872e-01
q[339]: +1.2356879177481754e-04  +8.7653550092207977e-01  +8.7198886221874927e-01  +6.8784992895420061e-01
q[340]: +9.9558761494264981e-05  +8.9156308260660333e-01  +8.8330533056940053e-01  +7.8779962572567741e-01
q[341]: +7.6273920862070984e-05  +8.5759121478020839e-01  +8.5168633131724536e-01  +8.0630141198038618e-01
q[342]: +6.1631216788053309e-05  +8.7985543118985232e-01  +8.6857977025185507e-01  +8.5852675665573430e-01
q[343]: +4.2505931606525627e-05  +9.4067458890442279e-01  +1.9810644671991635e-02  +1.0792369630067813e-02
q[344]: +7.7783333445871619e-05  +9.5723836798944528e-01  +6.4710459500024117e-02  +5.4225173980541955e-02
q[345]: +9.0445714828620428e-05  +9.5598033438695462e-01  +6.5938191258194168e-02  +1.2182708073355473e-02
q[346]: +2.3526724409910220e-04  +9.4675125268014493e-01  +1.5877313615843108e-01  +4.9656253511709839e-02
q[347]: +1.5471904360515475e-04  +9.6506523443922299e-01  +1.0692882489271799e-01  +5.9561880711566248e-02
q[348]: +1.2695485502168098e-04  +9.4854140116668451e-01  +1.3843959905140557e-01  +1.0026198867437596e-02
q[349]: +3.5466140624766722e-04  +9.3778524925607054e-01  +2.1258891060554339e-01  +1.0901732412628101e-01
q[350]: +2.3715731856540048e-04  +9.5863434397228720e-01  +1.7841497051017921e-01  +1.3928768639078284e-01
q[351]: +1.1665596919614406e-04  +9.3309296237000527e-01  +1.3287368284909973e-01  +1.2559728792771066e-01
q[352]: +1.5495789495976442e-04  +9.4379807533631166e-01  +2.3297487035061024e-01  +9.2285325937291607e-03
q[353]: +2.7712873489129123e-04  +9.6225593563641798e-01  +2.5383195034134792e-01  +4.9946023967195531e-02
q[354]: +3.4428146263188722e-04  +9.5802182609909492e-01  +3.0171217663461064e-01  +1.1713206184354100e-01
q[355]: +3.1993084514761125e-04  +9.5870194062543757e-01  +2.9530993057113586e-01  +1.8463233998010223e-01
q[356]: +3.6734884613111719e-04  +9.4623740501308662e-01  +2.9234917354607753e-01  +2.3792043004253868e-01
q[357]: +1.5563142321628384e-04  +9.5730401781607677e-01  +2.4564382607668173e-01  +2.3610200682784888e-01
q[358]: +1.0091819980219868e-04  +9.4636408354616319e-01  +3.4479832086047102e-01  +5.4428719102291275e-03
q[359]: +2.1632782376225699e-04  +9.5145982710839083e-01  +3.4752183784080221e-01  +3.1661870157440729e-02
q[360]: +3.8660327756367632e-04  +9.5777519072613393e-01  +3.9514962304471457e-01  +8.6962788347703088e-02
q[361]: +4.0261686313123300e-04  +9.5852262273123923e-01  +4.1423168161551055e-01  +1.5972230241952196e-01
q[362]: +5.2861399400492453e-04  +9.5393609612327679e-01  +4.0561994808529317e-01  +2.3805928832305681e-01
q[363]: +4.7243121767773851e-04  +9.5147156111722564e-01  +4.2022831566952956e-01  +3.2617255505350701e-01
q[364]: +2.2894945603939989e-04  +9.4924499992346434e-01  +3.6655620133351030e-01  +3.4330530794735897e-01
q[365]: +5.9458580962188227e-05  +9.4894235209689393e-01  +3.7674036500194136e-01  +3.7574696000878627e-01
q[366]: +1.4143258810918923e-04  +9.4742538647715968e-01  +4.5932271359568638e-01  +8.4404997930981208e-03
q[367]: +2.5647026438335697e-04  +9.7072561242734567e-01  +4.8446571164642727e-01  +3.9105933781814851e-02
q[368]: +3.8485210392756846e-04  +9.4446464033982980e-01  +5.1852555504120412e-01  +7.8698100784278593e-02
q[369]: +6.0381642539013433e-04  +9.5508080032655485e-01  +5.2539180776416272e-01  +2.4721037098164278e-01
q[370]: +6.3550432357598876e-04  +9.5407917487806970e-01  +5.3971726110081919e-01  +3.5448677687846925e-01
q[371]: +4.4994868456865473e-04  +9.5788345689446586e-01  +5.6044948757291790e-01  +4.5592787699109205e-01
q[372]: +2.9877495891232858e-04  +9.6600707409797237e-01  +4.8412307780610703e-01  +4.3971357294274299e-01
q[373]: +1.7468113679967512e-04  +9.4528245878434425e-01  +5.0058146764373279e-01  +4.9091637182536696e-01
q[374]: +1.9874650909223977e-04  +9.4710520155455580e-01  +5.8701752210095115e-01  +1.0348584857309625e-02
q[375]: +3.7952690515125905e-04  +9.5471900878002247e-01  +6.2785899357225827e-01  +5.2275053506384464e-02
q[376]: +5.5941171145632268e-04  +9.5325253619815475e-01  +6.4677732682470601e-01  +1.3061807733768718e-01
q[377]: +5.3124155987811393e-04  +9.5403575993670675e-01  +5.2472075694012621e-01  +1.4978155635561272e-01
q[378]: +6.4110916131499582e-04  +9.5513622092460460e-01  +6.4203303796540256e-01  +2.2942993636936854e-01
q[379]: +6.8343701450799968e-04  +9.5184976066872284e-01  +6.4590916167547807e-01  +3.4238925858977909e-01
q[380]: +6.1194869115715957e-04  +9.5390120166540215e-01  +6.6851949103895647e-01  +4.6651833463231096e-01
q[381]: +4.1138114233820372e-04  +9.5983072508864997e-01  +6.8484631678201491e-01  +5.6838807679950942e-01
q[382]: +3.5517837844084289e-04  +9.5578978784976298e-01  +6.2265163528331124e-01  +5.7819470523867278e-01
q[383]: +1.1437111386724801e-04  +9.5201453294118388e-01  +6.1676152965220843e-01  +6.0971472132445237e-01
q[384]: +1.4096542016402413e-04  +9.5089268425533191e-01  +7.1558349796724829e-01  +8.2804536966166534e-03
q[385]: +2.0395024550596712e-04  +9.6448304901819526e-01  +7.4508408532348858e-01  +4.1979620245939916e-02
q[386]: +3.9758099829186532e-04  +9.5672691133156351e-01  +7.5236511319535715e-01  +1.0472902203905826e-01
q[387]: +6.0439575063789600e-04  +9.4854864679723938e-01  +7.5111172952848693e-01  +2.0506619304154797e-01
q[388]: +6.1691343110168502e-04  +9.5148188876047790e-01  +7.5621335747271345e-01  +4.4035621450812734e-01
q[389]: +4.6754662747987969e-04  +9.5772335774020645e-01  +7.8396382845069901e-01  +5.6854065564740841e-01
q[390]: +3.8481080744349057e-04  +9.5273833345084291e-01  +7.8104107570832293e-01  +6.5808283296904224e-01
q[391]: +3.3599916860315332e-04  +9.5189709931598654e-01  +7.4629856225420310e-01  +6.9367530890873419e-01
q[392]: +1.6885623556092921e-04  +9.4619181894652915e-01  +7.2044616322856547e-01  +7.0983775380199221e-01
q[393]: +1.0763906972979312e-04  +9.5887003748179345e-01  +8.2683371356404312e-01  +1.0104376386739050e-02
q[394]: +3.0726231491006746e-04  +9.5127485686879121e-01  +8.3371781340248952e-01  +5.5203671698484606e-02
q[395]: +3.2286487163592681e-04  +9.5504195049335805e-01  +8.3654224060275062e-01  +1.4032564161273275e-01
q[396]: +3.1895188899293871e-04  +9.7276705895464488e-01  +8.5872140061590074e-01  +2.2467337343351315e-01
q[397]: +4.3244833412458102e-04  +9.5373192518880345e-01  +8.4938841008683907e-01  +3.1542723793254135e-01
q[398]: +4.4917579716076861e-04  +9.6019794131637892e-01  +8.4936263286008906e-01  +4.2986333517405539e-01
q[399]: +3.8534111005257326e-04  +9.5961504679676846e-01  +8.5603551824343316e-01  +5.5473142439497669e-01
q[400]: +3.1805344681689170e-04  +9.6116491240421453e-01  +8.7055052943341138e-01  +6.8746000110939853e-01
q[401]: +2.7357255631423044e-04  +9.5465878878681409e-01  +8.5371650622945583e-01  +7.6538501130086745e-01
q[402]: +1.9490990464385614e-04  +9.5087654230231811e-01  +8.3050501962831491e-01  +8.0170765899539043e-01
q[403]: +5.3009310228874931e-05  +9.5048020948848100e-01  +8.2203335825462531e-01  +8.1953172050529011e-01
q[404]: +3.4490472507338252e-05  +9.6281906152748264e-01  +9.1721063252632928e-01  +3.3909267325840519e-03
q[405]: +1.1922510584179956e-04  +9.6044874314138307e-01  +9.1289922734055828e-01  +2.9928089888325224e-02
q[406]: +2.9701575524600460e-04  +9.4752853428167338e-01  +8.9726407281759091e-01  +9.9740978631369964e-02
q[407]: +2.7710719535163056e-04  +9.5580724714433885e-01  +9.0563039143421553e-01  +2.0471124079584854e-01
q[408]: +2.9483985993397101e-04  +9.6027391648580374e-01  +9.1902916667738788e-01  +3.3498917432605574e-01
q[409]: +3.9455489161936518e-04  +9.4617103117262036e-01  +8.9892603125472292e-01  +4.5924051312777997e-01
q[410]: +3.2631908317131884e-04  +9.5357310617626012e-01  +9.1034675546236266e-01  +5.9807986891528664e-01
q[411]: +2.0694457392382633e-04  +9.5475857824468224e-01  +9.1974824535933497e-01  +7.2184413556021987e-01
q[412]: +1.9529548804249805e-04  +9.6108814200505865e-01  +9.2242636864131822e-01  +8.1292328552877691e-01
q[413]: +1.0873144789514640e-04  +9.5982880708826845e-01  +9.0871437450312587e-01  +8.6478618592213718e-01
q[414]: +8.3659085362016683e-05  +9.4761951116977694e-01  +8.9790161469454743e-01  +8.8838200866408068e-01
q[415]: +1.5010978131833672e-05  +9.8115100128998656e-01  +9.7393754678413902e-01  +7.5844591648060837e-03
q[416]: +7.5793091069179688e-05  +9.5450823039882127e-01  +9.4495293639396793e-01  +5.0162464220318601e-02
q[417]: +1.2446645807964547e-04  +9.5972710835947794e-01  +9.5002958022553297e-01  +1.4267232023589704e-01
q[418]: +1.5364040503072551e-04  +9.4571604924056352e-01  +9.3617186385778195e-01  +2.4475751134349877e-01
q[419]: +1.0895642034222703e-04  +9.6372927296010591e-01  +9.5633204500175584e-01  +3.7010608062660610e-01
q[420]: +1.7052406658100706e-04  +9.4066593764778761e-01  +9.3117126358708857e-01  +4.6022647598338373e-01
q[421]: +1.4939086829704961e-04  +9.5328731020832458e-01  +9.4458568268364251e-01  +5.8387184452403107e-01
q[422]: +1.2603121443642825e-04  +9.4737740747338650e-01  +9.4015787465002765e-01  +7.0387951502068480e-01
q[423]: +8.2460391723975543e-05  +9.5043266978852192e-01  +9.4483846311995023e-01  +8.1804334728906225e-01
q[424]: +8.9644098471629828e-05  +9.4512118523256328e-01  +9.3514407472657823e-01  +8.8984882128479048e-01
q[425]: +2.5167494138406067e-05  +9.5074050239767094e-01  +9.4212287677219686e-01  +9.3475752835728998e-01
q[426]: +2.2742941113861043e-05  +9.8837507712287209e-01  +2.1843009885008591e-02  +9.6437387489457758e-03
q[427]: +2.5267797601083569e-05  +9.9221751237153988e-01  +5.8946325890113394e-02  +5.1386526620668331e-02
q[428]: +2.7298003747783390e-05  +9.9079390978675597e-01  +7.0018336654999278e-02  +6.4884438709852119e-03
q[429]: +1.1952655502043474e-04  +9.8996332388428776e-01  +1.6890150796380729e-01  +4.4793150179591595e-02
q[430]: +4.8287507500491230e-05  +9.9431750741604796e-01  +8.9476045692740272e-02  +3.8931620714499023e-02
q[431]: +5.1889471492618064e-05  +9.9001962356474460e-01  +1.5168669873850035e-01  +8.4674224469605246e-03
q[432]: +1.7815273226601754e-04  +9.8921294443399244e-01  +2.0698376100620261e-01  +1.1211965662169943e-01
q[433]: +5.6198658543102428e-05  +9.9518531297820323e-01  +1.4117028360248510e-01  +1.0803571971620025e-01
q[434]: +5.3279634274484771e-05  +9.8581909122135203e-01  +1.3772095349995792e-01  +1.3152422560094934e-01
q[435]: +7.5770714031721541e-05  +9.8906405643862205e-01  +2.5666583140704774e-01  +9.2223926404733855e-03
q[436]: +9.0274396323451186e-05  +9.9429670363786959e-01  +2.7328755244716157e-01  +4.6779529595777976e-02
q[437]: +1.7825944841028268e-04  +9.9186227069009814e-01  +2.9941588222351945e-01  +1.1319876961290214e-01
q[438]: +1.8842863263452363e-04  +9.9213189134219826e-01  +3.2864381056093822e-01  +2.1107318651009821e-01
q[439]: +1.3237204655526888e-04  +9.9073821188401123e-01  +2.5050218071873770e-01  +2.0336785520303205e-01
q[440]: +5.0493024813657909e-05  +9.9328632830420216e-01  +2.4084468803197503e-01  +2.3136203129041988e-01
q[441]: +7.6623892280353555e-05  +9.8993912465068612e-01  +3.8188930529117315e-01  +8.6202082978035777e-03
q[442]: +1.4914912609879455e-04  +9.8903936304834961e-01  +3.7714212105121714e-01  +4.6960240939059442e-02
q[443]: +1.8718099921170167e-04  +9.9282351383968981e-01  +4.1718439184006512e-01  +1.1190169130734501e-01
q[444]: +2.3950160726882069e-04  +9.9151225217351013e-01  +4.1892418066776804e-01  +2.0312944298183030e-01
q[445]: +2.4136775396745532e-04  +9.9025515365624528e-01  +4.4509811912049418e-01  +3.2331249879229462e-01
q[446]: +1.8488036960903346e-04  +9.8881906476757131e-01  +3.6335799031184651e-01  +3.1256998083828480e-01
q[447]: +8.0798247772431541e-05  +9.9019168068690444e-01  +3.6466855759190897e-01  +3.5530798479253672e-01
q[448]: +6.9162266008348486e-05  +9.8953052559958909e-01  +5.2329186280393192e-01  +6.6017077600469473e-03
q[449]: +4.6844970279197117e-05  +9.9974885913954070e-01  +4.8384888465199072e-01  +3.9948404966569727e-02
q[450]: +2.6990632000423967e-04  +9.8959718604103331e-01  +5.3966238148076928e-01  +1.0147863525601608e-01
q[451]: +2.7092350040984524e-04  +9.9147036714599346e-01  +5.3388545349184424e-01  +1.9660313826290082e-01
q[452]: +2.7759343085364196e-04  +9.9095689545830246e-01  +6.3015186526766076e-01  +3.0129689515565750e-01
q[453]: +2.7629998372481448e-04  +9.9137829492749097e-01  +5.2885410245592357e-01  +3.1119421652386248e-01
q[454]: +1.8011256117175898e-04  +9.9178908139720556e-01  +5.4878145326956040e-01  +4.4175719188485163e-01
q[455]: +8.0881592386923247e-05  +9.9618198610057285e-01  +4.7759586879313370e-01  +4.3121467063961738e-01
q[456]: +8.8572072152678355e-05  +9.8960464043317209e-01  +5.0474036579717352e-01  +4.9553115034532214e-01
q[457]: +7.5005646581821183e-05  +9.8977730330269198e-01  +6.6788068625891350e-01  +8.2649839049290033e-03
q[458]: +1.4088817018225990e-04  +9.9115572519257478e-01  +6.0777822870338771e-01  +3.9663487391575221e-02
q[459]: +2.2042601366123650e-04  +9.9121267344160024e-01  +6.7360874080289057e-01  +1.0264437492114765e-01
q[460]: +2.6425340512713078e-04  +9.9160390517241859e-01  +6.5182480349866323e-01  +1.8886444903372046e-01
q[461]: +2.7530772477395811e-04  +9.9119573925385951e-01  +7.3435130015387384e-01  +3.0146206928292218e-01
q[462]: +2.5383607037878089e-04  +9.9048575831760211e-01  +6.8824597481997785e-01  +4.1507242401719069e-01
q[463]: +2.3286359781607275e-04  +9.9136419328768277e-01  +6.2453099006391821e-01  +4.4143944248370776e-01
q[464]: +2.0301042288204619e-04  +9.9223375724358698e-01  +6.8928455153951662e-01  +5.6972797237405859e-01
q[465]: +1.5321264001596363e-04  +9.9194969103857467e-01  +6.1134270624055376e-01  +5.6092649787675775e-01
q[466]: +8.1551416325058445e-05  +9.9067784396132075e-01  +6.4375002296707129e-01  +6.3363607037379044e-01
q[467]: +5.5376121692306148e-05  +9.9181625318244238e-01  +7.9651764515891232e-01  +8.5868154048016447e-03
q[468]: +1.1722292854667916e-04  +9.9282106839340034e-01  +7.4291012074786944e-01  +4.5130017878773479e-02
q[469]: +1.7862474962497654e-04  +9.9194207330150919e-01  +7.9481345395377501e-01  +1.1496250447500271e-01
q[470]: +2.9331502270963760e-04  +9.8979037134824166e-01  +7.7080355100687603e-01  +2.0096419081661221e-01
q[471]: +6.6268494361483815e-04  +9.5214646390352586e-01  +7.5045348551313229e-01  +3.1704196821717162e-01
q[472]: +2.9576140139397732e-04  +9.9056157080746210e-01  +7.8652792975412467e-01  +4.2846380843523585e-01
q[473]: +2.6646201921251154e-04  +9.9157157808202423e-01  +7.6749111767540235e-01  +5.4943532382425408e-01
q[474]: +2.0564043398947255e-04  +9.9124854683639396e-01  +8.0819778887229865e-01  +6.8125009258840485e-01
q[475]: +1.6647315241216870e-04  +9.9087596600669470e-01  +7.4270300122381072e-01  +6.9044413906318702e-01
q[476]: +7.7231929394920202e-05  +9.8963701920474256e-01  +7.6692542731694691e-01  +7.5683923427623223e-01
q[477]: +4.7386382336987770e-05  +9.9120442455338431e-01  +8.9637103628172810e-01  +1.0589626395438997e-02
q[478]: +1.2051233275285056e-04  +9.9153130167167758e-01  +8.5509082183854590e-01  +4.9919230215776524e-02
q[479]: +1.6609575778517806e-04  +9.8965895738655707e-01  +8.8477984147014133e-01  +1.2170631948192015e-01
q[480]: +9.8950354331911908e-05  +9.9773943182997837e-01  +8.8157597803110310e-01  +2.1708014417633553e-01
q[481]: +2.7032032972952548e-04  +9.9080606862139453e-01  +8.3878466193776169e-01  +3.2343697377554248e-01
q[482]: +1.8299588419591579e-04  +9.9289179840353969e-01  +8.8706810490031784e-01  +4.5264565640043247e-01
q[483]: +1.8861133816509045e-04  +9.9198579910508322e-01  +8.5777637573207854e-01  +5.5220370079951298e-01
q[484]: +1.6814408889382173e-04  +9.9244769887886541e-01  +8.7978088875530325e-01  +6.6802357551865954e-01
q[485]: +1.2023003212411444e-04  +9.9115825359071219e-01  +8.9780017400907164e-01  +7.7904915037488853e-01
q[486]: +1.3497988371609607e-04  +9.9075011281660619e-01  +8.5325731900929325e-01  +7.9921761568162442e-01
q[487]: +5.6135321241264408e-05  +9.9056366403277696e-01  +8.6670541927499889e-01  +8.5579011451400266e-01
q[488]: +1.5103811689982845e-05  +9.9667741038323676e-01  +9.6260687842718495e-01  +1.1038837987623925e-02
q[489]: +9.1925077208931019e-05  +9.9080768020077548e-01  +9.3634963202670585e-01  +5.7254677695565546e-02
q[490]: +1.1055921562304752e-04  +9.9056436120031632e-01  +9.4773696309737276e-01  +1.3881063019426987e-01
q[491]: +1.3306856119599421e-04  +9.9087054567778954e-01  +9.4743111816209113e-01  +2.3929440378368513e-01
q[492]: +1.6935001423943301e-04  +9.9226600111321928e-01  +9.2678698013435645e-01  +3.4676392506917814e-01
q[493]: +1.7746362342109566e-04  +9.8877466709505824e-01  +9.4976157898444236e-01  +4.7714683305492700e-01
q[494]: +1.6642303761727259e-04  +9.9139609230993231e-01  +9.3438124475496420e-01  +5.9275451828925840e-01
q[495]: +1.3604614704923151e-04  +9.9106972556703765e-01  +9.4811060691699545e-01  +7.2089947272510879e-01
q[496]: +6.0543584942404131e-05  +9.9511213925923048e-01  +9.5163362926157846e-01  +8.3061740395442019e-01
q[497]: +7.6707675923605250e-05  +9.9158117918514488e-01  +9.3701147375221383e-01  +8.9267880320814963e-01
q[498]: +2.6704196065860176e-05  +9.9008370173087290e-01  +9.3641223423659059e-01  +9.2998928805166448e-01
q[499]: +1.5010965963165745e-05  +9.9280648747974798e-01  +9.8381636512507986e-01  +3.0305254979001630e-02
q[500]: +4.4860568910268024e-05  +9.8997837411346790e-01  +9.7964821898463639e-01  +8.0588412964507583e-02
q[501]: +2.8102030259105808e-05  +9.9458955082817413e-01  +9.8766047369276055e-01  +1.6495176017055149e-01
q[502]: +6.4053958996180310e-05  +9.8808230123008878e-01  +9.8009344534580645e-01  +2.5848219669067551e-01
q[503]: +6.1181842924495539e-05  +9.9475218449364888e-01  +9.8203298589867338e-01  +3.7094596598747298e-01
q[504]: +5.8297472415009436e-05  +9.8928624271190302e-01  +9.8341056910835511e-01  +5.0037890794131656e-01
q[505]: +7.4311135837561076e-05  +9.9152725727994817e-01  +9.7963731773114204e-01  +6.1858441894382099e-01
q[506]: +5.3541764110181027e-05  +9.8963249090989558e-01  +9.8243856664238727e-01  +7.2628931416724007e-01
q[507]: +5.4185192634679574e-05  +9.9038196901171671e-01  +9.8146777202170499e-01  +8.2884825922468897e-01
q[508]: +4.7649558476235971e-05  +9.8945636739779486e-01  +9.7976104306202794e-01  +9.1480568505998661e-01
q[509]: +2.2518810301350060e-05  +9.9025452297002536e-01  +9.7936175698540850e-01  +9.6631098722090614e-01

