Gauss-Jacobi alf=0.000000 bet=1.000000 weights/abscissas
deg: 23
dim: 1
nodes: 12
2.166486088687174724e-02 8.539054988427418821e-03
4.742785198037755695e-02 4.444646315540771997e-02
6.660675062667331670e-02 1.068544908834766494e-01
7.689660268004094856e-02 1.921510545298540373e-01
7.769631681553103297e-02 2.953808842625802455e-01
7.010933999763002689e-02 4.105450812014576623e-01
5.661384371366773305e-02 5.309508493128175521e-01
4.045165370691371221e-02 6.496006502772548874e-01
2.487678040926550802e-02 7.595988895252269169e-01
1.243600916642227834e-02 8.545525437649358347e-01
4.444807795668465414e-03 9.289421012644110132e-01
7.751822209380285255e-04 9.784379368341495908e-01
