Gauss-Jacobi alf=3.000000 bet=0.000000 weights/abscissas
deg: 17
dim: 1
nodes: 9
4.903324986111161479e-05 8.221504962671273564e-02
7.413998070346858316e-04 1.852331828199529351e-01
4.161803867366773400e-03 3.125571098222749145e-01
1.358763130620247589e-02 4.541805224367294613e-01
3.048457641096418563e-02 5.987030358003678776e-01
5.054288568963522660e-02 7.344423768465402347e-01
6.321442627292453431e-02 8.504137313886122040e-01
5.735611285474345733e-02 9.372300525461566556e-01
2.986213054126754529e-02 9.878820815697958446e-01
