efficiency: 0.928962
deg: 14
dim: 3
nodes: 183
q[0]:   +6.2235512090157892e-05  +5.1408183092589051e-02  +2.0061124252535846e-02  +4.2112760606835015e-03
q[1]:   +1.4963864701166552e-04  +1.1699535431892535e-01  +1.0236925685331343e-01  +1.6578233051936470e-02
q[2]:   +1.1849968394609123e-04  +8.1974681289268575e-02  +7.2309730900440808e-02  +5.2743112693497962e-02
q[3]:   +2.6624788871356276e-04  +1.6959741991215513e-01  +3.5249021758007905e-02  +1.7873332832541805e-02
q[4]:   +3.2395639097384225e-04  +1.5576123177973289e-01  +9.0339759769092004e-02  +7.6572868010317027e-02
q[5]:   +3.3644159507847092e-04  +1.8870719039301373e-01  +1.0103128326991205e-01  +1.3052717986040881e-02
q[6]:   +4.0915500005899900e-04  +1.9409328234084047e-01  +1.3351303878872767e-01  +6.0409743061237066e-02
q[7]:   +2.7952505170804391e-04  +2.2227150310728899e-01  +2.0467277126293767e-01  +2.2563348731858786e-02
q[8]:   +4.6277293308124646e-04  +2.1527710499327860e-01  +2.0072363004693283e-01  +1.0843345537656585e-01
q[9]:   +2.3744347612661361e-04  +2.1014453402540928e-01  +1.9711945280799348e-01  +1.8115772547030190e-01
q[10]:  +3.9136360799753311e-04  +3.2530569079686711e-01  +3.7598016793137047e-02  +1.7503833549656282e-02
q[11]:  +5.8684674178306393e-04  +3.1103451596476261e-01  +1.0614386138613649e-01  +9.2708037001632285e-02
q[12]:  +8.4003091492735205e-04  +3.2874831514719355e-01  +1.1818459307467329e-01  +2.0398691982981998e-02
q[13]:  +1.0608347860212219e-03  +3.1474362121692101e-01  +1.6634202801347972e-01  +9.8585664936889986e-02
q[14]:  +6.4351076744441230e-04  +3.0493165020762714e-01  +2.1720779282591982e-01  +2.0068178392826413e-01
q[15]:  +6.1085236310010125e-04  +3.2457191518697048e-01  +2.3018153788067869e-01  +1.3920878843161223e-02
q[16]:  +1.2725212820555555e-03  +3.4119346205398138e-01  +2.5218514624130733e-01  +8.4367719315255510e-02
q[17]:  +7.2662633200711035e-04  +3.2122696613957813e-01  +2.6296878474382274e-01  +1.9114337723685346e-01
q[18]:  +2.2695788334592417e-04  +3.4985593178377078e-01  +3.2976837501929968e-01  +1.0065430682070102e-02
q[19]:  +5.2255036110280346e-04  +3.3532921884590866e-01  +3.1838228799263324e-01  +7.5670419527169921e-02
q[20]:  +6.3346499555764970e-04  +3.6804072131533538e-01  +3.4919308500804530e-01  +1.7190090029977673e-01
q[21]:  +4.6237848739150053e-04  +3.6216037951343827e-01  +3.4968325585577853e-01  +2.7735099833634180e-01
q[22]:  +3.7075058907457914e-04  +3.9801437236769571e-01  +3.7598739258239705e-01  +3.6303122290607392e-01
q[23]:  +6.7198158964018628e-04  +4.8615583160295339e-01  +1.0078966112054100e-01  +8.5680958750069230e-02
q[24]:  +3.9067676540053680e-04  +4.9997612542025566e-01  +3.7889438226234050e-02  +1.6639741753481842e-02
q[25]:  +1.5470432278324377e-03  +4.7510482951664834e-01  +1.6809593756865759e-01  +8.7914995013334260e-02
q[26]:  +8.4780655615723929e-04  +5.0480844545219472e-01  +1.2227406395150534e-01  +1.5329471112336977e-02
q[27]:  +2.8539804411841852e-04  +5.1320732319072038e-01  +1.8032546928974363e-01  +1.6150376240402797e-01
q[28]:  +1.2137410939850747e-03  +4.7804012240221655e-01  +2.5298194115550554e-01  +1.9977473903316664e-02
q[29]:  +2.0468226568872614e-03  +4.8906433425213158e-01  +2.8588538901535854e-01  +1.0296064457302222e-01
q[30]:  +1.8843804287754259e-03  +4.8206552857184332e-01  +2.7410283226103999e-01  +2.1543133004827153e-01
q[31]:  +3.8792819427798872e-04  +4.4920830095518938e-01  +2.3046320766443101e-01  +2.2826414248617510e-01
q[32]:  +1.7390901041718745e-03  +4.5854870303200840e-01  +3.6003225662428590e-01  +2.3015931013783958e-01
q[33]:  +9.9330939387320808e-04  +4.8481784272595219e-01  +3.7950647875367910e-01  +3.5713776357284627e-01
q[34]:  +6.9986860970890573e-04  +5.1222306743746371e-01  +4.1074224425356598e-01  +1.3008176450108584e-02
q[35]:  +1.3428018279119526e-03  +4.8037807520195480e-01  +3.8949379865941047e-01  +6.6962105290047300e-02
q[36]:  +1.9283301932132815e-03  +5.3334038800382877e-01  +4.4983113436764943e-01  +1.8338641397911876e-01
q[37]:  +6.1998073500384328e-04  +5.0666173074301468e-01  +4.8919530094585734e-01  +3.8667223241800558e-01
q[38]:  +1.0861510425263907e-03  +5.3428826116041550e-01  +4.5998872060100460e-01  +3.7561423819864198e-01
q[39]:  +4.6301323967575225e-04  +4.8965421124669384e-01  +4.7178997028368680e-01  +2.8762967253012729e-02
q[40]:  +7.0274927614837448e-04  +4.8298786837729191e-01  +4.6469125200098582e-01  +1.1189440549687474e-01
q[41]:  +8.7415673005400429e-04  +5.0045424454102572e-01  +4.8403367277165621e-01  +2.6211044672587497e-01
q[42]:  +3.2722413373695373e-04  +6.5787618811052428e-01  +3.7495704653935785e-02  +2.4426967753938617e-02
q[43]:  +1.5958070015285374e-03  +6.4845655592533036e-01  +1.6839909102638201e-01  +8.2660799919380676e-02
q[44]:  +8.2267576556167756e-04  +6.7667897570459956e-01  +1.2731329171539080e-01  +1.1060563320965350e-01
q[45]:  +6.5397400372299249e-04  +6.7315688196256462e-01  +9.7485646814124263e-02  +1.7103781370940770e-02
q[46]:  +2.2081600137577348e-03  +6.4504268406305720e-01  +2.9113885487590008e-01  +8.7027959271834779e-02
q[47]:  +1.1117021281349209e-03  +6.5251766440583692e-01  +2.4526977189257101e-01  +1.7415952642292523e-02
q[48]:  +2.3349212296047421e-03  +6.6129460513599381e-01  +3.0519840987026203e-01  +2.0765656060539497e-01
q[49]:  +1.1431113954446046e-03  +6.2845783016537360e-01  +2.4929864053343900e-01  +2.2903459828381098e-01
q[50]:  +1.0740748898343444e-03  +6.4821942290381163e-01  +4.0025860529324259e-01  +1.6198365850378038e-02
q[51]:  +2.4604066428900668e-03  +6.4383331311948611e-01  +4.4360385177693862e-01  +9.1034710495191892e-02
q[52]:  +2.4376857504405103e-03  +6.2049766923902294e-01  +4.0464754388279356e-01  +2.1919110973826081e-01
q[53]:  +1.2426245249571183e-03  +6.3897962691443788e-01  +4.0764417648013573e-01  +3.8853012896696121e-01
q[54]:  +2.2337062165048807e-03  +7.0149646930512710e-01  +5.4302847993664960e-01  +2.2779925817297347e-01
q[55]:  +2.2545448325676249e-03  +6.5802507961573453e-01  +4.6099013604789829e-01  +3.5956780537757554e-01
q[56]:  +3.3402043869280634e-04  +6.3479260442535179e-01  +5.4368078946244935e-01  +5.4264107674730699e-01
q[57]:  +1.0065870218163610e-03  +6.8432230108790304e-01  +5.7189594987164294e-01  +2.2356843305786439e-02
q[58]:  +1.6484309653428126e-03  +6.5554162615722389e-01  +5.7636557096475749e-01  +1.0215258879872263e-01
q[59]:  +2.3842039040504102e-03  +6.5489346428374329e-01  +5.7056469549700528e-01  +3.7106883711505384e-01
q[60]:  +1.5859531254977192e-03  +6.8432249565122050e-01  +5.9030446682999171e-01  +5.3213268224731591e-01
q[61]:  +5.4150530589005673e-04  +5.8495227724510868e-01  +5.6798667903371858e-01  +5.4157882271545787e-01
q[62]:  +1.7490190725736132e-04  +6.3018442767095328e-01  +6.0550002988130103e-01  +2.6899946115886285e-04
q[63]:  +7.0481381896845446e-04  +6.5220878064212751e-01  +6.3224487823968822e-01  +5.9415338414656606e-02
q[64]:  +6.4225305806564752e-04  +6.1350470631312215e-01  +6.0401038141068342e-01  +1.7840143370333894e-01
q[65]:  +1.5343759590147824e-03  +6.8119879371583425e-01  +6.2523165303392125e-01  +2.3385397423844137e-01
q[66]:  +9.3255788694199422e-04  +6.5485901037248495e-01  +6.3906959047576029e-01  +3.5531969181043010e-01
q[67]:  +8.2535147310020592e-04  +6.5441249490637787e-01  +6.3841663093818257e-01  +5.0139819238083327e-01
q[68]:  +2.8519535352849518e-04  +8.2530236444500726e-01  +6.9951185362950433e-02  +6.5549066925080751e-02
q[69]:  +2.3349302091047825e-04  +7.9672145510744796e-01  +3.4102829822882902e-02  +6.8999599389036465e-03
q[70]:  +1.2720986073789914e-03  +8.1736547221494704e-01  +1.3503896643087920e-01  +7.2251348679932936e-02
q[71]:  +7.1648838920369416e-04  +7.7940372395917645e-01  +1.7307407595507759e-01  +1.4441936034086540e-02
q[72]:  +2.0463153786346088e-03  +8.0801732776283763e-01  +2.7779603025583227e-01  +7.9110271415545982e-02
q[73]:  +2.0130451537739352e-03  +7.9920034406999119e-01  +2.8815201599024926e-01  +1.7811713345679467e-01
q[74]:  +1.0958593942245625e-03  +8.0056300640573763e-01  +2.3012636036538814e-01  +2.0675097516560412e-01
q[75]:  +9.8507851452172505e-04  +8.0518035115443132e-01  +3.5554089573153846e-01  +1.5104617695819399e-02
q[76]:  +2.2087293107968461e-03  +7.9079558573924902e-01  +4.4513666831557874e-01  +8.2167511989734626e-02
q[77]:  +2.9756908995755304e-03  +7.7712805468967616e-01  +4.4186492665310761e-01  +1.9377985897765174e-01
q[78]:  +1.8101450550158616e-03  +7.9458047767067908e-01  +4.0586684899266234e-01  +3.4557455102349766e-01
q[79]:  +4.8242813288753379e-04  +7.7148801069343509e-01  +3.4657013013075144e-01  +3.4141326758390977e-01
q[80]:  +9.7509518615076542e-04  +7.9716685660069564e-01  +5.2708984142633208e-01  +1.8483954600308366e-02
q[81]:  +2.2031880469975261e-03  +8.2195406922082781e-01  +4.9466135822466978e-01  +3.3302182212549203e-01
q[82]:  +7.3603840646570327e-04  +7.5959451948038736e-01  +4.9726577884123824e-01  +4.4299522185278517e-01
q[83]:  +2.3408144637766757e-04  +8.1625812129423125e-01  +4.8609826752509394e-01  +4.7961003905059946e-01
q[84]:  +6.5705335161440578e-04  +8.1054808573159964e-01  +6.5465344696465633e-01  +2.9557605778438696e-02
q[85]:  +2.4579403615553178e-03  +8.0641000330819546e-01  +6.2433759884582807e-01  +1.1506683646426807e-01
q[86]:  +2.1829554118939776e-03  +8.1700917963501007e-01  +6.2848348614525895e-01  +2.4797897390924609e-01
q[87]:  +2.5590763515882424e-03  +7.9523405967319871e-01  +6.0081550966845743e-01  +3.9730072852070364e-01
q[88]:  +1.6831826843502601e-03  +8.2758038246798593e-01  +6.2351476498614666e-01  +5.4850192060716085e-01
q[89]:  +5.5412797031844383e-04  +7.8726606784904141e-01  +5.8484821637902284e-01  +5.7612278332867428e-01
q[90]:  +3.4193470325342729e-04  +8.1437503597532723e-01  +7.4945924659673946e-01  +8.5810230612901519e-03
q[91]:  +1.0809379221674163e-03  +8.1159509416924924e-01  +7.5291255728582851e-01  +7.9087393645875970e-02
q[92]:  +1.7523421845459469e-03  +8.0736293854466623e-01  +7.4335836269041833e-01  +2.0454041781791121e-01
q[93]:  +2.3387230005060961e-03  +8.1168033411796170e-01  +7.3192738199084051e-01  +3.9228503128627157e-01
q[94]:  +1.9650888405184116e-03  +8.0281074735317859e-01  +7.1684017813258760e-01  +5.6173582191645899e-01
q[95]:  +8.1475715705587616e-04  +8.2054596933747148e-01  +7.2568573407436998e-01  +7.0094261615925002e-01
q[96]:  +2.8699986444467737e-04  +7.8537521446054637e-01  +7.7515409091488119e-01  +2.8016079189196127e-02
q[97]:  +5.3830215843512336e-04  +7.7541834492704831e-01  +7.6903101917567174e-01  +1.5680575858339624e-01
q[98]:  +8.0890406855863267e-04  +7.8722688737408264e-01  +7.7601727090280193e-01  +3.3325948794925253e-01
q[99]:  +1.0578850405105309e-03  +8.0036565822787720e-01  +7.8349803065510604e-01  +5.3099551498137543e-01
q[100]: +7.6896433837761468e-04  +7.7508094904734126e-01  +7.5608939688700294e-01  +6.7239997386809081e-01
q[101]: +2.9904086247373906e-04  +7.5905991036661080e-01  +7.3895907539627959e-01  +7.2648881390191344e-01
q[102]: +1.5540953599097880e-04  +9.2630621079749909e-01  +2.8626768133752954e-02  +1.6908694672027678e-02
q[103]: +5.3795576631063952e-04  +9.4202983314878219e-01  +1.1522637597241875e-01  +8.4096672813505260e-02
q[104]: +5.1876321127331448e-04  +8.9550560415467417e-01  +1.0616143681207192e-01  +1.7411262343657141e-02
q[105]: +1.3153840131191327e-03  +9.3242659852547094e-01  +2.3818012285407689e-01  +8.9687044657921391e-02
q[106]: +4.0039198344947561e-04  +9.0096303666039779e-01  +1.8772154088146220e-01  +1.7820870060656777e-01
q[107]: +6.4383748432178241e-04  +9.0248654090625502e-01  +2.3632648931971192e-01  +1.6544607963432094e-02
q[108]: +1.1234378895735083e-03  +9.1559042097710330e-01  +2.5579509936504630e-01  +1.8316441717205698e-01
q[109]: +7.2488224653886641e-04  +9.2017749784212544e-01  +3.8519721964751275e-01  +2.2544209378098312e-02
q[110]: +1.6997244820661610e-03  +9.1661674608907284e-01  +4.0707079615594832e-01  +1.0084718251546629e-01
q[111]: +2.0687203192553323e-03  +9.0437295165299414e-01  +4.1448337018402520e-01  +2.1717751186829234e-01
q[112]: +1.4153859345659827e-03  +9.1199468137585771e-01  +4.0733647737222001e-01  +3.2586580756676398e-01
q[113]: +7.4279007194518354e-04  +9.1574944914586687e-01  +3.7116513141840285e-01  +3.5580637925093889e-01
q[114]: +6.2326404131581373e-04  +9.1782516782494505e-01  +5.4773487519728969e-01  +1.2940337064008336e-02
q[115]: +1.4020554394952314e-03  +9.0754964704573027e-01  +5.6260481141479302e-01  +7.9276582292587772e-02
q[116]: +2.1778343744691332e-03  +9.0069528370983876e-01  +5.6759392904915318e-01  +1.9958657490184456e-01
q[117]: +1.7826715277040747e-03  +9.3373398018781717e-01  +5.8118098620895364e-01  +3.5422146577324831e-01
q[118]: +1.7068072778585379e-03  +9.2363798982785084e-01  +5.9274756280003671e-01  +4.8563903411605708e-01
q[119]: +9.0327390852301204e-04  +8.9725485028040775e-01  +5.4227195178188103e-01  +5.1961994384935117e-01
q[120]: +4.7432556595488500e-04  +8.9843986523965946e-01  +7.1045767374009183e-01  +1.2387058372603297e-02
q[121]: +9.2034575344709067e-04  +9.2684391891348850e-01  +7.0054800807564321e-01  +6.9045387681829870e-02
q[122]: +1.4769986568042058e-03  +9.3257396453695574e-01  +7.1678647664526307e-01  +1.8814417814022744e-01
q[123]: +1.7631484435952616e-03  +9.0941649281065551e-01  +6.8720423261611940e-01  +3.4803722759874933e-01
q[124]: +1.5833113616773628e-03  +9.0924122029114429e-01  +7.2866966631095109e-01  +4.9420681118971865e-01
q[125]: +1.2378049204380484e-03  +9.2212566196179235e-01  +7.4518172294320972e-01  +6.2808395078517121e-01
q[126]: +7.5552898891678038e-04  +9.2903830487070516e-01  +7.2844345670459154e-01  +7.0966238580909624e-01
q[127]: +5.0372262739673088e-04  +9.3211444556141865e-01  +8.5516638313522764e-01  +2.4819132008595708e-02
q[128]: +9.7360968664644723e-04  +9.0824256479887977e-01  +7.9366190013698068e-01  +9.7521461670829854e-02
q[129]: +7.5188394171139231e-04  +9.4283866724803189e-01  +8.6049962285023407e-01  +1.7472094429471796e-01
q[130]: +1.6909090698195566e-03  +9.0827200526869412e-01  +7.9850189793599580e-01  +2.7892302529621532e-01
q[131]: +1.2854054433939122e-03  +9.3112855288871132e-01  +8.3551625264836704e-01  +4.5470006633297089e-01
q[132]: +1.2801857431236662e-03  +9.1880988026686827e-01  +8.4988764228821922e-01  +6.1372126647289027e-01
q[133]: +1.0495320742337139e-03  +9.0972327441920764e-01  +8.3674997205884449e-01  +7.5707020506251577e-01
q[134]: +1.7953355816283784e-04  +9.1782294808699827e-01  +8.5305314652440112e-01  +8.4958717866208777e-01
q[135]: +1.5933554410127489e-04  +9.1184217483001406e-01  +8.9943652453870471e-01  +1.7013862880960417e-02
q[136]: +5.6637056308353213e-04  +9.0517725291092166e-01  +8.8799576543649084e-01  +1.0361901804077314e-01
q[137]: +7.9151517260875348e-04  +9.1050201857712010e-01  +8.9189903128270731e-01  +2.5200380762321167e-01
q[138]: +8.8696953919282357e-04  +9.0450723794337273e-01  +8.8207253590527257e-01  +4.1324118403778920e-01
q[139]: +5.1232580573957629e-04  +9.1977275453397667e-01  +9.0760735573456464e-01  +5.7735334326906806e-01
q[140]: +5.6043317062942676e-04  +8.9998484920396649e-01  +8.8744858218224854e-01  +7.3773494912497239e-01
q[141]: +2.6223782933935198e-04  +9.0072378835284028e-01  +8.8950289173603880e-01  +8.6034859066416669e-01
q[142]: +4.6615690067748800e-05  +9.9287496429616484e-01  +3.2439274765917965e-02  +1.9263956735227544e-02
q[143]: +1.4102405902367195e-04  +9.8982059793354471e-01  +1.2069261574866137e-01  +1.0511530903434510e-01
q[144]: +2.5348930779625747e-04  +9.7821495262502711e-01  +9.6419795721221932e-02  +1.8373502247565694e-02
q[145]: +3.8731486877719579e-04  +9.9187874970715417e-01  +2.0613926622742965e-01  +9.8515512875482630e-02
q[146]: +2.0616839164256512e-04  +9.7805031744596238e-01  +2.4792526299514162e-01  +2.3970308489168732e-01
q[147]: +3.7634832275714434e-04  +9.8109661205123588e-01  +2.2828937718742406e-01  +1.8845308193097980e-02
q[148]: +7.3623289634427297e-04  +9.8592362289913282e-01  +3.7379306665768880e-01  +9.3206432647247095e-02
q[149]: +5.7563310153086378e-04  +9.8295158453714193e-01  +2.9304497798146678e-01  +2.3266778873625554e-01
q[150]: +3.5183969465776035e-04  +9.8358393935109645e-01  +4.1142207773206235e-01  +1.6441871343650126e-02
q[151]: +1.0818571676992101e-03  +9.8143891947623674e-01  +4.0556203919784178e-01  +2.2231894126247984e-01
q[152]: +8.4821253199502560e-04  +9.8205093099736140e-01  +4.9112158218731067e-01  +3.9214531298623068e-01
q[153]: +3.1363775701529227e-04  +9.8692078442195097e-01  +4.2997831130677433e-01  +4.1066159484975057e-01
q[154]: +2.8473587926218394e-04  +9.8603516084156129e-01  +6.0914185868817883e-01  +1.6236555596003326e-02
q[155]: +8.7275572234264882e-04  +9.8187680479079753e-01  +5.6253356322733505e-01  +8.5264609360859195e-02
q[156]: +1.2934461670783843e-03  +9.8101417670990732e-01  +5.7264519075890785e-01  +2.1439557823404590e-01
q[157]: +7.7790368791080659e-04  +9.8953252208747022e-01  +6.1664835530237849e-01  +3.8343627538238073e-01
q[158]: +5.1948464703407081e-04  +9.8877211180053948e-01  +6.6302576256743950e-01  +5.6867106068897344e-01
q[159]: +4.8920351973578090e-04  +9.7542889563242507e-01  +5.9278005728163918e-01  +5.7365933118758172e-01
q[160]: +3.0413010046019258e-04  +9.7681267929041582e-01  +7.6190501268922617e-01  +1.5273858590799168e-02
q[161]: +4.9881203296153211e-04  +9.8668561272510269e-01  +7.5055912973467809e-01  +7.8743115109581721e-02
q[162]: +7.5534403714162747e-04  +9.8599970599095554e-01  +7.3604717017214549e-01  +1.8777003085876318e-01
q[163]: +1.2957552782285222e-03  +9.8205665392303565e-01  +7.6332913949916514e-01  +3.5653163153747314e-01
q[164]: +1.0892367554409315e-03  +9.8182076356892434e-01  +7.6715586380533618e-01  +5.4846732806770149e-01
q[165]: +5.0429696626604439e-04  +9.8196672700405474e-01  +7.7172892357213063e-01  +7.0607720425002529e-01
q[166]: +7.1289802857378359e-05  +9.9866690127004143e-01  +7.6203191815335847e-01  +7.5874799318327613e-01
q[167]: +1.2356642298934128e-04  +9.9036253151343301e-01  +8.9033650671854658e-01  +1.4934716904389522e-02
q[168]: +4.7193918845609713e-04  +9.8503162619969620e-01  +8.8448995617745374e-01  +9.2555011955361755e-02
q[169]: +5.1811550962890265e-04  +9.8929926480766717e-01  +8.7702311923915555e-01  +2.2988833832514272e-01
q[170]: +7.3963259603388115e-04  +9.8099282889296879e-01  +9.0039755531910826e-01  +3.7172480853837547e-01
q[171]: +5.9403966406984337e-04  +9.8903961846429589e-01  +8.8895814895033487e-01  +5.4467204944854131e-01
q[172]: +4.4330760497778059e-04  +9.8084441429302716e-01  +9.0004357911843880e-01  +7.0334294013425169e-01
q[173]: +4.0569373238219530e-04  +9.8636717502974591e-01  +8.7808880528361188e-01  +7.5768970345628961e-01
q[174]: +3.1001852954209080e-04  +9.8173512473662761e-01  +8.8753393194033237e-01  +8.6230391507060189e-01
q[175]: +8.1353808598823565e-05  +9.8471478527202472e-01  +9.6572819118057429e-01  +1.6012081646126382e-02
q[176]: +2.3777645492821772e-04  +9.8124428732823998e-01  +9.6207090375496940e-01  +8.7249469075288674e-02
q[177]: +3.5299353789208321e-04  +9.8381336596769553e-01  +9.6369758588227550e-01  +2.2050336606437562e-01
q[178]: +3.4783720011849999e-04  +9.8119197313897244e-01  +9.6668723478247631e-01  +4.0211475236554983e-01
q[179]: +3.6644333892400940e-04  +9.8445934304292682e-01  +9.6420124731401602e-01  +5.8651868605655089e-01
q[180]: +3.0482271075330056e-04  +9.8173141827154098e-01  +9.6560271728919855e-01  +7.5896695025314220e-01
q[181]: +2.8319938849181016e-04  +9.7981348388524503e-01  +9.5878181917787941e-01  +8.8458852076832550e-01
q[182]: +4.6540663162830909e-05  +9.8440667448882024e-01  +9.6952735391687250e-01  +9.6349178860700690e-01

