Gauss-Jacobi alf=0.000000 bet=0.000000 weights/abscissas
deg: 21
dim: 1
nodes: 11
2.783428355808685237e-02 1.088567092697150657e-02
6.279018473245243093e-02 5.646870011595234856e-02
9.314510546386703393e-02 1.349239972129753495e-01
1.165968822959954354e-01 2.404519353965940964e-01
1.314022722551231037e-01 3.652284220238276036e-01
1.364625433889503081e-01 5.000000000000000000e-01
1.314022722551234090e-01 6.347715779761724519e-01
1.165968822959950052e-01 7.595480646034059591e-01
9.314510546386710332e-02 8.650760027870246782e-01
6.279018473245229215e-02 9.435312998840476029e-01
2.783428355808682808e-02 9.891143290730285420e-01
