efficiency: 0.833333
deg: 7
dim: 3
nodes: 36
q[0]:  +1.8069105139546498e-03  +1.8049118562520858e-01  +7.4672624279304350e-02  +3.6560290476394801e-02
q[1]:  +1.7464445410623130e-03  +2.2443662794585506e-01  +1.9222911069681700e-01  +3.7751269235238236e-02
q[2]:  +1.7838387544663306e-03  +2.2277927553061119e-01  +1.9016533545674474e-01  +1.5219220502471942e-01
q[3]:  +3.8642267479171424e-03  +4.5501869895146380e-01  +9.4783541243882330e-02  +3.9122882161919621e-02
q[4]:  +2.7819665693976378e-03  +4.5852113049888682e-01  +1.9073688505576791e-01  +1.7244434739536382e-01
q[5]:  +4.6365665946947352e-03  +4.7520151157245460e-01  +2.6520100765677074e-01  +3.0101472119961153e-02
q[6]:  +7.7690636270460129e-03  +5.0679471667622711e-01  +3.3587535734987561e-01  +1.6971279129074177e-01
q[7]:  +3.3266031345694741e-03  +4.8913743676642246e-01  +3.3788180557546216e-01  +2.9402037768039718e-01
q[8]:  +3.8695412027241550e-03  +4.9604380069571613e-01  +4.5092125716518716e-01  +4.8719552429099415e-02
q[9]:  +1.6957571091075953e-03  +4.8991483140358993e-01  +4.4553830435219854e-01  +1.8403357429322956e-01
q[10]: +3.5641686255304108e-03  +4.8300299285665821e-01  +4.5302933213153723e-01  +2.4335080321621699e-01
q[11]: +3.0092928732532121e-03  +4.9554914749567364e-01  +4.5896961820205168e-01  +4.1361168251144526e-01
q[12]: +3.6932355176653889e-03  +7.3825177737917957e-01  +9.2656164418093323e-02  +5.1097935777981981e-02
q[13]: +4.6035738236622162e-03  +7.6902039721295767e-01  +2.5912667383166432e-01  +2.7344910697587998e-02
q[14]: +8.7310652573332898e-03  +7.4590189501780646e-01  +3.4756098169463362e-01  +1.5002634498696682e-01
q[15]: +6.7739213488252192e-03  +7.6092667058462293e-01  +2.9623029206440665e-01  +2.5344874945120377e-01
q[16]: +6.2490832624833509e-03  +7.5517370224548752e-01  +5.1821794432196200e-01  +4.1469296896267042e-02
q[17]: +8.7241631510356146e-03  +7.8210942812956885e-01  +6.0291800903346726e-01  +2.0168173759347310e-01
q[18]: +8.9689153975995584e-03  +7.8321199197600366e-01  +5.6880761716596451e-01  +3.7943647582689843e-01
q[19]: +5.6896228678734043e-03  +7.5367772782577014e-01  +5.4393807194693522e-01  +5.0310277283883587e-01
q[20]: +3.4070091491304249e-03  +7.6820985170739797e-01  +7.2011675243087570e-01  +4.4837118992634289e-02
q[21]: +5.5170882741442063e-03  +7.5653973234224747e-01  +7.1953467709942964e-01  +2.3208399608067048e-01
q[22]: +6.5203023141194782e-03  +7.5670054586801372e-01  +7.1304296480792462e-01  +4.8494169629821349e-01
q[23]: +2.9914495182821752e-03  +7.7242741107110091e-01  +7.3094127222303373e-01  +6.8484784553594347e-01
q[24]: +3.2324455133181528e-03  +9.4617039087602162e-01  +1.2345678023172972e-01  +6.3555813175662695e-02
q[25]: +2.8159671480230751e-03  +9.5602070961798069e-01  +3.2227267147530508e-01  +3.0579083981953175e-02
q[26]: +8.1501387711956051e-03  +9.4779811567080707e-01  +4.5947906800848676e-01  +1.9275919703704381e-01
q[27]: +4.7764701777902830e-03  +9.5245580243718786e-01  +3.5588477756884523e-01  +3.0320042604940800e-01
q[28]: +4.9662155139799987e-03  +9.4967089438196517e-01  +6.4204077767534518e-01  +5.1834974167033997e-02
q[29]: +6.9506009730974710e-03  +9.5785207252811821e-01  +7.6764566636753162e-01  +2.6941884610463329e-01
q[30]: +7.1391349325588879e-03  +9.5576727586225740e-01  +6.8648305901334095e-01  +4.9739248591035090e-01
q[31]: +3.0431218470555756e-03  +9.4794676317521376e-01  +6.5353106802644334e-01  +6.2648991734569559e-01
q[32]: +2.9393517258896077e-03  +9.5276579236495851e-01  +8.8714319841093237e-01  +6.0256899839457659e-02
q[33]: +2.9896966881843294e-03  +9.4815194431468275e-01  +9.2066583242500288e-01  +2.8819810707377380e-01
q[34]: +4.9722017948227353e-03  +9.5008180105088957e-01  +8.9792245357956890e-01  +5.8839552076964530e-01
q[35]: +2.9675114048729467e-03  +9.5344931631858010e-01  +8.9212104715840490e-01  +8.2608810396931287e-01

