Gauss-Jacobi alf=1.000000 bet=1.000000 weights/abscissas
deg: 19
dim: 1
nodes: 10
1.228175600721021941e-03 2.755036388855888405e-02
6.492392971776003892e-03 9.036033917799664306e-02
1.592399354346658510e-02 1.835619234840696334e-01
2.639571773450941072e-02 3.002345295173254880e-01
3.329305348286025479e-02 4.317235335725362888e-01
3.329305348286026867e-02 5.682764664274637667e-01
2.639571773450941766e-02 6.997654704826744565e-01
1.592399354346658510e-02 8.164380765159303666e-01
6.492392971776003892e-03 9.096396608220033153e-01
1.228175600721019122e-03 9.724496361114410847e-01
