efficiency: 0.987179
deg: 19
dim: 3
nodes: 390
q[0]:   +3.2834236306428517e-05  +3.9210354215567032e-02  +2.4150628746177186e-02  +1.4917032900480708e-02
q[1]:   +3.6142469147745230e-05  +6.5141132898157039e-02  +5.4868550041912163e-02  +9.2107873190966985e-03
q[2]:   +1.9918552226342887e-04  +1.4611358370877051e-01  +9.4611389652348651e-02  +4.7516385604349974e-02
q[3]:   +7.3518366037476476e-05  +9.6402952455996310e-02  +2.3549114702921904e-02  +1.1349337664139161e-02
q[4]:   +1.2726002351559949e-04  +1.7763655131117870e-01  +5.9756377548433146e-02  +5.0386138756406317e-02
q[5]:   +1.0573960132499072e-04  +1.2935223054358302e-01  +7.5367949974877377e-02  +8.0129911347610865e-03
q[6]:   +1.1040518689088406e-04  +1.2442052073916765e-01  +8.1226232422192152e-02  +7.1949048585030539e-02
q[7]:   +4.7272349781316864e-05  +9.0449587144104948e-02  +8.4388978271254550e-02  +7.0595642841833520e-02
q[8]:   +7.6095223269427844e-05  +1.4983720729556588e-01  +1.3913894963614440e-01  +1.0358540894725782e-02
q[9]:   +1.1310851581590312e-04  +1.2791622455942955e-01  +1.1854281966017416e-01  +4.9717337008813575e-02
q[10]:  +2.1441752339950134e-04  +1.9878189826302139e-01  +1.8088015979750566e-01  +1.2736688118576631e-01
q[11]:  +6.6987865703357647e-05  +1.8606177863373272e-01  +1.7878034334139692e-01  +1.6736738727898096e-01
q[12]:  +7.4798568527461123e-05  +1.9736237881683832e-01  +1.8991599514663712e-02  +8.6755244916129643e-03
q[13]:  +1.9338123565210271e-04  +2.8088762172679288e-01  +6.1203039177717321e-02  +4.9731898416124312e-02
q[14]:  +1.6023045326135692e-04  +2.0336582673565171e-01  +6.4332922197714026e-02  +1.0570276397982468e-02
q[15]:  +3.7714554191792390e-04  +2.4312824139628444e-01  +1.0962966713696055e-01  +5.4913046152884809e-02
q[16]:  +2.3387878382434264e-04  +2.6046324074888288e-01  +1.3395361574744619e-01  +1.2361642598978922e-01
q[17]:  +2.2467668294150997e-04  +2.5854297396115966e-01  +1.3823311078783643e-01  +1.2291067964305300e-02
q[18]:  +4.9068411463477218e-04  +3.2084255544051615e-01  +1.9158553891067054e-01  +6.3747257353176656e-02
q[19]:  +6.0551974392776455e-04  +3.6952988629341083e-01  +1.8123996174927051e-01  +1.3266063015307222e-01
q[20]:  +3.4342641439989409e-04  +2.2533409479165400e-01  +1.7172264192553469e-01  +5.0691098380249287e-02
q[21]:  +1.5892953353710250e-04  +2.2449571892392006e-01  +1.7719518053099378e-01  +1.6849672399121607e-01
q[22]:  +1.7036818063758137e-04  +2.3279308701937415e-01  +1.7955727888331202e-01  +9.8917093452608879e-03
q[23]:  +4.8183552940953488e-04  +2.9970040214895499e-01  +2.5346257374361658e-01  +1.2455343071773949e-01
q[24]:  +4.4939814813889665e-04  +2.5314226435289100e-01  +1.7678468080844500e-01  +1.2651777383608451e-01
q[25]:  +1.0592293052472671e-04  +2.7462627935922290e-01  +2.6434948272749892e-01  +1.1308665843792512e-02
q[26]:  +2.0429523819951765e-04  +2.3874429697910710e-01  +2.2792452564176122e-01  +5.5383529603527951e-02
q[27]:  +1.2978435333827214e-04  +2.4311838361173327e-01  +2.3737645682578168e-01  +1.2387499237401767e-01
q[28]:  +1.8525428523932683e-04  +2.9656935847616250e-01  +2.8670318355287705e-01  +2.3211048926071684e-01
q[29]:  +1.0810111034660124e-04  +3.1931745210929546e-01  +3.0804817194326806e-01  +2.9789695288603441e-01
q[30]:  +1.0049077297183452e-04  +3.3463344514337273e-01  +2.0441723119924027e-02  +1.0214619214988341e-02
q[31]:  +2.1065398467249487e-04  +4.0444456544467378e-01  +6.7523514839412241e-02  +5.6316095689850014e-02
q[32]:  +2.2964056803667930e-04  +3.1894941265695642e-01  +6.6270270424896763e-02  +1.1488414430589899e-02
q[33]:  +4.0360754370913110e-04  +3.5498168358677418e-01  +1.1464337567122850e-01  +5.9355224336105898e-02
q[34]:  +2.7154053168273036e-04  +3.7834834593416988e-01  +1.3706307005308696e-01  +1.2844692091342302e-01
q[35]:  +5.6734523609374657e-04  +4.1077771147971009e-01  +1.7619615817558593e-01  +5.3700932904514914e-02
q[36]:  +2.9495710270564340e-04  +3.6298106749489845e-01  +1.4437810047469007e-01  +1.0652170206886765e-02
q[37]:  +5.1088657442339232e-04  +3.9348710604743853e-01  +2.6178395164042323e-01  +5.3329765382432830e-02
q[38]:  +7.8129587128665046e-04  +3.8551350271192530e-01  +2.5939332698906759e-01  +1.4267624403929227e-01
q[39]:  +2.7989164900830895e-04  +3.7269401934881674e-01  +2.3918790535320644e-01  +1.0061286416333571e-02
q[40]:  +5.7310507815212873e-04  +4.0610659086221024e-01  +2.7884430414854511e-01  +2.2615632420391413e-01
q[41]:  +2.9307137114734186e-04  +3.7117956391639695e-01  +2.3923413641108549e-01  +2.2952421834761016e-01
q[42]:  +4.9655330329608849e-04  +3.5010806879495138e-01  +2.9417732878773956e-01  +5.2883554307525928e-02
q[43]:  +6.0319256479162624e-04  +3.9571060589088863e-01  +3.4368644929962150e-01  +2.2899719124671303e-01
q[44]:  +3.8615821340442493e-04  +3.3788785318475328e-01  +2.8486120856283959e-01  +2.3969175704383555e-01
q[45]:  +2.0946478381474347e-04  +3.5743504750120647e-01  +3.0167812274830019e-01  +1.0096210332370790e-02
q[46]:  +2.8272958202632173e-04  +3.7209087166368326e-01  +3.6205944188939293e-01  +2.2940011943585645e-01
q[47]:  +1.7393864547349876e-04  +3.5581643293426796e-01  +2.9825249445221447e-01  +2.8915091585513769e-01
q[48]:  +1.3401499359932817e-04  +4.2158834742235829e-01  +4.1028224149672204e-01  +1.2148494499200470e-02
q[49]:  +2.6925676051064594e-04  +3.7683951041213498e-01  +3.6591356172060424e-01  +6.0845421896739228e-02
q[50]:  +5.8586250839943923e-04  +4.1018003360297256e-01  +3.4889364151854491e-01  +1.2784684232820215e-01
q[51]:  +3.3693334068088734e-04  +3.6795696411375572e-01  +3.5656633100962060e-01  +1.3847904988893148e-01
q[52]:  +2.3102626372809861e-04  +4.2668177106938737e-01  +4.1633305528997455e-01  +3.6076178231954092e-01
q[53]:  +1.3012530887184889e-04  +4.8268258731853192e-01  +2.3475565895433030e-02  +1.1942400597207258e-02
q[54]:  +2.0373953940997739e-04  +5.2147655415867056e-01  +7.1305089541120789e-02  +6.1042361023726427e-02
q[55]:  +2.1773617312842200e-04  +4.4973887229423204e-01  +6.6941363880133747e-02  +9.7398102163233913e-03
q[56]:  +7.5343952905649475e-04  +5.0217508924279874e-01  +1.8030390622139500e-01  +1.3146356740313872e-01
q[57]:  +4.6564174889066783e-04  +4.7003475951742996e-01  +1.0828270129166138e-01  +5.2252492114379767e-02
q[58]:  +3.4660779799955383e-04  +4.9403272502440099e-01  +1.4908756598138950e-01  +9.9855035955974947e-03
q[59]:  +7.2153174413752599e-04  +5.4701937832965530e-01  +1.8383121099552563e-01  +5.2975345858398998e-02
q[60]:  +1.0274020641828426e-03  +4.9412700010673360e-01  +2.5546559384414752e-01  +1.2971567826420483e-01
q[61]:  +4.0826066141106825e-04  +4.9828597758510046e-01  +2.5515006167741067e-01  +1.1102232215040208e-02
q[62]:  +1.0693019832594308e-03  +6.0185042254347854e-01  +3.6505522667069540e-01  +1.2534848840714258e-01
q[63]:  +8.8511080381304958e-04  +5.2526627557953498e-01  +2.9415619399426363e-01  +2.3329732569569894e-01
q[64]:  +2.8840097623356449e-04  +5.1979238013297835e-01  +1.4909019553867833e-01  +1.4020660645887051e-01
q[65]:  +7.8083717777721552e-04  +5.0938842836710241e-01  +2.7424163742660351e-01  +5.6203396076134976e-02
q[66]:  +8.9130911967610959e-04  +5.8137694372883586e-01  +3.6561140194579983e-01  +2.2336198620641878e-01
q[67]:  +4.4009515451234193e-04  +4.9179018962438786e-01  +2.4925188324234351e-01  +2.3739715961591151e-01
q[68]:  +7.7149234563744719e-04  +5.1297426150396175e-01  +3.7789928238305742e-01  +5.8884227425008623e-02
q[69]:  +1.0219423442035186e-03  +4.9234649394608065e-01  +3.5522781496478079e-01  +1.3549827458698788e-01
q[70]:  +1.0420399908141937e-03  +5.1287620747734219e-01  +3.8912137454620799e-01  +2.5119668016538871e-01
q[71]:  +7.0948754404865050e-04  +5.2265971561290281e-01  +3.9471187602320945e-01  +3.3668699582763878e-01
q[72]:  +3.8780657049540155e-04  +5.1714101636520304e-01  +3.6965953679211927e-01  +3.5843516906433281e-01
q[73]:  +3.3164861710859288e-04  +4.9337103546935507e-01  +3.5629508839425972e-01  +1.1923799827713966e-02
q[74]:  +1.1148355606671798e-03  +6.1543501958354985e-01  +4.8749667269418856e-01  +2.2391087123037376e-01
q[75]:  +5.3135978326561742e-04  +4.9188093511809977e-01  +4.3492777698968332e-01  +4.7391972081866858e-02
q[76]:  +6.9878089562422114e-04  +5.1248259995163969e-01  +4.5951262204235072e-01  +1.2203198268981513e-01
q[77]:  +8.3584448341437860e-04  +5.0546298380248167e-01  +4.5124472534234994e-01  +2.2816388082231648e-01
q[78]:  +5.0271901584045774e-04  +4.7786347608202789e-01  +4.2496815846088559e-01  +3.6860820743438588e-01
q[79]:  +1.9244936911566815e-04  +5.7200795595794018e-01  +5.6466062722268906e-01  +5.0535190737594915e-01
q[80]:  +2.4172012520460478e-04  +4.7705462358180822e-01  +4.1314737842684213e-01  +4.0182289663047677e-01
q[81]:  +1.6966495403215423e-04  +4.8735688875061900e-01  +4.2853506211964670e-01  +7.7419881227203400e-03
q[82]:  +2.7997004808862547e-04  +5.2562728292675565e-01  +5.1513636376465921e-01  +6.2720436707027302e-02
q[83]:  +3.6430897480918290e-04  +5.0591574544244500e-01  +4.9566573720041907e-01  +1.4801768782885361e-01
q[84]:  +3.9575978618743620e-04  +5.0441753798465561e-01  +4.9390690429205092e-01  +2.5257300169059410e-01
q[85]:  +6.9600927102878582e-04  +5.3824528759177104e-01  +4.8575228204723797e-01  +3.5051243773092861e-01
q[86]:  +3.3683901711011445e-04  +5.0245220714277050e-01  +4.9218325186692108e-01  +3.5623677772438139e-01
q[87]:  +1.3788252242785863e-04  +4.7094396862185334e-01  +4.5858663751009132e-01  +4.4749152830781130e-01
q[88]:  +1.1240864412569060e-04  +6.2407979537167335e-01  +2.2421245033419593e-02  +1.0259191044384343e-02
q[89]:  +2.0686155847171567e-04  +6.4414268019860343e-01  +6.3572641976038485e-02  +5.3532674136726119e-02
q[90]:  +5.4281169526274498e-04  +6.0433813643896861e-01  +1.1153787506090179e-01  +5.8558395968294756e-02
q[91]:  +3.1823710581290176e-04  +6.4757718702484202e-01  +1.4461332237979546e-01  +1.3371662929911823e-01
q[92]:  +2.6393129591575925e-04  +5.8813110807578906e-01  +7.3671842264475720e-02  +1.1291476664703655e-02
q[93]:  +7.8376215242940625e-04  +6.8646213472505990e-01  +1.8902161197257408e-01  +5.8685992728631314e-02
q[94]:  +7.3492768590450184e-04  +6.4468193662899165e-01  +1.9314087099991251e-01  +1.3932910859869632e-01
q[95]:  +3.8646583343191062e-04  +6.3969909020604387e-01  +1.5589705129852097e-01  +1.1297830360385081e-02
q[96]:  +9.7865111495714849e-04  +6.1546591384222249e-01  +2.5067042251311494e-01  +1.2626275660855835e-01
q[97]:  +3.6141241652003599e-04  +6.3268088635205721e-01  +2.5976811867377059e-01  +8.6584280703963339e-03
q[98]:  +8.1429901585005769e-04  +6.3930014171525418e-01  +2.8535459245047556e-01  +4.8039697939890776e-02
q[99]:  +9.8267592985997777e-04  +6.8878475671359107e-01  +3.4212494236512170e-01  +1.1987056833128398e-01
q[100]: +1.0986334138457234e-03  +6.8255751853892677e-01  +3.5694070782352572e-01  +2.2340247813896977e-01
q[101]: +9.0819039183198821e-04  +6.4888809228173339e-01  +3.0014603709599569e-01  +2.4328218478037150e-01
q[102]: +4.2790806785569818e-04  +6.2629114657141183e-01  +2.5366681266176599e-01  +2.4234634899625798e-01
q[103]: +9.0547808467138474e-04  +6.3833698868224065e-01  +4.0292906732797601e-01  +4.9687990910173972e-02
q[104]: +1.0723106239342096e-03  +7.0242590649527381e-01  +4.8386357139971664e-01  +1.2318667094154344e-01
q[105]: +9.5555369229838641e-04  +6.6697483712796835e-01  +4.5677509697228991e-01  +3.3241080090871078e-01
q[106]: +8.6415769870680764e-04  +6.4328280486014611e-01  +4.1585961977548996e-01  +3.6504192644764105e-01
q[107]: +3.9199347011280875e-04  +6.3420854960842699e-01  +3.7216900051382779e-01  +3.6264743573992142e-01
q[108]: +3.3572547236038490e-04  +6.2156013732583082e-01  +3.7698033665305575e-01  +8.8677215164285287e-03
q[109]: +7.9145784936522786e-04  +6.5050209670502412e-01  +5.2294274496428927e-01  +5.2481707774412946e-02
q[110]: +1.0236383053476483e-03  +6.1515304929217152e-01  +4.8993778966141521e-01  +1.2893461150997262e-01
q[111]: +1.1364733513499609e-03  +6.8263339559565228e-01  +4.5309427512814876e-01  +2.2122651558666676e-01
q[112]: +3.4394833926848246e-04  +6.5504953949444000e-01  +5.0539263276173219e-01  +4.9572278456212898e-01
q[113]: +2.8471597439785125e-04  +6.0835374811645593e-01  +4.7002856849454511e-01  +1.0089530405083541e-02
q[114]: +9.0532115627395900e-04  +6.6609638537822968e-01  +5.4029717355110118e-01  +3.2862169613335157e-01
q[115]: +8.6539725831424180e-04  +6.4056075119976441e-01  +5.2129519159828619e-01  +3.9797626202270314e-01
q[116]: +7.0685531900131033e-04  +6.4736105954064005e-01  +5.3017398185101117e-01  +4.7834687784102181e-01
q[117]: +2.2294664568687318e-04  +6.1203137891789294e-01  +5.5503632440342476e-01  +1.0970062002406501e-02
q[118]: +4.6296939148312351e-04  +6.3300161430060264e-01  +5.8212862040617774e-01  +5.5070156728144304e-02
q[119]: +6.9153147131565567e-04  +6.5083268414989337e-01  +5.9647814305903979e-01  +1.2718740879194956e-01
q[120]: +9.0710838250046468e-04  +6.3253432093628337e-01  +5.7986688188531710e-01  +2.2739888837163996e-01
q[121]: +8.6797552145671288e-04  +6.4657505147838323e-01  +5.9399614150181501e-01  +3.5203407133933740e-01
q[122]: +6.0628302910290758e-04  +6.6601116817231232e-01  +6.1446477176879533e-01  +4.7636634186002497e-01
q[123]: +4.7877370933420156e-04  +6.0811126126618387e-01  +5.6488239477133773e-01  +5.0683011395706667e-01
q[124]: +2.5093266724199141e-04  +6.0309260659668418e-01  +5.4111355158350272e-01  +5.3043306303450100e-01
q[125]: +1.2668663662149154e-04  +5.7145252587855000e-01  +5.6038509164253203e-01  +1.1728144553612789e-02
q[126]: +2.1934571329294657e-04  +6.7216331919068018e-01  +6.6293624531836715e-01  +5.5534394846972174e-02
q[127]: +3.6904511499506461e-04  +6.4564943198645497e-01  +6.3505585614108706e-01  +1.4203028042630148e-01
q[128]: +4.1258384140841761e-04  +6.4014123503556264e-01  +6.3018622311029138e-01  +2.5584565343620858e-01
q[129]: +4.0615943722843701e-04  +6.3595245973913739e-01  +6.2584642763160703e-01  +3.7829495427793142e-01
q[130]: +3.3335021475217952e-04  +6.4076571967252394e-01  +6.3046377677786369e-01  +4.8993105995471625e-01
q[131]: +1.3358907311497023e-04  +6.2395830425325161e-01  +6.1209064729037355e-01  +6.0054487819673397e-01
q[132]: +7.1013905374322353e-05  +7.5626730512844842e-01  +1.7979405603887326e-02  +8.0234751514164891e-03
q[133]: +1.9124250545281493e-04  +7.6806917578019074e-01  +5.8330654474012908e-02  +4.7006039041422434e-02
q[134]: +2.0639665593692345e-04  +7.1598037242471324e-01  +6.7859187386963518e-02  +1.0209788923245975e-02
q[135]: +4.3934828194528184e-04  +7.3774391647866810e-01  +1.0643999177987075e-01  +5.0728645917534905e-02
q[136]: +2.7848585896428249e-04  +7.6363493853912456e-01  +1.3409377735343314e-01  +1.2383372409020953e-01
q[137]: +3.3645491137703393e-04  +7.6948247169115602e-01  +1.4792698040640798e-01  +1.0796383135304080e-02
q[138]: +5.6223023814022807e-04  +8.0266293612870632e-01  +1.9068489755963636e-01  +5.7413576278461054e-02
q[139]: +5.8533773215436796e-04  +7.6414967300404169e-01  +1.7188935466248034e-01  +1.1804090535924179e-01
q[140]: +3.4192855906031001e-04  +7.4743144981749554e-01  +2.4353771866771820e-01  +2.3411604191341290e-01
q[141]: +7.4967416481891305e-04  +7.6212818489628087e-01  +2.8619913074161929e-01  +4.9037920690947714e-02
q[142]: +6.5681244785231372e-04  +7.7916705523737373e-01  +3.3126355193473916e-01  +1.1861525460105249e-01
q[143]: +1.0560333221362995e-03  +7.5779436540361955e-01  +2.6849084500601189e-01  +1.4471784463611503e-01
q[144]: +7.9444653496076848e-04  +7.7177588171781464e-01  +2.7687015833250800e-01  +2.2647563270347243e-01
q[145]: +3.6824043613383747e-04  +7.6731207035163140e-01  +2.6065406145933362e-01  +9.3530976030334525e-03
q[146]: +9.5210370827294565e-04  +7.6496049573545266e-01  +4.1737304175691353e-01  +6.0663426815500611e-02
q[147]: +9.8798138997013038e-04  +7.8860989892067845e-01  +4.5761713421253408e-01  +1.3862542357150406e-01
q[148]: +9.5756016910975808e-04  +7.9235914811242669e-01  +3.8287206929449086e-01  +2.6687197883086800e-01
q[149]: +8.0428759591147229e-04  +7.6118152286746632e-01  +4.0173490537238249e-01  +3.5376066302166626e-01
q[150]: +3.6915684781905930e-04  +7.5794537312616994e-01  +3.7191566216360367e-01  +3.6240995097881584e-01
q[151]: +4.8068782882659399e-04  +7.4846183951749568e-01  +3.8825929482015675e-01  +1.2102457382837674e-02
q[152]: +1.2613209753726039e-03  +7.9158930387601845e-01  +4.3558841331250592e-01  +2.2086940425907825e-01
q[153]: +1.0908526787388945e-03  +7.7227593506633774e-01  +4.8873685299123221e-01  +3.7133921779809742e-01
q[154]: +3.4343190541596936e-04  +7.3988522395734224e-01  +5.0834980148581665e-01  +9.9117359342162613e-03
q[155]: +8.2993372890179801e-04  +7.7003588194615757e-01  +5.4617663882988632e-01  +5.0719208503410176e-02
q[156]: +8.1163973802985290e-04  +8.0801057387131969e-01  +5.8016335442628597e-01  +1.2214505210764506e-01
q[157]: +1.1148925077790405e-03  +7.7952426335250236e-01  +5.4975551082904384e-01  +2.2430913971960664e-01
q[158]: +1.2443514603676790e-03  +7.7598541480370853e-01  +5.4910470577448189e-01  +3.3296030625297074e-01
q[159]: +9.6770066049829022e-04  +7.7055431357044712e-01  +6.0587954785318332e-01  +4.9041988163238476e-01
q[160]: +7.3521696850886503e-04  +7.6159027132672918e-01  +5.3371977380652191e-01  +4.8666454926774622e-01
q[161]: +3.3507542708025690e-04  +7.6262059514917491e-01  +5.0351289166202240e-01  +4.9465640786315546e-01
q[162]: +2.7787560052676120e-04  +7.2769667710934272e-01  +6.0089528538476755e-01  +9.6341285995952906e-03
q[163]: +6.2270256724380611e-04  +7.8632155154006944e-01  +6.6682723311491987e-01  +5.1264774122901688e-02
q[164]: +9.9787330927178291e-04  +7.5276156592464871e-01  +6.2738163347807729e-01  +1.2492199566474130e-01
q[165]: +1.2179242061342991e-03  +7.4122640983894950e-01  +6.1224327535200584e-01  +2.2624382728031520e-01
q[166]: +9.9222668982712372e-04  +7.7075394416380327e-01  +6.4397250293924568e-01  +3.4257035855664414e-01
q[167]: +9.0601007822283615e-04  +7.7822469233118463e-01  +6.4923864904304696e-01  +4.4638167541245227e-01
q[168]: +5.7034350822493811e-04  +7.7260904511350781e-01  +6.4894331107309244e-01  +5.9682140812960283e-01
q[169]: +2.8847903134140637e-04  +7.7960652684143306e-01  +6.3551652004578196e-01  +6.2532364906757754e-01
q[170]: +2.0286955155932921e-04  +7.3641483945897290e-01  +6.8416475685607414e-01  +1.1625736666654556e-02
q[171]: +4.2867769824972950e-04  +7.5982975170952993e-01  +7.1003520571035272e-01  +5.8769759595840847e-02
q[172]: +5.1603849681498121e-04  +7.7532134821599741e-01  +7.2412760411673283e-01  +1.3449581827784216e-01
q[173]: +7.7739441090910290e-04  +7.6280593471851121e-01  +7.0870709061786952e-01  +2.2639750963351127e-01
q[174]: +8.4903914052851363e-04  +7.5929387991139141e-01  +7.0517592173267940e-01  +3.4405423496944160e-01
q[175]: +8.2990911764806771e-04  +7.7161764234725205e-01  +7.1951287581678669e-01  +4.8084360986711111e-01
q[176]: +6.5616412118627086e-04  +7.6190532412770184e-01  +6.8970023736322139e-01  +5.6380204629145791e-01
q[177]: +4.3634193155103827e-04  +7.4127288185591000e-01  +6.9273901376405012e-01  +6.3828193451776261e-01
q[178]: +2.3304671586805254e-04  +7.3372404663483159e-01  +6.7193130518269040e-01  +6.6144608637230018e-01
q[179]: +8.9982190038776850e-05  +7.1669786504659394e-01  +7.0630039474349637e-01  +9.1767064703670940e-03
q[180]: +1.6589959242263005e-04  +8.0237912446952875e-01  +7.9229160320906555e-01  +4.5472279410431374e-02
q[181]: +2.8489999621304074e-04  +7.7137051902259079e-01  +7.6157237083304430e-01  +1.2622334508499233e-01
q[182]: +3.9664416687461805e-04  +7.6527857305856850e-01  +7.5476936762968660e-01  +2.4143642888638045e-01
q[183]: +4.2889634147500800e-04  +7.6052470307051034e-01  +7.4985038468807508e-01  +3.7588727124804650e-01
q[184]: +3.5559908486207728e-04  +7.6350295018981851e-01  +7.5391678004962071e-01  +5.0825475876470982e-01
q[185]: +3.6061285406499560e-04  +7.6555396099157846e-01  +7.5266003772537204e-01  +6.1695651491982728e-01
q[186]: +1.9895434040706958e-04  +7.1882585446292757e-01  +7.1032438738575265e-01  +6.5236958894697017e-01
q[187]: +1.0801763236771084e-04  +7.6483514989799906e-01  +7.5291824138350516e-01  +7.4235606753456695e-01
q[188]: +9.1616874018938643e-05  +8.7182827761341342e-01  +2.4299956314749304e-02  +1.4031168712556360e-02
q[189]: +2.3462222277426768e-04  +8.6884824065706967e-01  +8.4793073096184599e-02  +7.0788272275446582e-02
q[190]: +1.7533408793216957e-04  +8.3148161938533227e-01  +6.2859142360819048e-02  +1.0134648517634405e-02
q[191]: +4.6974715194700827e-04  +8.6120740825311515e-01  +1.2009955164102197e-01  +5.3416734496262476e-02
q[192]: +1.3546347274282416e-04  +8.6429200213354185e-01  +1.5870897977805482e-01  +1.5334906319601799e-01
q[193]: +2.6453866077000656e-04  +8.7933975744088022e-01  +1.4539435974868592e-01  +1.0804658685876191e-02
q[194]: +5.2479285588332932e-04  +8.6987210504370649e-01  +2.4576901561415748e-01  +4.7898895611342446e-02
q[195]: +7.6850935965410599e-04  +8.6874199909437855e-01  +2.4970732448665908e-01  +1.2280674826150347e-01
q[196]: +5.7105207216789217e-04  +8.6649903468392919e-01  +1.9379533207585894e-01  +1.4565509011725616e-01
q[197]: +2.9908747128528892e-04  +8.5482178639686168e-01  +2.4771846207751197e-01  +2.3462385942321040e-01
q[198]: +2.8716225826267772e-04  +8.7601149076237772e-01  +2.6278289099739405e-01  +8.8887060030657591e-03
q[199]: +7.2425222649594829e-04  +8.6704846142336622e-01  +3.7123191696495911e-01  +4.7610821272171776e-02
q[200]: +8.9369282761698034e-04  +8.6006444628378009e-01  +3.5858895477054187e-01  +1.1878550209520480e-01
q[201]: +8.3461415635023985e-04  +8.7036020414631898e-01  +3.4627337158839527e-01  +2.1685192563251568e-01
q[202]: +5.4983006607157102e-04  +8.7935382941405549e-01  +3.1363461614096366e-01  +2.5324212146034308e-01
q[203]: +3.3182453800945192e-04  +8.5885427833929295e-01  +4.0543719492954350e-01  +8.7182700138472621e-03
q[204]: +1.0105865424287124e-03  +8.9115224795873815e-01  +4.4561445202745453e-01  +2.1930139395601028e-01
q[205]: +1.0227672080080066e-03  +8.8245181938527928e-01  +4.8078505735700761e-01  +3.6445275375789499e-01
q[206]: +6.2458826976320432e-04  +8.6774880833817525e-01  +3.9800439464664605e-01  +3.5732721666911671e-01
q[207]: +2.0330864411661145e-04  +8.6106114027169656e-01  +3.5150432511882768e-01  +3.4589581260291319e-01
q[208]: +7.1747690260322967e-04  +8.6558770832994503e-01  +5.1365591809207134e-01  +4.7308927892354684e-02
q[209]: +9.4036218401734762e-04  +8.7829028981540691e-01  +4.9045503242002797e-01  +1.1800392676054185e-01
q[210]: +1.0794948483079585e-03  +8.8438360148968187e-01  +5.5863303153798949e-01  +2.1888523133364921e-01
q[211]: +1.0351840063752415e-03  +8.6880584445088405e-01  +5.4292152793872339e-01  +3.3219929139567378e-01
q[212]: +7.0046539228406943e-04  +8.5842542665546828e-01  +5.3212394657441875e-01  +4.7330257425792921e-01
q[213]: +3.5841416444806393e-04  +8.6603852392593550e-01  +4.9543358940025273e-01  +4.8443777097547946e-01
q[214]: +3.3108376496882963e-04  +8.5085706006257267e-01  +5.5089926391774846e-01  +8.8232209838419746e-03
q[215]: +6.5374028965332399e-04  +8.8169856585232798e-01  +6.5984934128742834e-01  +5.0170860328563022e-02
q[216]: +7.7197634658422753e-04  +8.8382109774761242e-01  +6.2029034369073865e-01  +1.2024732057349062e-01
q[217]: +8.6731847554353256e-04  +8.6041124876153874e-01  +6.5217547267486831e-01  +2.1260804246233381e-01
q[218]: +9.3698692135300268e-04  +8.7242276011352815e-01  +6.4140185971285668e-01  +3.1721063266145944e-01
q[219]: +7.4914411669540538e-04  +8.7609289410442770e-01  +6.7168748025650082e-01  +4.2442314172939327e-01
q[220]: +1.0854175729734868e-03  +8.6876325191234360e-01  +6.2333973771320483e-01  +4.7900564753110975e-01
q[221]: +6.1910725143558766e-04  +8.7190661525260393e-01  +6.4873873280838212e-01  +5.8667919007867053e-01
q[222]: +3.3857102759629718e-04  +8.6882802476326704e-01  +6.2643319643984807e-01  +6.1416707836684747e-01
q[223]: +3.1158167355466637e-04  +8.4628631029266244e-01  +6.7960656514949280e-01  +1.0091916293605034e-02
q[224]: +4.1696842592513591e-04  +8.9193169174284825e-01  +7.7746813435408235e-01  +5.2182321593528209e-02
q[225]: +8.1731482910753174e-04  +8.6842058906987440e-01  +7.3094321870619716e-01  +1.2004790521350521e-01
q[226]: +9.3236911735020806e-04  +8.5497780152708336e-01  +7.3459687498905102e-01  +2.2245106866234118e-01
q[227]: +1.0683084441943200e-03  +8.6598368213588206e-01  +7.3479046341701559e-01  +3.4485905162596664e-01
q[228]: +8.6452916000494522e-04  +8.7449381882417776e-01  +7.5006143991050700e-01  +4.9289249824284337e-01
q[229]: +8.7570246325312630e-04  +8.7489363432103295e-01  +7.4536442345151155e-01  +6.0167827830052445e-01
q[230]: +5.1362221852350293e-04  +8.7303517989349777e-01  +7.4285531846129160e-01  +6.8294242947286921e-01
q[231]: +2.2075561710703485e-04  +8.7576154551148078e-01  +7.3901015391041469e-01  +7.2737304189610663e-01
q[232]: +2.0768846741295403e-04  +8.4522997124825183e-01  +7.7558531328344538e-01  +1.0063885831066557e-02
q[233]: +3.3605002045364806e-04  +8.7399819292482495e-01  +8.2703632488348411e-01  +5.3820494528295515e-02
q[234]: +4.8701135219664070e-04  +8.6248422299930838e-01  +8.0648185995790878e-01  +1.3260629123014450e-01
q[235]: +5.3396413976991531e-04  +8.7843579178911280e-01  +8.2603402548742044e-01  +2.3732834431339850e-01
q[236]: +6.1981254285125881e-04  +8.6143549617074155e-01  +8.0902712014542022e-01  +3.3405482687048543e-01
q[237]: +7.2396362628401824e-04  +8.6687397747770956e-01  +8.0832477212433096e-01  +4.5438581452020199e-01
q[238]: +5.6392441927015835e-04  +8.7520806511651572e-01  +8.2354753893231825e-01  +5.8790741355222909e-01
q[239]: +4.9320451012635057e-04  +8.5047248521510310e-01  +7.9866417212373364e-01  +6.6051586105275617e-01
q[240]: +3.8356840169131984e-04  +8.5597889078618417e-01  +8.0108479005326649e-01  +7.4194304219676421e-01
q[241]: +2.0262981722255979e-04  +8.5313525143426128e-01  +7.9497804812455553e-01  +7.8362976784950322e-01
q[242]: +8.5851639939796102e-05  +8.4855285599015040e-01  +8.3562003033962107e-01  +8.9403437596395387e-03
q[243]: +8.2459323837212964e-05  +9.1491606792309210e-01  +9.0664471376584588e-01  +4.1341519407739329e-02
q[244]: +1.8886405496308106e-04  +8.7590917729582918e-01  +8.6671233177720930e-01  +1.0439062451141606e-01
q[245]: +3.1155048805357895e-04  +8.7000268987516061e-01  +8.5915089750114748e-01  +2.0987168311192442e-01
q[246]: +3.3439527634279709e-04  +8.6543030668890919e-01  +8.5574617854581747e-01  +3.4793911644797026e-01
q[247]: +3.8333859049110696e-04  +8.6724129677087258e-01  +8.5549175023849267e-01  +4.9013661752295806e-01
q[248]: +2.7663323448326883e-04  +8.6925635952444180e-01  +8.5961681527492173e-01  +6.2426713558587243e-01
q[249]: +2.1147076358436510e-04  +8.7063563992397441e-01  +8.6127678701847443e-01  +7.3339789998349414e-01
q[250]: +1.8026762196260193e-04  +8.4314471637279154e-01  +8.3239092022246297e-01  +7.7984375984665255e-01
q[251]: +6.7237133321966186e-05  +8.8074047330796079e-01  +8.7017509139998039e-01  +8.6039116002144000e-01
q[252]: +3.9292971795764989e-05  +9.5052463436286849e-01  +1.9807046723901389e-02  +8.2086808487145512e-03
q[253]: +8.3607599370933325e-05  +9.4516247522677788e-01  +6.0728458353361776e-02  +5.3719066672291288e-02
q[254]: +1.1675906850088760e-04  +9.2645254222900608e-01  +6.5628296524832305e-02  +9.3234106190616846e-03
q[255]: +2.2351160302134038e-04  +9.4598080194808165e-01  +9.5137856291914513e-02  +4.8051345707307222e-02
q[256]: +2.1000770185025823e-04  +9.4280882535607291e-01  +1.5431496935439462e-01  +1.4209348616139247e-01
q[257]: +1.6032395115399064e-04  +9.5680722709007282e-01  +1.4252397064144912e-01  +1.3046607069586521e-02
q[258]: +4.8666787025580398e-04  +9.3443062399613308e-01  +1.9429254120674641e-01  +6.0534234784174253e-02
q[259]: +3.9155655031684303e-04  +9.4348452051761722e-01  +1.8229414638855260e-01  +1.2074724669249873e-01
q[260]: +2.8385958754373585e-04  +9.3946026447413566e-01  +2.7452463557113022e-01  +2.6184452986304096e-01
q[261]: +1.8847405887366923e-04  +9.5303343386709005e-01  +2.4310433446573604e-01  +1.0129929444509760e-02
q[262]: +4.8024112439774190e-04  +9.4618552192677730e-01  +3.1221084596193049e-01  +5.2753861584833618e-02
q[263]: +5.6124003359168668e-04  +9.3495571871685990e-01  +3.5623156171789405e-01  +1.1830078434755287e-01
q[264]: +6.8717781834390129e-04  +9.4279046526888211e-01  +4.2221042018487265e-01  +2.8597030665690282e-01
q[265]: +4.9113799808703739e-04  +9.4715696410082839e-01  +2.9425892942678861e-01  +2.3059935843435386e-01
q[266]: +2.7515706580218840e-04  +9.4267038370619194e-01  +3.8558472077232742e-01  +1.1298030210564700e-02
q[267]: +5.7511469974738931e-04  +9.4556829480556792e-01  +4.5935929989573282e-01  +5.9074222986087568e-02
q[268]: +6.6986363715107727e-04  +9.4715328435692780e-01  +4.7911326368369433e-01  +1.4040046427940578e-01
q[269]: +5.2197430023798088e-04  +9.4964345071985135e-01  +4.2761979790787469e-01  +3.7335453287621218e-01
q[270]: +1.0516641143978520e-04  +9.8911119083749255e-01  +4.0875072771121779e-01  +3.9476946687281356e-01
q[271]: +2.3699953833654388e-04  +9.4202527501458688e-01  +4.1417652984568953e-01  +4.0442937993494427e-01
q[272]: +2.9829471349447065e-04  +9.3864923687365276e-01  +5.3675538254411426e-01  +1.1184673797515405e-02
q[273]: +4.7491625481902578e-04  +9.4385724435355389e-01  +5.9097385328661645e-01  +5.7735061059955142e-02
q[274]: +7.1201799412350358e-04  +9.5108569236602813e-01  +6.1515296345502202e-01  +1.3838511581553004e-01
q[275]: +7.9763737329565244e-04  +9.5434492550014483e-01  +6.0269055187753784e-01  +2.4550569216751678e-01
q[276]: +9.3175900762429952e-04  +9.4285087800996992e-01  +5.8788593065288652e-01  +3.5243579152067311e-01
q[277]: +6.6328434782028244e-04  +9.4558768868801135e-01  +6.2301196903180456e-01  +4.8989755541341701e-01
q[278]: +5.3587924676658271e-04  +9.3858964565700054e-01  +5.5796343397385506e-01  +5.0349767534615719e-01
q[279]: +2.3393502676036612e-04  +9.4484978482061199e-01  +5.5936630086821360e-01  +5.4872293801546557e-01
q[280]: +2.5611868002776566e-04  +9.3585764193706378e-01  +6.8223638795671604e-01  +1.0211246563684648e-02
q[281]: +3.3831261989313374e-04  +9.6011595484690937e-01  +7.0721163772436124e-01  +5.3332657494108496e-02
q[282]: +5.8537962372977325e-04  +9.4434382915036064e-01  +7.3787486696904159e-01  +1.2277600098079669e-01
q[283]: +8.8488356704002717e-04  +9.3905589407176460e-01  +7.1653498786672609e-01  +2.2791507758867818e-01
q[284]: +9.0558028581380493e-04  +9.4746002444175359e-01  +7.2107335417684804e-01  +3.5481327875558089e-01
q[285]: +8.0566471026944687e-04  +9.4678828004371318e-01  +7.1631067160694273e-01  +4.7621377894239564e-01
q[286]: +5.7282735670251782e-04  +9.4321978269736584e-01  +7.3034903683039953e-01  +6.0015130076733059e-01
q[287]: +4.5335835546008883e-04  +9.4677828418280385e-01  +6.9101302626201222e-01  +6.3746572299786008e-01
q[288]: +1.9533100688785333e-04  +9.4539181535841521e-01  +6.9349848904529332e-01  +6.8401177894644627e-01
q[289]: +1.8937175881984726e-04  +9.3499809247549137e-01  +8.0470880066456474e-01  +9.7885875495438614e-03
q[290]: +2.8344782199104542e-04  +9.5543722693299460e-01  +8.0513375135311116e-01  +4.9872016210743164e-02
q[291]: +3.3153029636225523e-04  +9.5237236016916182e-01  +8.4281981991324262e-01  +1.1197960323824199e-01
q[292]: +5.9322802019531038e-04  +9.4012320114043146e-01  +8.1722655644265341e-01  +1.9819906900007089e-01
q[293]: +7.7621402688431498e-04  +9.4201736255766577e-01  +8.2035985486627994e-01  +3.2149424051721309e-01
q[294]: +7.8661019876975324e-04  +9.4477215321819707e-01  +8.2470541864839686e-01  +4.6262193433358867e-01
q[295]: +6.3053696811605239e-04  +9.4950369086384079e-01  +8.1928720127814392e-01  +5.9250778663046832e-01
q[296]: +4.4039846394816921e-04  +9.5142653976737368e-01  +8.2666926762799986e-01  +7.1188851447597978e-01
q[297]: +3.2144244111333500e-04  +9.4796967683020517e-01  +8.0106270809321856e-01  +7.5821778242621685e-01
q[298]: +1.1051884410699664e-04  +9.4326794996119145e-01  +8.1193268718377509e-01  +8.0563383306875691e-01
q[299]: +1.2209523055513809e-04  +9.3447316155172855e-01  +8.8693929475184563e-01  +1.0948210290063709e-02
q[300]: +2.3031249550906614e-04  +9.5870884130148815e-01  +9.0199755494451384e-01  +5.4071297873075790e-02
q[301]: +3.3786357477056484e-04  +9.3316223072293503e-01  +8.8247468720421551e-01  +1.3490806016214910e-01
q[302]: +4.4352330284459844e-04  +9.5177829129782576e-01  +8.9991008019747476e-01  +2.5211182783332209e-01
q[303]: +5.3426047112522406e-04  +9.4119117005995434e-01  +8.9412481170840985e-01  +3.9475637570968530e-01
q[304]: +4.7493911652081146e-04  +9.4623833423094827e-01  +9.0043061467321528e-01  +5.4258704100185495e-01
q[305]: +4.1911202445344829e-04  +9.4547950745279929e-01  +8.8765214285193006e-01  +6.5914080118646146e-01
q[306]: +4.0107030296869723e-04  +9.3391867898222358e-01  +8.8055932030498618e-01  +7.5878022418770463e-01
q[307]: +2.4844671261312821e-04  +9.3924001042212613e-01  +8.7619653871677161e-01  +8.3181401319131409e-01
q[308]: +8.8131277590080466e-05  +9.4258224788887457e-01  +8.9386825241391066e-01  +8.8571465542880612e-01
q[309]: +3.4080471984365300e-05  +9.4275325084801287e-01  +9.3491762862205119e-01  +9.6327877304066695e-03
q[310]: +1.0680127206141052e-04  +9.5301658807298040e-01  +9.3914312511239173e-01  +7.8519516177725859e-02
q[311]: +1.7959265197422641e-04  +9.4890873397807030e-01  +9.3884154826231125e-01  +1.6799815277752708e-01
q[312]: +2.2372876632082751e-04  +9.4349211780357622e-01  +9.3383494709681836e-01  +3.0038675778568430e-01
q[313]: +1.9824640451134682e-04  +9.4444044571265451e-01  +9.3637036291767839e-01  +4.5059055028276135e-01
q[314]: +1.7155803675152309e-04  +9.4491630075345134e-01  +9.3697906048321100e-01  +5.9290038807921774e-01
q[315]: +1.9989858542137105e-04  +9.4626660638336768e-01  +9.3427161262993530e-01  +7.1076009843918109e-01
q[316]: +1.3446489598570907e-04  +9.4789808877717663e-01  +9.3773446969566776e-01  +8.1125913493214641e-01
q[317]: +1.3584665614183719e-04  +9.3583484087364921e-01  +9.2338260426466734e-01  +8.7085914335971293e-01
q[318]: +3.1157616248478990e-05  +9.5646085795605507e-01  +9.4840765693482265e-01  +9.3730754422820761e-01
q[319]: +3.1734968889449165e-05  +9.9044271759180691e-01  +2.8844374096092789e-02  +1.6580416419065110e-02
q[320]: +7.6490255156676774e-05  +9.8910247040760402e-01  +9.3316200063619875e-02  +8.0558374119569759e-02
q[321]: +5.0906582003432959e-05  +9.8679242104777720e-01  +6.9425644321238489e-02  +7.8287599543424759e-03
q[322]: +1.2181014607847068e-04  +9.8985845710913400e-01  +1.1629166381668317e-01  +5.1608579635515420e-02
q[323]: +9.4230351640278443e-05  +9.8881353555875440e-01  +1.9303922420013273e-01  +1.8168391154171415e-01
q[324]: +6.5896346825036146e-05  +9.9336661550978633e-01  +1.6303614207970482e-01  +1.4215114928182955e-02
q[325]: +2.5176712607714467e-04  +9.8614444980846017e-01  +2.1740780970591655e-01  +7.0909787251790396e-02
q[326]: +6.5017915190673781e-04  +9.4953947461835020e-01  +3.0225024807074913e-01  +1.5664134996560408e-01
q[327]: +2.0147531881871476e-04  +9.8909300349438178e-01  +2.0161203579954384e-01  +1.4017052398200089e-01
q[328]: +7.0346343859223248e-05  +9.8777589620647366e-01  +3.0419225354028306e-01  +2.9660222318232254e-01
q[329]: +3.2261913657275625e-05  +9.9233568992932586e-01  +2.5139420442908683e-01  +4.6268201805846317e-03
q[330]: +1.7316255845410764e-04  +9.9022164445221184e-01  +2.9512601115257009e-01  +4.2403390428021194e-02
q[331]: +3.6140191143269382e-04  +9.8809883469776438e-01  +3.7589899642752800e-01  +1.2077718910153223e-01
q[332]: +2.0615455165232617e-04  +9.9206792676866962e-01  +3.0123658843489914e-01  +1.5877991018131690e-01
q[333]: +3.2070623728310416e-04  +9.8861867042943918e-01  +3.9417263892665649e-01  +2.6235023828610704e-01
q[334]: +2.2096559520012546e-04  +9.8951272723991057e-01  +3.1484595545331873e-01  +2.6388475941967898e-01
q[335]: +9.5975313756605063e-05  +9.8892037128920296e-01  +3.6982391171181384e-01  +1.0093231943469250e-02
q[336]: +2.4814355877255436e-04  +9.8965209088275818e-01  +4.4157987830672596e-01  +5.6541520424564722e-02
q[337]: +3.5017812863317061e-04  +9.8968429883637699e-01  +5.2716309214337376e-01  +1.3798580169601055e-01
q[338]: +2.8722869281301756e-04  +9.9294790045006609e-01  +4.8197743265381776e-01  +2.3087972284613850e-01
q[339]: +6.5549500580515657e-04  +9.5991938984179892e-01  +4.6607555436224091e-01  +2.2967990501092136e-01
q[340]: +2.5353152757943954e-04  +9.9171396823111402e-01  +5.2568118525807761e-01  +3.7269485341487030e-01
q[341]: +4.3971458249826296e-04  +9.5967648484476331e-01  +5.2847001598979626e-01  +3.9663891312989330e-01
q[342]: +2.3444990463329031e-04  +9.9099731912005029e-01  +4.6612923885825180e-01  +4.0101150602084551e-01
q[343]: +1.3110667095019593e-04  +9.8840686813486056e-01  +5.1261040536115199e-01  +1.1615549268466538e-02
q[344]: +2.7114010936059096e-04  +9.8933670592484890e-01  +5.9534117146430798e-01  +5.9268253813905249e-02
q[345]: +2.6869693860642947e-04  +9.9087176005102329e-01  +6.6142758278432079e-01  +1.3959622611767206e-01
q[346]: +3.2558885308282907e-04  +9.9184925655779266e-01  +6.2399870155438353e-01  +2.4674968270681055e-01
q[347]: +4.1666899888394022e-04  +9.8867811209488499e-01  +6.1094075438448403e-01  +3.5906238586724309e-01
q[348]: +2.8064241699468770e-04  +9.9074607955039751e-01  +6.4066830686885468e-01  +5.0725635611466469e-01
q[349]: +2.7160635078117622e-04  +9.8794892886690655e-01  +6.0087670566987250e-01  +5.4530099626933137e-01
q[350]: +1.0861060747167181e-04  +9.8907142917597057e-01  +5.3065712479785010e-01  +5.1978953506685599e-01
q[351]: +1.2864532724011975e-04  +9.8773823973153407e-01  +6.6175421676186452e-01  +1.0885048104377936e-02
q[352]: +1.4654889601774788e-04  +9.9398741922880951e-01  +7.4313330628937813e-01  +5.4847918643315355e-02
q[353]: +2.8761224436009181e-04  +9.8821308740323333e-01  +7.6570093044108356e-01  +1.3270040353298973e-01
q[354]: +4.2469571795769102e-04  +9.8829862761463505e-01  +7.4587120927618622e-01  +2.4540216977452775e-01
q[355]: +3.8621863510646847e-04  +9.9029194226698114e-01  +7.3812513517443545e-01  +3.7535614560397779e-01
q[356]: +3.8114497962109966e-04  +9.8937331448241428e-01  +7.2842096698519498e-01  +4.9594189947576761e-01
q[357]: +2.9052367923817026e-04  +9.8828120204076841e-01  +7.5687897654076530e-01  +6.2883397890062398e-01
q[358]: +1.9625877038213885e-04  +9.9024693966979105e-01  +7.4049356796874055e-01  +6.8563305657579299e-01
q[359]: +1.0295056866242754e-04  +9.8976101243120651e-01  +6.7536184292015145e-01  +6.6470053619691694e-01
q[360]: +1.0253911640894436e-04  +9.8754667707141119e-01  +8.0013245411878675e-01  +9.8411474678498593e-03
q[361]: +1.3023642483483337e-04  +9.9148076890397085e-01  +8.6101571930781884e-01  +5.1802643185098744e-02
q[362]: +1.7953217179776665e-04  +9.9145031779114534e-01  +8.6471997277664281e-01  +1.2497486939370045e-01
q[363]: +3.4352350384869804e-04  +9.8811774948090103e-01  +8.5182341119043770e-01  +2.2986035380601791e-01
q[364]: +3.7376902459996874e-04  +9.8918024111301484e-01  +8.4563147283097240e-01  +3.6228408600270323e-01
q[365]: +3.5456911514958914e-04  +9.8929959130249268e-01  +8.4255948562975835e-01  +5.0057597148147792e-01
q[366]: +2.4309706965395812e-04  +9.9066620913017356e-01  +8.4033671643611318e-01  +6.1508877516665705e-01
q[367]: +1.6544443815998098e-04  +9.9133799509422149e-01  +8.6167017405121027e-01  +7.1882128487709240e-01
q[368]: +1.7350755052657191e-04  +9.9045519179714825e-01  +8.5913386084439536e-01  +7.9662521356487825e-01
q[369]: +9.9319647029658248e-05  +9.8886181620917024e-01  +8.0920586862430410e-01  +7.9778656936952497e-01
q[370]: +7.7120820782335009e-05  +9.8747343071511196e-01  +9.0906865854217700e-01  +1.0795523100584825e-02
q[371]: +7.4069484585316506e-05  +9.9471167045438635e-01  +9.4793801700971014e-01  +6.3486602639106507e-02
q[372]: +2.0550676593201399e-04  +9.8662228843094424e-01  +9.3368052826622938e-01  +1.5098688300595656e-01
q[373]: +1.5070723586721823e-04  +9.9250499827770722e-01  +9.3423138605550049e-01  +2.5973134177972951e-01
q[374]: +2.4388947845657523e-04  +9.8806621067611655e-01  +9.2682299972156290e-01  +3.7283196681849939e-01
q[375]: +2.5841972892918483e-04  +9.8945939594956411e-01  +9.2691090607608861e-01  +5.0369708751102893e-01
q[376]: +2.5030238241093982e-04  +9.8974645952516305e-01  +9.2722067567646049e-01  +6.4499907395734279e-01
q[377]: +2.0912996115696959e-04  +9.8787831029423023e-01  +9.3076743318026833e-01  +7.7200381613619240e-01
q[378]: +1.4775621439796189e-04  +9.8719261646588286e-01  +9.3859924561743424e-01  +8.7142753008419727e-01
q[379]: +7.7801411991858282e-05  +9.8888187413043638e-01  +9.1171709890377550e-01  +8.9876144890879162e-01
q[380]: +3.6877801553968686e-05  +9.8827659600855078e-01  +9.7245293096450547e-01  +1.2468421217694179e-02
q[381]: +3.9084447714286950e-05  +9.8646786792811991e-01  +9.7975139525802879e-01  +5.7798032170532761e-02
q[382]: +5.8049012038274680e-05  +9.9173805013291372e-01  +9.8185333796962648e-01  +1.4021809855065925e-01
q[383]: +1.0249788051716491e-04  +9.8935704430489491e-01  +9.7839434447327589e-01  +2.5927325386194849e-01
q[384]: +1.2894592980747897e-04  +9.8908819343930265e-01  +9.7699609721370428e-01  +4.0206635215685155e-01
q[385]: +1.2648208180485686e-04  +9.8945887666167398e-01  +9.7723350914963569e-01  +5.5408452615694215e-01
q[386]: +1.0996216996824375e-04  +9.8951048409267317e-01  +9.7758917252925259e-01  +6.9750700943946964e-01
q[387]: +7.7886187576453467e-05  +9.9027657807637726e-01  +9.7911131865399570e-01  +8.2116618384319440e-01
q[388]: +4.5796217615236852e-05  +9.8853174516393727e-01  +9.8086270364543182e-01  +9.1536928649355420e-01
q[389]: +3.1002219210209140e-05  +9.9070626901861192e-01  +9.7455805365857950e-01  +9.6142958855134830e-01

