Gauss-Jacobi alf=3.000000 bet=0.000000 weights/abscissas
deg: 19
dim: 1
nodes: 10
2.492112778243359142e-05 6.933644555745098470e-02
3.888843442946341290e-04 1.571833669843800962e-01
2.282602015555803502e-03 2.674956648442819995e-01
7.912902953030718015e-03 3.930127598800315369e-01
1.921360530486515214e-02 5.252412592575849137e-01
3.538753645543780274e-02 6.551913329925133089e-01
5.122816951366116617e-02 7.740165741756867002e-01
5.841131853536812163e-02 8.736244198870587452e-01
4.994903497548528609e-02 9.472314769030778514e-01
2.520102477451882650e-02 9.898406125614119810e-01
