Gauss-Jacobi alf=0.000000 bet=3.000000 weights/abscissas
deg: 21
dim: 1
nodes: 11
2.154483941032753549e-02 8.641321442257444627e-03
4.375115674322355847e-02 4.497884927848544434e-02
5.353886017762601174e-02 1.081347857874645352e-01
5.035336696849761901e-02 1.944544411219217006e-01
3.845315432065172373e-02 2.989243200961304026e-01
2.404045380838461601e-02 4.154755864119090703e-01
1.209869700086586321e-02 5.373387308248214200e-01
4.697951079907607998e-03 6.574393157824297562e-01
1.294981295825938135e-03 7.688153291407630041e-01
2.132048035177991048e-04 8.650447710346838015e-01
1.333439117173268522e-05 9.407525490791334155e-01
