Gauss-Jacobi alf=0.000000 bet=2.000000 weights/abscissas
deg: 19
dim: 1
nodes: 10
2.743408871009751088e-02 1.096845245617413152e-02
5.627293640280817827e-02 5.689815053365791103e-02
7.006950770866621214e-02 1.359502340502289630e-01
6.745221938143791673e-02 2.422811961325235519e-01
5.288378876696417374e-02 3.680078504493377034e-01
3.385456501681410879e-02 5.038071264148739070e-01
1.719757504655301458e-02 6.396094886547096792e-01
6.469889068558533352e-03 7.653476795481078954e-01
1.545523194736578027e-03 8.717100745744085222e-01
1.532400366971608434e-04 9.508742926405231444e-01
