Gauss-Jacobi alf=1.000000 bet=0.000000 weights/abscissas
deg: 17
dim: 1
nodes: 9
2.180847085773127397e-03 3.625781288320946427e-02
1.206000428478539409e-02 1.180789787899986926e-01
3.180482149105396533e-02 2.371769848149604121e-01
5.840119529516511060e-02 3.818827653047059401e-01
8.435832184492016161e-02 5.380295989189891603e-01
1.003088091933682369e-01 6.903324200723621740e-01
9.853374217234572852e-02 8.238833438370046780e-01
7.607425510930813928e-02 9.256126102908039943e-01
3.627800352327987393e-02 9.855875903511234215e-01
