Gauss-Jacobi alf=2.000000 bet=2.000000 weights/abscissas
deg: 23
dim: 1
nodes: 12
3.714823319435623777e-05 3.122013254594619910e-02
3.508279136675998100e-04 8.239367194868338351e-02
1.333458850620583558e-03 1.530395640676234237e-01
3.114361485688633361e-03 2.398956133847391647e-01
5.199885061607630900e-03 3.389090577133101467e-01
6.630985121887844266e-03 4.454530108377421360e-01
6.630985121887847736e-03 5.545469891622578640e-01
5.199885061607623961e-03 6.610909422866898533e-01
3.114361485688644203e-03 7.601043866152608075e-01
1.333458850620582040e-03 8.469604359323765763e-01
3.508279136676004063e-04 9.176063280513165887e-01
3.714823319435623099e-05 9.687798674540538668e-01
