efficiency: 0.934426
deg: 12
dim: 3
nodes: 122
q[0]:   +1.3292372454439070e-04  +8.8166417360293695e-02  +6.2940111727217113e-02  +2.0299916583933421e-03
q[1]:   +1.5902977291564198e-04  +7.0552878532271199e-02  +4.5198417218931745e-02  +3.6859870249427142e-02
q[2]:   +5.4453095027916113e-04  +1.8143889020261597e-01  +4.8013201537046607e-02  +2.4158915672820115e-02
q[3]:   +8.8182304803632199e-04  +2.4220940506216737e-01  +1.4356646466200829e-01  +1.1868062360967806e-01
q[4]:   +1.0138952323636517e-03  +2.2739802355362693e-01  +1.5626413991491492e-01  +3.5038729296434375e-02
q[5]:   +3.0796028778946899e-04  +2.1832131747179850e-01  +1.9486089459280967e-01  +1.8645872825439622e-01
q[6]:   +2.6857767312935888e-04  +2.3716830227662761e-01  +2.3057542516458149e-01  +1.6758178665556608e-02
q[7]:   +5.6500902159970119e-04  +1.7315965292455210e-01  +1.5945477436272518e-01  +8.8571697200998556e-02
q[8]:   +7.4789892247166285e-04  +3.5444944489598434e-01  +4.8983351182076793e-02  +2.4747860520325609e-02
q[9]:   +5.1105697358224268e-04  +3.2751041817514676e-01  +1.2742271186282056e-01  +3.0912654509757461e-03
q[10]:  +1.2696833853968012e-03  +3.9046062245455321e-01  +1.4992777083096287e-01  +1.2937998143995080e-01
q[11]:  +2.2586429465635488e-03  +3.9405999355743010e-01  +1.8770012109628118e-01  +7.2313433346665401e-02
q[12]:  +8.8215428389670065e-04  +3.8835176988797787e-01  +2.9011690536763679e-01  +1.3256649150272382e-02
q[13]:  +1.9318253029524878e-03  +3.6003394857642884e-01  +2.7262482481851641e-01  +1.6327446235221979e-01
q[14]:  +1.5505808405450363e-03  +4.3479304336763835e-01  +3.1335427087535628e-01  +2.9013184370554429e-01
q[15]:  +1.2686444806429330e-03  +3.8653740442898921e-01  +3.3174353403091356e-01  +7.5285889015352422e-02
q[16]:  +6.9670203537253465e-04  +4.6424957301336411e-01  +4.4399357953017832e-01  +2.4203623435882431e-02
q[17]:  +8.8287014589277920e-04  +3.6344811407127975e-01  +3.5108990533382334e-01  +1.3199390396720737e-01
q[18]:  +1.1021951598901196e-03  +3.6361460053162986e-01  +3.4384930489462034e-01  +2.6149095998993027e-01
q[19]:  +4.4884840550996757e-04  +4.1230216334338055e-01  +3.8901537329577579e-01  +3.7433221146861262e-01
q[20]:  +3.8021707476455698e-04  +5.5233184376736011e-01  +3.3223380080109520e-02  +8.6602792311455939e-03
q[21]:  +1.1603829865530170e-03  +5.5580044939437390e-01  +1.0104799524475094e-01  +7.9467273567755001e-02
q[22]:  +2.6976188739343964e-03  +5.9342269793483238e-01  +2.1874377631787004e-01  +1.1288106553125228e-01
q[23]:  +1.3970541644412234e-03  +5.3056643686104010e-01  +1.4468656967165303e-01  +2.0782204240695247e-02
q[24]:  +1.7513418509532564e-03  +5.6160083397049387e-01  +3.0598247821575486e-01  +2.0949312392827650e-02
q[25]:  +2.6696165718860343e-03  +5.2758635144912780e-01  +3.5329588067695333e-01  +9.6348007234726335e-02
q[26]:  +3.5210899509862770e-03  +5.6323544607260745e-01  +3.4321622631204607e-01  +2.3658025731585050e-01
q[27]:  +1.5077326531830095e-03  +5.7868215274122248e-01  +2.5884776123291076e-01  +2.3771485470545317e-01
q[28]:  +1.7062300507952159e-03  +6.1396683853228218e-01  +4.9973121068962650e-01  +2.5289442476388774e-02
q[29]:  +2.4318693749954693e-03  +5.8061982724920447e-01  +4.9786093929906539e-01  +3.9997313933734840e-01
q[30]:  +1.3917357670827197e-03  +6.3600074755933511e-01  +4.6649982082297120e-01  +4.4852241680657073e-01
q[31]:  +2.2144367071107608e-03  +6.0148632687320380e-01  +5.0549532610636960e-01  +1.3142211789996538e-01
q[32]:  +2.4465377693591510e-03  +5.3611330532342372e-01  +4.4206708382556714e-01  +2.3382124717122682e-01
q[33]:  +7.4725339989293671e-04  +6.8177246821706983e-01  +6.5822219930609427e-01  +2.3423400659900850e-02
q[34]:  +1.4046697263691069e-03  +5.7920392791985675e-01  +5.6023862951623171e-01  +1.2438954390783609e-01
q[35]:  +1.7140194813243671e-03  +5.5668333524997393e-01  +5.3594531908172949e-01  +2.8453145140178232e-01
q[36]:  +7.7912597730877013e-04  +5.7110152615835985e-01  +5.6139124265415918e-01  +4.4849642702429865e-01
q[37]:  +8.2468419871682946e-04  +5.9840723112646388e-01  +5.6667163590797087e-01  +5.4460274165443667e-01
q[38]:  +8.1775276182248177e-04  +7.4216631486903839e-01  +5.4907963234858720e-02  +3.2061021230626416e-02
q[39]:  +1.4277646763065993e-03  +7.2609013734442773e-01  +1.7913867985407711e-01  +1.5811743716060422e-01
q[40]:  +1.2599843762174324e-03  +7.1383626006633649e-01  +1.3963530122482087e-01  +2.3731301909946937e-02
q[41]:  +2.3798060275243096e-03  +7.7984199096904094e-01  +2.1969071874844590e-01  +1.0651858062228180e-01
q[42]:  +1.8490050342460278e-03  +7.4121870052161287e-01  +2.9474929897110502e-01  +2.2935544155569535e-02
q[43]:  +3.6885209400620090e-03  +7.0272225072759409e-01  +3.6669765511436125e-01  +1.1577507637741861e-01
q[44]:  +3.7174067178348024e-03  +7.7559525426058407e-01  +3.6269692479060328e-01  +2.5801724023445943e-01
q[45]:  +3.9243513577836113e-03  +7.2015591804433299e-01  +4.9772979781237225e-01  +2.5988565278393283e-01
q[46]:  +1.2702718500828311e-03  +7.2144364316416643e-01  +3.6431990748417314e-01  +3.4504665135767987e-01
q[47]:  +1.8153307592584400e-03  +7.5979236354368840e-01  +4.9291399188336527e-01  +2.3085643793013099e-02
q[48]:  +3.3022773908745282e-03  +7.6505041252381634e-01  +5.5058677748856844e-01  +1.1983577402807999e-01
q[49]:  +3.2635140072630434e-03  +7.5053736379029024e-01  +5.2466972729205774e-01  +4.3204794196322693e-01
q[50]:  +1.2428917604874923e-03  +8.1573467402350786e-01  +6.9674341606924972e-01  +2.1815970956915311e-02
q[51]:  +2.1386636670306385e-03  +7.6257158574678585e-01  +6.7605306202943460e-01  +1.1698276047633387e-01
q[52]:  +3.2322488866556808e-03  +7.4164800219309912e-01  +6.3837015603239988e-01  +2.8763969970225445e-01
q[53]:  +2.5958829217285480e-03  +7.3762205893457844e-01  +6.4247112518712746e-01  +4.4902238203789308e-01
q[54]:  +1.7734962247155073e-03  +7.8604963563185237e-01  +7.0859992980408892e-01  +6.2733839324610718e-01
q[55]:  +8.0806192705115210e-04  +7.5665743858579493e-01  +6.4606899137223217e-01  +6.2900696573593040e-01
q[56]:  +5.2795749476766706e-04  +8.6753558209876902e-01  +8.4393190769314785e-01  +2.2384869593075316e-02
q[57]:  +9.9018433280769532e-04  +7.8053408740866648e-01  +7.6474459460971178e-01  +1.1823991480026316e-01
q[58]:  +1.7312342869109151e-03  +7.4229682826627075e-01  +7.2219501772742734e-01  +2.8568326749653017e-01
q[59]:  +1.5688132081252369e-03  +7.5213193561174196e-01  +7.3254126600601666e-01  +4.8899789628106621e-01
q[60]:  +6.4743041095648591e-04  +7.5378216828216882e-01  +7.4392851119240211e-01  +6.5841651055107453e-01
q[61]:  +2.3379437013850457e-04  +7.8117057185533412e-01  +7.6598408441831567e-01  +7.5898160060478048e-01
q[62]:  +5.1702257173214374e-04  +8.9250154796502967e-01  +5.0509811188734301e-02  +2.5523900794810973e-02
q[63]:  +1.1909846838479992e-03  +8.7722997425135918e-01  +1.6345445646014217e-01  +1.4055504613068173e-01
q[64]:  +6.8394448215976570e-04  +8.6740281795559981e-01  +1.3640254422946885e-01  +1.1207325876999847e-02
q[65]:  +1.7195318806969588e-03  +9.0998376376329526e-01  +2.1314980509288117e-01  +9.3177234299209752e-02
q[66]:  +1.1345237420111697e-03  +8.9631882639798233e-01  +2.9741825265495336e-01  +2.2775253435558543e-02
q[67]:  +2.5351011460217113e-03  +8.6854305718782499e-01  +3.7470536470217736e-01  +1.0645392185412125e-01
q[68]:  +2.3831479690801681e-03  +9.2916068868847645e-01  +3.5948030460527297e-01  +2.5256970553536512e-01
q[69]:  +9.3318373139252226e-04  +8.9107019703206669e-01  +4.6480645005962162e-01  +1.6066817747813572e-02
q[70]:  +2.1655681365196112e-03  +8.8922161150583112e-01  +5.3456327415295435e-01  +9.5434149832090268e-02
q[71]:  +3.0098939354487831e-03  +8.7605707950453549e-01  +4.7480310336484666e-01  +2.3322456828898061e-01
q[72]:  +2.5550811153660837e-03  +9.2659422512139267e-01  +5.4957396576111728e-01  +4.5325076541473258e-01
q[73]:  +1.5289458889820263e-03  +8.6616088545492864e-01  +3.5056431602597637e-01  +3.2992749655701892e-01
q[74]:  +1.1247524218837924e-03  +9.1644651445222070e-01  +6.6276760048411276e-01  +2.3943183197363691e-02
q[75]:  +1.7385170756302635e-03  +9.1061732763857617e-01  +6.8637685544018168e-01  +1.4011175143343635e-01
q[76]:  +3.4182688629211134e-03  +8.8784101755086098e-01  +6.4203859158459542e-01  +2.7437091155879867e-01
q[77]:  +2.8521461086796806e-03  +8.6698318266698393e-01  +6.0842271051848473e-01  +4.1586970875341889e-01
q[78]:  +1.6253011194126475e-03  +8.5311571797582086e-01  +5.6445830204117720e-01  +5.4379019328674327e-01
q[79]:  +3.3568734897592508e-04  +9.6190347836672452e-01  +8.6178001545107707e-01  +7.2884301766516588e-03
q[80]:  +1.4353434229859622e-03  +9.1351878683452858e-01  +7.9334552779445944e-01  +8.3711086067020130e-02
q[81]:  +1.8976697765948328e-03  +8.7615745954104529e-01  +7.7747241715659532e-01  +2.1713492803017451e-01
q[82]:  +2.1319580752118209e-03  +8.9215983884489847e-01  +7.8797830085897624e-01  +3.6062544947375863e-01
q[83]:  +2.8296417782994535e-03  +8.8961627233368135e-01  +7.6950271646644586e-01  +5.2188058697144080e-01
q[84]:  +2.2220519580912839e-03  +9.0686643041537929e-01  +7.4444378874608075e-01  +6.5704333998789033e-01
q[85]:  +4.7764879963081160e-04  +8.9319705289063045e-01  +7.7376019059637302e-01  +7.6726815610767229e-01
q[86]:  +1.9103532354640117e-04  +9.7822449918194498e-01  +9.6279769872236920e-01  +2.9400410789177770e-02
q[87]:  +8.7383105244423628e-04  +9.2468940958682311e-01  +8.9838233284600388e-01  +1.1549003282823900e-01
q[88]:  +1.1037173033845232e-03  +8.9334229358442840e-01  +8.7472115729996669e-01  +2.7512207634814717e-01
q[89]:  +1.4738516319810137e-03  +8.9128627896761337e-01  +8.6934434595685839e-01  +4.8548550275433477e-01
q[90]:  +1.3762087915634518e-03  +8.9895793229502485e-01  +8.7283606957156601e-01  +6.9820099230305999e-01
q[91]:  +7.2192196673023584e-04  +9.0994332429964586e-01  +8.8134309804152278e-01  +8.4044390786392842e-01
q[92]:  +8.9005530609197794e-05  +9.8182509545404950e-01  +2.8375193847575954e-02  +1.0357039682690406e-02
q[93]:  +4.7582432833582279e-04  +9.7599828778694564e-01  +1.2055374153820970e-01  +9.7690837414945289e-02
q[94]:  +5.6935662658076181e-04  +9.7627930265901774e-01  +1.3913858985924968e-01  +2.7643635986409718e-02
q[95]:  +6.8118171152852045e-04  +9.9090986058196029e-01  +2.7075281375483368e-01  +1.5743782328047165e-01
q[96]:  +5.2777555431848919e-04  +9.8049602354241860e-01  +2.9796886064680272e-01  +2.0810415491358134e-02
q[97]:  +1.3221701249520581e-03  +9.7475296548034895e-01  +3.6854609292064533e-01  +1.1079863836818571e-01
q[98]:  +7.4441879532530664e-04  +9.7366914361925472e-01  +2.9338825853301570e-01  +2.7220170281966277e-01
q[99]:  +8.0413324205196425e-04  +9.7903503627660926e-01  +5.1113508402345698e-01  +2.7478559018123825e-02
q[100]: +1.4669108159347133e-03  +9.7624730575796892e-01  +5.5212900523566133e-01  +1.3624524384498976e-01
q[101]: +1.8991440827884891e-03  +9.7586477943498362e-01  +5.2208786629749937e-01  +2.8055687369836024e-01
q[102]: +5.6371400962778836e-04  +9.9992132302408843e-01  +4.9161221779145575e-01  +3.9411381205503515e-01
q[103]: +7.5776851300117770e-04  +9.7048666612476642e-01  +5.1300560702159137e-01  +4.9569232679075997e-01
q[104]: +3.8004394826034659e-04  +9.8713218369936029e-01  +7.2434481779795690e-01  +2.0859721662780838e-02
q[105]: +1.0053014079874230e-03  +9.8341004343594185e-01  +7.2766937311364632e-01  +1.1433117716864681e-01
q[106]: +1.6960821022650335e-03  +9.7973233481658262e-01  +7.1570397122298246e-01  +2.8708752364771872e-01
q[107]: +2.0031660655668894e-03  +9.7397975024585404e-01  +7.0549654941846651e-01  +4.6836968856543970e-01
q[108]: +8.1566693428685182e-04  +9.8853842882971255e-01  +7.2123171667414754e-01  +6.2541045654671912e-01
q[109]: +6.1248971567501125e-04  +9.7205428602877297e-01  +7.2186097069630750e-01  +7.0384251342427595e-01
q[110]: +5.2784168292791737e-04  +9.8793234176376565e-01  +8.8715848673493236e-01  +7.5832114848328649e-02
q[111]: +1.4251542488614381e-03  +9.7678349254911623e-01  +8.6314637615696665e-01  +2.3701333222794368e-01
q[112]: +1.4352109743440650e-03  +9.7836200521817140e-01  +8.6229240821470488e-01  +4.4682123876159724e-01
q[113]: +9.1210381637542792e-04  +9.8103406146621241e-01  +8.6599608611736056e-01  +6.3018800477397297e-01
q[114]: +7.6340563370828332e-04  +9.7651962804049197e-01  +8.8098901869495327e-01  +7.5725639558554791e-01
q[115]: +3.9788172923739486e-04  +9.8339689103710892e-01  +8.9261281862835495e-01  +8.6496036106553753e-01
q[116]: +2.1291786483241298e-04  +9.9106495327608013e-01  +9.7296976385172018e-01  +1.5879939302279414e-01
q[117]: +3.9800722835157775e-04  +9.7600739096890199e-01  +9.5218806749267593e-01  +2.7295283876260462e-01
q[118]: +6.2491438183286108e-04  +9.7983351836131660e-01  +9.5696320569053928e-01  +4.3371063407855753e-01
q[119]: +6.6663602255222112e-04  +9.7854103527792780e-01  +9.5628053344502006e-01  +6.5147141047785662e-01
q[120]: +2.6984528645182976e-04  +9.8520306419427450e-01  +9.7179069098534887e-01  +8.5878797629860093e-01
q[121]: +5.4997623185735988e-05  +9.8069597685108045e-01  +9.7368141532303798e-01  +9.6734388946547134e-01

