Gauss-Jacobi alf=0.000000 bet=1.000000 weights/abscissas
deg: 21
dim: 1
nodes: 11
2.536734068814138973e-02 1.001828046168040838e-02
5.493809113287145829e-02 5.203545112718055421e-02
7.562004805718706979e-02 1.246192251444430826e-01
8.465942288401764881e-02 2.228406070438378461e-01
8.187910298806358456e-02 3.400081579146651545e-01
6.953187515818314013e-02 4.681376130895840149e-01
5.159136067229744271e-02 5.984972797671392897e-01
3.264154671383334705e-02 7.222032848909679670e-01
1.666362345168070219e-02 8.308248996228185801e-01
6.043920960479775943e-03 9.169583865525948729e-01
1.063667293244541841e-03 9.747263796024796534e-01
