efficiency: 0.916667
deg: 9
dim: 3
nodes: 60
q[0]:  +6.5786787064136317e-04  +1.8302655252339906e-01  +5.1320159019315824e-02  +3.3721085104364674e-02
q[1]:  +6.5574529446635701e-04  +1.1491932466156275e-01  +8.1984643251273692e-02  +1.6916840224756209e-02
q[2]:  +1.1255481299909163e-03  +1.9021755754624012e-01  +1.5886587572537322e-01  +1.3097586295524299e-01
q[3]:  +1.0660135050807110e-03  +3.7030175681287930e-01  +6.9122254915723644e-02  +5.3542221886729580e-03
q[4]:  +1.3236652651751272e-03  +3.7785377606560899e-01  +2.3337158765454222e-01  +4.7969205099660257e-03
q[5]:  +1.4804692677684963e-03  +3.7806336382749006e-01  +1.1404609383635125e-01  +1.0188906874508492e-01
q[6]:  +4.0904981158522008e-03  +3.5814977844820511e-01  +2.0590842420423894e-01  +8.9224994337773825e-02
q[7]:  +1.9961984114911313e-03  +3.2436815670274993e-01  +2.9740006967165783e-01  +5.0300888447788572e-02
q[8]:  +2.6356258463500451e-03  +4.3332991834579265e-01  +3.0640044820302043e-01  +2.8228380323217056e-01
q[9]:  +2.7017834113575094e-03  +3.7094111800228718e-01  +3.3819539838889995e-01  +2.0017581165339735e-01
q[10]: +1.1697827829821785e-03  +4.4201007255211977e-01  +4.2111408604184647e-01  +3.9016648711353774e-01
q[11]: +1.9340715762782264e-03  +5.8532914369426137e-01  +7.1024984925757845e-02  +4.0039056854698683e-02
q[12]: +5.2300197206990948e-03  +6.2219293903743489e-01  +2.4505998913738300e-01  +4.7044159836286598e-02
q[13]: +1.8576374086312956e-03  +6.2272513142923569e-01  +1.8569143820444109e-01  +1.1711000393893892e-01
q[14]: +4.9153239445690446e-03  +5.7273560773764187e-01  +3.0625396827733781e-01  +1.9585661123668399e-01
q[15]: +2.5581221998531530e-03  +6.5406231682820004e-01  +2.6797520223487364e-01  +2.4921787736671386e-01
q[16]: +2.2120972494737217e-03  +6.3420119829669952e-01  +4.2582590226355227e-01  +1.4794290905869766e-02
q[17]: +7.2775854215211388e-03  +5.9613613414726385e-01  +4.4906092031562989e-01  +1.3110038275782807e-01
q[18]: +5.9061407100646146e-03  +6.1919128882581609e-01  +5.1041517574156492e-01  +3.6385027344349602e-01
q[19]: +3.9736070932676944e-03  +7.1358908705880375e-01  +5.0795579916872879e-01  +4.7240497680940841e-01
q[20]: +2.3411187575783734e-03  +5.7266624826530721e-01  +5.3342713679927523e-01  +3.5589761626846871e-02
q[21]: +2.1357833356451805e-03  +6.1813002340367318e-01  +5.9274367067971434e-01  +1.7529129104362931e-01
q[22]: +2.4592293827196470e-03  +5.8805519089168534e-01  +5.6383868529861425e-01  +2.8538210935179020e-01
q[23]: +1.0010722319497528e-03  +6.1750445416853350e-01  +6.1078897938744015e-01  +5.0519913779422465e-01
q[24]: +1.9021385470935320e-03  +7.0577400076967445e-01  +6.5235929895842182e-01  +6.2772154860546692e-01
q[25]: +1.3779104718075993e-03  +8.1505384477300047e-01  +6.7092058061404461e-02  +3.7724504395915334e-02
q[26]: +1.3407947471723730e-03  +7.9117605132817059e-01  +1.5174945349044006e-01  +5.4204072143020062e-03
q[27]: +5.4571884643020143e-03  +8.5141530481605288e-01  +3.0253873662590774e-01  +1.0353103726680779e-01
q[28]: +3.7060437039564916e-03  +8.2459763108333606e-01  +2.1798686001787712e-01  +1.7308608349834212e-01
q[29]: +2.3194025732329172e-03  +8.4974187930309619e-01  +4.2838774696063331e-01  +1.3799341155530286e-02
q[30]: +6.4080654619432242e-03  +8.2123361930084771e-01  +5.2763889694181432e-01  +1.1631054086045116e-01
q[31]: +8.4986263578311540e-03  +7.9621528759617921e-01  +4.6096867876606490e-01  +2.7799113923717089e-01
q[32]: +3.6479750159837021e-03  +8.7607901648463038e-01  +4.5681137517051068e-01  +4.2139274559946033e-01
q[33]: +3.3281869745318791e-03  +8.1758756207055383e-01  +6.8098923311836468e-01  +3.7074668217872780e-02
q[34]: +3.7680672282606824e-03  +8.4645819467256522e-01  +7.1666745286922073e-01  +2.0976956750093614e-01
q[35]: +6.4703173044941033e-03  +8.1440791684310454e-01  +6.7453522553309531e-01  +3.5593710467239081e-01
q[36]: +5.6928837391764901e-03  +8.8725636461745372e-01  +7.0968481268298100e-01  +5.9011022790782253e-01
q[37]: +7.4063169623632972e-04  +8.1117135402259799e-01  +7.9794694770556551e-01  +2.5525397408728071e-02
q[38]: +2.9949214268276030e-03  +8.0923190643666820e-01  +7.7254754843096185e-01  +1.5315908705918235e-01
q[39]: +2.6248810162353749e-03  +8.3531616950070831e-01  +8.1490247305908503e-01  +3.9391305290870121e-01
q[40]: +3.2794829288282745e-03  +7.9770552141393758e-01  +7.6263303692636819e-01  +5.7266462014585706e-01
q[41]: +1.5553590412620897e-03  +8.8994007929084162e-01  +8.5753650653106950e-01  +8.1080612167139665e-01
q[42]: +1.1429628101140856e-03  +9.6253270536104163e-01  +8.7303963317335920e-02  +4.6489236377450914e-02
q[43]: +1.4937041348537573e-03  +9.6046657710131389e-01  +2.2712359841194102e-01  +2.7088860696705193e-02
q[44]: +2.5256731358979890e-03  +9.7445089012840902e-01  +3.3830686504151142e-01  +1.6727154064638425e-01
q[45]: +1.7183021247995987e-03  +9.6446123872453982e-01  +2.6319123473718598e-01  +2.3274295873752363e-01
q[46]: +1.9524440842415556e-03  +9.7429595159647431e-01  +4.7441216424168514e-01  +4.5614685850474644e-02
q[47]: +4.6096814012378130e-03  +9.6182635100437164e-01  +5.9521568415651738e-01  +2.0062043635203730e-01
q[48]: +4.4187829677373967e-03  +9.5818009965809492e-01  +5.3913675198752320e-01  +3.7399855859441578e-01
q[49]: +1.0299883840609282e-03  +9.8704626909528059e-01  +5.4336229440957284e-01  +5.1220833875769400e-01
q[50]: +2.2457579196150188e-03  +9.6214436775049461e-01  +7.1900591616547005e-01  +3.8638475887315150e-02
q[51]: +3.2001195865526402e-03  +9.6910697770000598e-01  +8.2067905736610314e-01  +1.9687433303013138e-01
q[52]: +4.4616678104576367e-03  +9.6408436511553319e-01  +7.7440573636209398e-01  +4.4187093997199678e-01
q[53]: +1.2064575182655821e-03  +9.9948269659655498e-01  +7.9330694550123659e-01  +6.8284883540797736e-01
q[54]: +1.3484895802414257e-03  +9.3226616292768927e-01  +7.3771842854696468e-01  +7.2958792190197697e-01
q[55]: +1.2079288395740321e-03  +9.6336879359481109e-01  +9.1225536158874199e-01  +4.0100760750577544e-02
q[56]: +1.2672473153980941e-03  +9.5912799727072329e-01  +9.3916252008871870e-01  +1.9551178746107661e-01
q[57]: +2.1513728230721173e-03  +9.6831631528475859e-01  +9.2821822796575038e-01  +4.3553394501824511e-01
q[58]: +2.3508991945190849e-03  +9.6018035685208536e-01  +9.2167846373018603e-01  +6.9273160826200497e-01
q[59]: +5.1730340344510045e-04  +9.9044588202850570e-01  +9.4512744206877664e-01  +8.9980322366113752e-01

