Gauss-Jacobi alf=3.000000 bet=3.000000 weights/abscissas
deg: 23
dim: 1
nodes: 12
3.055848579246216560e-06 4.227790358090108974e-02
4.266488581603762413e-05 9.708704906180770644e-02
2.146030817477696101e-04 1.681806435646936715e-01
6.084863224611929350e-04 2.528008939235388275e-01
1.148430674238758338e-03 3.475191688354574704e-01
1.554187758585569637e-03 4.484707225493104188e-01
1.554187758585570504e-03 5.515292774506895812e-01
1.148430674238757254e-03 6.524808311645425851e-01
6.084863224611935855e-04 7.471991060764612280e-01
2.146030817477696372e-04 8.318193564353063563e-01
4.266488581603775966e-05 9.029129509381923491e-01
3.055848579246223760e-06 9.577220964190988894e-01
