efficiency: 0.982262
deg: 20
dim: 3
nodes: 451
q[0]:   +4.7978892909967841e-05  +7.0732264702072958e-02  +2.1284054661188739e-02  +9.4613558511336942e-03
q[1]:   +8.5719437752011476e-06  +2.1603342491418289e-02  +1.5326596609927379e-02  +7.6992927027362580e-03
q[2]:   +3.4694244929875850e-05  +6.7488481503238787e-02  +5.2606360973274535e-02  +4.7158149312344931e-02
q[3]:   +8.1123673615402149e-05  +1.5649607818321584e-01  +2.2040320174118902e-02  +1.0352810500313819e-02
q[4]:   +8.4480123601350513e-05  +1.2273997735768766e-01  +7.6020067316898851e-02  +1.0859778221086767e-02
q[5]:   +7.0919631468911032e-05  +1.3872850662302380e-01  +5.6095321477584649e-02  +5.1531856861489346e-02
q[6]:   +1.3129972990252108e-04  +1.2769827859659585e-01  +8.0317103179608051e-02  +4.9161827062040836e-02
q[7]:   +2.9722905381656827e-05  +6.4891390498373974e-02  +5.3767494389564116e-02  +7.5894951762467125e-03
q[8]:   +1.8489813982607532e-04  +1.9776574906234803e-01  +1.5399906986814896e-01  +1.0510086729296646e-01
q[9]:   +6.0082835716299974e-05  +9.0601028065023792e-02  +8.3156885832468053e-02  +4.2011018545334691e-02
q[10]:  +6.0896422828154902e-05  +1.3773965854018869e-01  +1.2964972603601468e-01  +1.1677608321266908e-01
q[11]:  +1.1249109134652629e-04  +2.4787661574484823e-01  +5.8715131788106917e-02  +5.3569369276996695e-02
q[12]:  +1.2949232598262535e-04  +1.7343041207695825e-01  +6.9378852046694389e-02  +9.6843018437405438e-03
q[13]:  +2.9083987965405016e-04  +2.1304781582982107e-01  +9.2050490715676156e-02  +5.4323742144980376e-02
q[14]:  +2.1062384931961513e-04  +2.9010625893373287e-01  +1.4629689409204069e-01  +8.5432390909568594e-03
q[15]:  +3.3915760982416342e-04  +3.0976865945537707e-01  +1.9813137998116198e-01  +1.0087344229256405e-01
q[16]:  +3.9926402485195001e-04  +2.7951788971490882e-01  +1.5488289141990469e-01  +4.5301860484374928e-02
q[17]:  +1.2703098482463624e-04  +1.8112704317125547e-01  +1.3211148689432944e-01  +1.2329444779729866e-01
q[18]:  +2.6032217509712604e-04  +1.9522428755661542e-01  +1.4727381888981692e-01  +5.0041983891027784e-02
q[19]:  +1.6730864195079194e-04  +2.1995177963567444e-01  +1.6222891175112689e-01  +9.0611370818093600e-03
q[20]:  +5.8033451254906290e-05  +1.4042927065988500e-01  +1.3002609141058660e-01  +9.0590050563483324e-03
q[21]:  +1.1671648836337818e-04  +1.7420406882537801e-01  +1.6506395375704361e-01  +4.8738382357104169e-02
q[22]:  +1.2909419189151129e-04  +1.8260996767644741e-01  +1.7343977765443441e-01  +1.1055025518029014e-01
q[23]:  +8.8379166298437777e-05  +2.3818944246413937e-01  +2.2640608392282821e-01  +2.1604382862269464e-01
q[24]:  +9.4847825115211760e-05  +2.7387505683977564e-01  +2.1105186580151744e-02  +1.0371104470126043e-02
q[25]:  +1.9768288101346758e-04  +2.7201803095691518e-01  +6.7424304507715027e-02  +1.0554850465620732e-02
q[26]:  +2.9778845004951296e-04  +3.1185626942786976e-01  +9.0237745654775284e-02  +5.2782608827462905e-02
q[27]:  +5.0961994706710985e-04  +3.8175767593935078e-01  +1.5338018727400829e-01  +5.3018039170410376e-02
q[28]:  +4.8182293419480335e-04  +3.6575219266350656e-01  +1.7039359800913320e-01  +1.2436408645370414e-01
q[29]:  +4.7772411359371105e-04  +3.8480539834084476e-01  +2.5226434275559273e-01  +4.7049398053715621e-02
q[30]:  +2.1974311373407904e-04  +2.6665254845958047e-01  +1.3617767543147705e-01  +1.2632743872588251e-01
q[31]:  +2.1651811965741548e-04  +3.7332008204124373e-01  +2.5548714272842266e-01  +9.7310668599560439e-03
q[32]:  +3.7114351741391200e-04  +2.8545325424314782e-01  +1.8830410339799411e-01  +1.4021910221515918e-01
q[33]:  +6.6084123112312228e-04  +4.2247244706644133e-01  +3.1178945110128498e-01  +1.9555507439744996e-01
q[34]:  +1.6272404257260337e-04  +3.6820056793758382e-01  +2.3336108840507652e-01  +2.2560440463841577e-01
q[35]:  +4.8161667877420089e-04  +3.0325449254460907e-01  +2.5215585394541074e-01  +1.2029708573306193e-01
q[36]:  +3.0641827742259280e-04  +2.8539534585116660e-01  +2.4864130453976135e-01  +1.9457131620830911e-01
q[37]:  +2.0873148242409617e-04  +2.9984501708714689e-01  +2.3907938953272315e-01  +2.2848410094318655e-01
q[38]:  +3.9522505101582646e-04  +3.0110523685533525e-01  +2.4628081918530664e-01  +4.7083221307480515e-02
q[39]:  +1.0838455653570756e-04  +2.5127513446012989e-01  +2.3986262679826037e-01  +1.2033541440625543e-02
q[40]:  +1.8896932074450093e-04  +2.7854744440712520e-01  +2.6795275231839127e-01  +6.3888303867353127e-02
q[41]:  +2.3427897230350527e-04  +2.8542926595396839e-01  +2.7531755572445410e-01  +1.3797816759359779e-01
q[42]:  +1.1637608099439873e-04  +2.7775656910863628e-01  +2.7253229137856005e-01  +2.1684729861466190e-01
q[43]:  +1.0406281955136207e-04  +3.5750316828109008e-01  +3.4593703527512437e-01  +3.3500881070340732e-01
q[44]:  +9.0558138484835588e-05  +4.0985268995311580e-01  +1.9881267211935651e-02  +9.8968512086783280e-03
q[45]:  +2.0044360113706679e-04  +3.8755585504215867e-01  +6.1868093721743907e-02  +5.2010216289039055e-02
q[46]:  +1.1318585550151747e-04  +3.9364706719999348e-01  +5.8136043966483197e-02  +4.2141803778457613e-03
q[47]:  +3.1938221505527014e-04  +4.2143613424027354e-01  +8.4278658524164343e-02  +3.2310655736677726e-02
q[48]:  +2.9736248370707821e-04  +4.0035629225404895e-01  +1.4105280924579996e-01  +1.0604406883613146e-02
q[49]:  +5.9012176500257505e-04  +5.2249333163913081e-01  +1.6556496732728587e-01  +5.2709729658734675e-02
q[50]:  +5.9784364105543934e-04  +4.7356386743174916e-01  +1.5375889212741675e-01  +1.0530859575892734e-01
q[51]:  +6.6205522414285634e-04  +4.2381402428453729e-01  +2.3771857088261317e-01  +1.2360913896985334e-01
q[52]:  +2.3569074227917298e-04  +3.8279894864800623e-01  +1.3127935515289604e-01  +1.2289355312460670e-01
q[53]:  +2.6698467474504337e-04  +4.4774662956007666e-01  +2.3933892208817462e-01  +9.7616793508793261e-03
q[54]:  +6.0551160400795930e-04  +4.6613152834430521e-01  +2.3967307585455375e-01  +5.2795966667492276e-02
q[55]:  +2.1014580027536249e-04  +4.2629673540441898e-01  +2.2109946397522398e-01  +2.0996740372678813e-01
q[56]:  +6.4012264614693741e-04  +4.8524845386569093e-01  +2.6163451019093475e-01  +2.0913159344196680e-01
q[57]:  +2.9072089186276046e-04  +5.0588218665202722e-01  +3.7694722769459932e-01  +9.7274900101223059e-03
q[58]:  +5.6098288715186924e-04  +4.7250802573558182e-01  +3.6907194458115322e-01  +5.0565011367821967e-02
q[59]:  +7.1917954530234236e-04  +4.2382913917477077e-01  +3.0730001232723020e-01  +1.1287026552257172e-01
q[60]:  +5.9195931591008008e-04  +4.0691652745641449e-01  +2.8739021356683792e-01  +2.3936604684329357e-01
q[61]:  +2.6732113032980776e-04  +4.8071631244020840e-01  +3.4127929298025617e-01  +3.3164333193251344e-01
q[62]:  +3.4539874202601660e-04  +4.1225366030270488e-01  +3.7320396960284091e-01  +4.1624332420471789e-02
q[63]:  +5.5396087317628089e-04  +4.1193083031039074e-01  +3.6318760027538671e-01  +1.1366562156525664e-01
q[64]:  +4.4781195994201655e-04  +3.9208312460496980e-01  +3.4430881089206566e-01  +2.2912636261024361e-01
q[65]:  +1.9074088659357612e-04  +4.2435843732740886e-01  +3.6628636797036940e-01  +3.5780751804071315e-01
q[66]:  +1.6121707811689361e-04  +3.4392561463601001e-01  +2.9015356194895997e-01  +7.9875988313810268e-03
q[67]:  +5.5731666350838883e-04  +4.5689219438475243e-01  +4.0899162126333655e-01  +2.0445092715937016e-01
q[68]:  +3.8341083269602096e-04  +4.0566112030310686e-01  +3.5689890835046656e-01  +3.0816998394859002e-01
q[69]:  +5.4440608110502133e-05  +3.8660901041780982e-01  +3.7545706381636335e-01  +3.6268363758466997e-03
q[70]:  +1.0008909457285058e-04  +3.7390627039644414e-01  +3.6813922931873788e-01  +3.4136008162500973e-02
q[71]:  +1.8294338593250858e-04  +3.9543940112774184e-01  +3.8628021439127946e-01  +9.6203753394780891e-02
q[72]:  +2.4854884258765727e-04  +4.1001545952829926e-01  +4.0103406445807371e-01  +1.7115299785014826e-01
q[73]:  +2.7202138886568429e-04  +3.9471871371580963e-01  +3.8531353609408725e-01  +2.5463284276290971e-01
q[74]:  +1.9652707709644419e-04  +4.0732932629337726e-01  +3.9761837494536340e-01  +3.4265003413204509e-01
q[75]:  +7.2295492725708851e-05  +4.8680720811989281e-01  +4.7828615914823641e-01  +4.6921125417719051e-01
q[76]:  +1.0599825892316010e-04  +5.4301056474895337e-01  +2.2944702784923516e-02  +1.1228718816216570e-02
q[77]:  +1.5834525038662691e-04  +5.2503717875861400e-01  +6.3246695285026244e-02  +5.6540679526213153e-02
q[78]:  +3.7772934667901784e-04  +5.4455347844738555e-01  +9.4115063212402039e-02  +5.3982280896552680e-02
q[79]:  +2.1885590562432616e-04  +5.4111391777915296e-01  +6.6511983850079337e-02  +1.0012161249397232e-02
q[80]:  +3.1546136267832163e-04  +5.2147218832983244e-01  +1.4280638805638871e-01  +1.3288065353574116e-01
q[81]:  +3.0617623618104430e-04  +5.2789538172580264e-01  +1.4167210749818307e-01  +9.9462890190846111e-03
q[82]:  +6.5101267655145382e-04  +6.2818267680391482e-01  +1.7552971040610674e-01  +1.2089268033524764e-01
q[83]:  +3.1114253002280509e-04  +5.6069769041168460e-01  +2.4263250488315666e-01  +9.8253317260376359e-03
q[84]:  +6.8797252266341658e-04  +5.8594703694727124e-01  +2.5934967926941649e-01  +5.0930116091584501e-02
q[85]:  +8.8201104701011806e-04  +5.3950019364429314e-01  +2.4353478804939133e-01  +1.2399581742087473e-01
q[86]:  +7.0232643253875847e-04  +5.8693189203692275e-01  +2.5026486999092240e-01  +1.9879034515053923e-01
q[87]:  +1.0187005467176915e-03  +5.4994273336059163e-01  +3.3911546225045680e-01  +1.2707082678445000e-01
q[88]:  +1.0141663138113605e-03  +5.5143368008955218e-01  +3.4617622635980383e-01  +2.2251358430599330e-01
q[89]:  +3.2547250584394441e-04  +5.3264383972632801e-01  +2.4477854863524742e-01  +2.3490705811974047e-01
q[90]:  +2.4657581922582456e-04  +5.5764164248019432e-01  +3.3514778129904116e-01  +1.1196192489346033e-02
q[91]:  +7.9706033766453082e-04  +5.5989331584840285e-01  +3.5890595199707659e-01  +5.4354317625876392e-02
q[92]:  +7.3249299510090864e-04  +5.7458851293115565e-01  +3.7747868795226386e-01  +3.2665977872505803e-01
q[93]:  +2.8736024311122501e-04  +5.8242108127757142e-01  +3.5717010309474312e-01  +3.4744226149015872e-01
q[94]:  +3.0268272277726000e-04  +6.4167311882893108e-01  +5.1788027305709594e-01  +9.8271301520178912e-03
q[95]:  +5.5648599388881002e-04  +6.0361290009459223e-01  +4.8984539882168204e-01  +5.0708818721310563e-02
q[96]:  +9.2709504181545969e-04  +5.5542465235146476e-01  +4.3498611159888551e-01  +1.2538633854708733e-01
q[97]:  +1.0145099749043290e-03  +5.4416195894336372e-01  +4.2579682287647430e-01  +2.1542976288637186e-01
q[98]:  +8.3503028875085066e-04  +5.4252137242533782e-01  +4.2660383614100611e-01  +3.1265418999223576e-01
q[99]:  +5.1359271634502952e-04  +5.2827050943780662e-01  +4.2371840832291557e-01  +3.7836256504171401e-01
q[100]: +2.2411816813117246e-04  +5.8827206503428364e-01  +4.7715091416723343e-01  +4.6972006608962669e-01
q[101]: +2.0707820235147235e-04  +4.9165095573130169e-01  +4.3684453406699292e-01  +9.1063194832422169e-03
q[102]: +6.9252985111927456e-04  +5.7159509061557512e-01  +5.1986219965772773e-01  +1.9728418762779842e-01
q[103]: +6.0077652054138433e-04  +5.1764723226353337e-01  +4.6911093122769054e-01  +3.4589022512781320e-01
q[104]: +3.7739272828688712e-04  +5.7349464103372794e-01  +5.2515568272961499e-01  +4.4872403923398189e-02
q[105]: +5.5356340420008321e-04  +5.3260517427040943e-01  +4.8334980482889606e-01  +1.0472048705129682e-01
q[106]: +6.4075589415774330e-04  +5.7535510872861806e-01  +5.2528403273754265e-01  +3.0226974900468101e-01
q[107]: +3.7482109365357389e-04  +5.3971356093138678e-01  +4.9739438655863216e-01  +4.4442038424502367e-01
q[108]: +1.7681182813666861e-04  +5.4019992162634289e-01  +4.9783386118858219e-01  +4.8630469891403999e-01
q[109]: +5.0167462001759016e-05  +5.4489527350708511e-01  +5.3453544794933716e-01  +3.7450022588182141e-03
q[110]: +1.5478159299933436e-04  +5.0709325659825188e-01  +4.9711637088611854e-01  +3.0770235970961256e-02
q[111]: +2.5660709104947168e-04  +5.1599335327390550e-01  +5.0666681546643855e-01  +9.7144816340960560e-02
q[112]: +3.2137038235462764e-04  +5.3973976900037646e-01  +5.2955699734102279e-01  +1.9285651958794658e-01
q[113]: +3.4056709848407632e-04  +5.2871832452255274e-01  +5.1927468994236947e-01  +2.9200783027921279e-01
q[114]: +2.8858337964362890e-04  +5.2716174883590949e-01  +5.1783957905211164e-01  +3.9198105449115905e-01
q[115]: +1.4671814304226602e-04  +5.3594465407356573e-01  +5.2865437287201533e-01  +4.8014501870957410e-01
q[116]: +1.6543918739053630e-04  +6.6368837142905901e-01  +5.6766063155796881e-02  +4.8322102895596651e-02
q[117]: +3.8772922611208156e-05  +6.6045749370660622e-01  +1.2704824271791856e-02  +7.8284600629865333e-03
q[118]: +3.7493723423592150e-04  +6.7461935458950040e-01  +9.6139365802763235e-02  +4.9871824487415894e-02
q[119]: +3.2387440599476920e-04  +6.5876700863486992e-01  +1.3317143391166317e-01  +1.2245465985671782e-01
q[120]: +1.6848247345693109e-04  +6.7838314587426685e-01  +4.9255065652713675e-02  +9.3219397821252738e-03
q[121]: +5.4873602375370113e-04  +6.4032194971269640e-01  +1.5665341896450014e-01  +4.7648276320839969e-02
q[122]: +2.3032858786435729e-04  +6.6198783690348539e-01  +1.1814551158048954e-01  +8.9273509623641664e-03
q[123]: +8.8034231674635906e-04  +6.6545707030182710e-01  +2.4486539264037466e-01  +1.1683316718692952e-01
q[124]: +3.0887344023792010e-04  +6.7122852042613856e-01  +2.0847050146530269e-01  +9.1550968622524948e-03
q[125]: +6.8564803587934894e-04  +6.9865517754337791e-01  +2.5609741395960101e-01  +4.8032522997641276e-02
q[126]: +1.0082552674936668e-03  +7.8415790246420691e-01  +3.3968607955347935e-01  +1.1252482584527672e-01
q[127]: +7.4426415287317442e-04  +7.2458965387792118e-01  +2.6568787413587969e-01  +2.1242028708797123e-01
q[128]: +3.5308216367056268e-04  +6.5364035527877606e-01  +2.3241239568187752e-01  +2.2229204957150953e-01
q[129]: +3.3375488566929790e-04  +6.8202155796449371e-01  +3.2897519490690186e-01  +9.8134783495976326e-03
q[130]: +8.3844858843143205e-04  +6.8766506120605053e-01  +3.7953199370362262e-01  +5.1978647238950758e-02
q[131]: +1.1327597245919109e-03  +6.6819398033105604e-01  +3.4647177238566090e-01  +1.2205303074283054e-01
q[132]: +1.1765316133529201e-03  +6.6853716434739963e-01  +3.4270544873736525e-01  +2.1552572706165551e-01
q[133]: +7.9938740911643640e-04  +6.7302348926184008e-01  +3.6035606406372350e-01  +3.0660376582197907e-01
q[134]: +3.7103896320158633e-04  +6.8642867687840314e-01  +3.4950223606620329e-01  +3.3901142729250316e-01
q[135]: +3.1844630437031737e-04  +6.5327428801386445e-01  +4.2495552024079664e-01  +9.8087122894732932e-03
q[136]: +6.2366820520019968e-04  +6.8078419619950903e-01  +4.8742270172576757e-01  +5.1717932577520456e-02
q[137]: +1.1707500367973854e-03  +6.7766796898298576e-01  +4.6540947286017204e-01  +1.2704761614817467e-01
q[138]: +1.3243719729463203e-03  +6.6757666928447190e-01  +4.4958545343115591e-01  +2.2426548169522148e-01
q[139]: +1.1495529607408606e-03  +6.7778869725551116e-01  +4.5992092030930398e-01  +3.3456017226284918e-01
q[140]: +3.0964409144635817e-04  +6.7993287063509400e-01  +4.7428187331429844e-01  +4.6428614136823826e-01
q[141]: +1.1899312832749213e-03  +6.7806093760306196e-01  +5.5467097638269014e-01  +2.2731055944424267e-01
q[142]: +6.9767983868775855e-04  +7.0522881846816532e-01  +4.9262300551325860e-01  +4.4129647174887898e-01
q[143]: +5.2148141398694050e-04  +7.3013308028076696e-01  +6.2588293405577655e-01  +5.1505989238237550e-02
q[144]: +9.1769128182606075e-04  +6.7919816953908496e-01  +5.6514254345627368e-01  +1.2259221193123412e-01
q[145]: +1.1202891587278328e-03  +6.6398072087464177e-01  +5.4083733616812757e-01  +3.3431144175806182e-01
q[146]: +8.2693502888604915e-04  +6.6522758019163719e-01  +5.4295190659894577e-01  +4.3601798603839037e-01
q[147]: +5.0378170981277975e-04  +6.5576479773440033e-01  +5.3798267199215644e-01  +4.9756785120108504e-01
q[148]: +1.4981069324067006e-04  +7.2717310379375277e-01  +6.0311082263875437e-01  +5.9722446842918731e-01
q[149]: +1.8284339380313298e-04  +6.3866171271015060e-01  +5.8815158070409335e-01  +8.7004430730076143e-03
q[150]: +3.2485722935951755e-04  +7.0908977750890967e-01  +6.6500090842988024e-01  +4.4341836987308425e-02
q[151]: +5.0490678697564151e-04  +6.6361755261714939e-01  +6.1889877699782836e-01  +1.0853983351131748e-01
q[152]: +5.7674356445610198e-04  +6.7974956063933323e-01  +6.2955659391274177e-01  +1.9497738487871052e-01
q[153]: +8.4252005319765627e-04  +6.9320903893698438e-01  +6.4102208263128713e-01  +3.1556938001779222e-01
q[154]: +6.5297377707871490e-04  +6.6647371483807172e-01  +6.1456194120598273e-01  +4.2306500377272127e-01
q[155]: +5.2518058458915333e-04  +6.4750424337479406e-01  +5.9587461363109073e-01  +4.8920623772800875e-01
q[156]: +3.4482298072437221e-04  +6.7552239413697457e-01  +6.2335741375068698e-01  +5.7668514716176844e-01
q[157]: +1.6754522407306125e-04  +6.6844951528109997e-01  +6.1748158404766296e-01  +6.0862957149847441e-01
q[158]: +8.2983278315835576e-05  +6.8229470997263686e-01  +6.7317321566321175e-01  +1.1027651581734438e-02
q[159]: +1.4450275887822740e-04  +6.3485004744790208e-01  +6.2625649440981412e-01  +4.5129538198120669e-02
q[160]: +2.1296141713219788e-04  +6.4935282456016641e-01  +6.4098126879838557e-01  +1.0834117980551863e-01
q[161]: +2.9741243296580252e-04  +6.5644830786511343e-01  +6.4688903590871383e-01  +1.9818811516417201e-01
q[162]: +3.8345045816611656e-04  +6.6310669891779217e-01  +6.5307280196626238e-01  +3.1504288987505230e-01
q[163]: +3.6508034455262688e-04  +6.5688491962446083e-01  +6.4679571542850389e-01  +4.2802948663337109e-01
q[164]: +2.7497819395810961e-04  +6.5400967249098418e-01  +6.4398386431068511e-01  +5.2853547869318740e-01
q[165]: +1.7505114829110768e-04  +6.6391027142218040e-01  +6.5343766181200003e-01  +6.0811183973429739e-01
q[166]: +6.9325300902208469e-05  +6.3159568652507947e-01  +6.2276136762894463e-01  +6.1474078968599122e-01
q[167]: +9.6324362206844455e-05  +7.7902914664528566e-01  +2.3445728348405810e-02  +1.3302122398056985e-02
q[168]: +1.1505755154979711e-04  +8.0380622437842963e-01  +5.7721047832777421e-02  +8.1390535802110964e-03
q[169]: +3.3636208375023021e-04  +7.9346933764496885e-01  +9.8776716908729092e-02  +4.7104442130004524e-02
q[170]: +1.9582495773961617e-04  +7.8440249072221535e-01  +7.6331940730123032e-02  +6.6277482910371763e-02
q[171]: +1.9990232610231731e-04  +7.7621773769050750e-01  +1.1710703396534775e-01  +9.6620965105827187e-03
q[172]: +4.4878367147720290e-04  +7.6291743428480085e-01  +1.6491183189884881e-01  +4.5329664214254099e-02
q[173]: +6.2563803807543547e-04  +7.5908415900735471e-01  +1.7182953761648329e-01  +1.1840859760233202e-01
q[174]: +2.5953653130139745e-04  +7.8321032768844079e-01  +1.5537982555297852e-01  +1.4534875660288479e-01
q[175]: +2.3523410064459142e-04  +7.9542633222504855e-01  +2.0701574035193093e-01  +7.6890320586906194e-03
q[176]: +4.6117919907650922e-04  +8.0431289481934753e-01  +2.5329830069824388e-01  +4.1224154860560296e-02
q[177]: +6.7907120510330809e-04  +7.7663466908206025e-01  +2.3044332057830558e-01  +1.0386655663887938e-01
q[178]: +3.0012782428447799e-04  +7.8363078371195771e-01  +3.1758820985721359e-01  +9.2949283873423917e-03
q[179]: +1.0536906360257136e-03  +7.8374734357114262e-01  +3.2386608723653060e-01  +1.9616001495862845e-01
q[180]: +5.7153645178298644e-04  +7.9277288343903463e-01  +3.6110065166084765e-01  +3.0820158935586200e-01
q[181]: +3.1451207427864891e-04  +7.7401979520583353e-01  +2.5007355674330656e-01  +2.3986262924212864e-01
q[182]: +6.9715459055565306e-04  +7.9544504249564385e-01  +3.7454147706769797e-01  +4.9307469938745602e-02
q[183]: +1.3409823627211594e-03  +7.7716996187894904e-01  +4.4148350505041223e-01  +2.1348108184510037e-01
q[184]: +1.1728843008817964e-03  +7.8601936609223011e-01  +4.4385226998863642e-01  +3.1804359360992884e-01
q[185]: +6.4022730011942329e-04  +7.8691483055135925e-01  +4.5810248526096808e-01  +4.0715746869441133e-01
q[186]: +3.2347021683050225e-04  +8.0261498240676610e-01  +3.6639006885336212e-01  +3.5638872047914605e-01
q[187]: +3.5138355441102911e-04  +7.7794263821735010e-01  +4.5676640945013924e-01  +1.0303480857565285e-02
q[188]: +5.4793468540961050e-04  +8.1513494535853848e-01  +4.9877921336958403e-01  +5.1241076681314224e-02
q[189]: +1.1457208557814618e-03  +7.8742395661762477e-01  +4.6770605960592920e-01  +1.2290774051999025e-01
q[190]: +1.3247120032737537e-03  +7.8563602749445305e-01  +5.6884911095000801e-01  +2.2427405181181301e-01
q[191]: +2.9313310680627297e-04  +7.7986316179040771e-01  +4.7726366290874389e-01  +4.6785637430698052e-01
q[192]: +2.9756167027520205e-04  +7.6220207938462647e-01  +5.5865959563309475e-01  +1.0162626359133359e-02
q[193]: +4.1954051022064995e-04  +7.6921391914246828e-01  +5.2792551789251974e-01  +5.4637607745377563e-02
q[194]: +9.9887769722504138e-04  +7.9258580990637395e-01  +5.9497932516173879e-01  +1.2577762509434787e-01
q[195]: +1.3227717895379645e-03  +7.8298869875023902e-01  +5.5685543314403851e-01  +3.3545781617162762e-01
q[196]: +9.9385866261807545e-04  +7.9482977191775650e-01  +5.6676439879389739e-01  +4.4708266385336237e-01
q[197]: +5.5251188976673056e-04  +8.1425481229875185e-01  +5.8899575044170849e-01  +5.4084068649751482e-01
q[198]: +2.2796991281116318e-04  +8.0361114738244854e-01  +5.9494355921684805e-01  +5.8552770422587697e-01
q[199]: +2.4701479828978523e-04  +7.7135142267875634e-01  +6.6009451939284436e-01  +1.0169206410819958e-02
q[200]: +4.1341245053287716e-04  +7.9402173306485324e-01  +6.2170766313717629e-01  +5.1250815683634633e-02
q[201]: +6.3421634040420499e-04  +7.9869322883626237e-01  +6.9104671492206449e-01  +1.1799436529859689e-01
q[202]: +9.6286683839574567e-04  +7.8833021453357477e-01  +6.7404358023354038e-01  +2.1282355233698225e-01
q[203]: +8.9543914375828006e-04  +7.9442504837350636e-01  +6.7163171103865182e-01  +3.2516353272482451e-01
q[204]: +7.5338353170564169e-04  +7.7490899714775863e-01  +6.4661629818053212e-01  +3.8790712665746185e-01
q[205]: +9.1413801199630217e-04  +7.7592925327658813e-01  +6.4778181063993356e-01  +4.8631439448803315e-01
q[206]: +6.9330581857930174e-04  +7.8149598577570278e-01  +6.5503195543831971e-01  +5.8019241240518749e-01
q[207]: +2.8317100922442101e-04  +7.7399875131454010e-01  +6.5012163357842334e-01  +6.2657667275700613e-01
q[208]: +1.2890145177075796e-04  +7.7344463862569901e-01  +7.2699274663148694e-01  +7.4427010087071274e-03
q[209]: +3.6909028562425936e-04  +8.3017519019551378e-01  +7.7807823345759242e-01  +4.6249830503389801e-02
q[210]: +5.3070240658021793e-04  +7.8461574397856571e-01  +7.3812286242621639e-01  +1.2183737699228656e-01
q[211]: +5.2775446930234651e-04  +7.7153500994543867e-01  +7.2562821535296174e-01  +2.3144087230558538e-01
q[212]: +7.1494815766360350e-04  +8.0909786288461727e-01  +7.5878837255562204e-01  +3.4779130583965240e-01
q[213]: +8.1431715296885888e-04  +7.7767636435156329e-01  +7.2384537957931594e-01  +4.6235801617227290e-01
q[214]: +6.6948586179818689e-04  +7.7362264463442110e-01  +7.1996342668994817e-01  +5.7791285149014127e-01
q[215]: +3.9357787970439000e-04  +7.7916106749582315e-01  +7.2777906200398590e-01  +6.6632789113533242e-01
q[216]: +1.8722770491119668e-04  +7.9093890580441828e-01  +7.3561155804159473e-01  +7.2438508109409694e-01
q[217]: +8.3981802753006491e-05  +7.9842944622102385e-01  +7.8904897147028652e-01  +1.3377259598496281e-02
q[218]: +2.1895436355053656e-04  +7.6913840465863392e-01  +7.5968270985134490e-01  +6.7456169634654839e-02
q[219]: +2.7784237808558220e-04  +7.7156733640288611e-01  +7.6275276859125540e-01  +1.6312565690254499e-01
q[220]: +3.2940274837061257e-04  +7.7270642936693734e-01  +7.6365963392932767e-01  +2.8496433067424215e-01
q[221]: +3.8430708040751920e-04  +7.8232888006155354e-01  +7.7211087443297344e-01  +4.2617228611608693e-01
q[222]: +2.8796328219462983e-04  +7.7115369825138236e-01  +7.6085235374909277e-01  +5.3589482643303255e-01
q[223]: +2.4460038449743263e-04  +7.6995747684633997e-01  +7.5956488128236743e-01  +6.2823313368123845e-01
q[224]: +1.6425235678603598e-04  +7.8042965831452937e-01  +7.7105445523626337e-01  +7.1176898618300544e-01
q[225]: +9.8235777039898324e-05  +7.6535556459087584e-01  +7.5390491061410125e-01  +7.4271872663953631e-01
q[226]: +4.4426564537313514e-05  +8.8055853477907686e-01  +1.6444252614613655e-02  +7.0106906724770558e-03
q[227]: +1.4334084759629452e-04  +8.8166880202214049e-01  +5.8268059153579015e-02  +4.8082248565480080e-02
q[228]: +1.4605100846484356e-04  +8.8958411783098890e-01  +6.5283805745814494e-02  +1.3033141730453458e-02
q[229]: +2.6547905932585488e-04  +8.8094263207126711e-01  +1.1482381073292416e-01  +6.0833139002288587e-02
q[230]: +2.0944955211442509e-04  +8.8391823773016431e-01  +1.4311072237729569e-01  +1.3382212040696168e-01
q[231]: +1.9191972764273435e-04  +8.8055427759722982e-01  +1.3677237575304804e-01  +9.3261886757271296e-03
q[232]: +4.7367806517811556e-04  +8.7113198783028156e-01  +1.7789087462272854e-01  +5.0620113943711610e-02
q[233]: +4.0018929534912999e-04  +8.6924896422983822e-01  +1.7218351310569696e-01  +1.2390724852074850e-01
q[234]: +2.8990602231863727e-04  +8.8060892205020558e-01  +2.5860208347407343e-01  +2.4861754573264244e-01
q[235]: +2.2075673352111593e-04  +8.9590712524673910e-01  +2.3377270266192043e-01  +1.1524914940386695e-02
q[236]: +4.0935225078317898e-04  +8.7976133579221616e-01  +2.8961677712528583e-01  +5.2531013353711818e-02
q[237]: +5.8593649379857279e-04  +8.7295892645199846e-01  +2.4279445625716853e-01  +1.2401176199955415e-01
q[238]: +4.8222115304571170e-04  +8.8548087307037315e-01  +3.1768970874889479e-01  +1.9326497698804121e-01
q[239]: +6.3066384503741803e-04  +8.4278316655112606e-01  +2.6476817156480303e-01  +2.1259142755701679e-01
q[240]: +1.9340432376825935e-04  +8.8484893726014746e-01  +3.2495567543731879e-01  +7.7990122368843569e-03
q[241]: +4.6548502979042487e-04  +8.8791843582855279e-01  +3.9200202930407840e-01  +4.1862122255699359e-02
q[242]: +6.0754533814579481e-04  +8.7728269814054727e-01  +3.2117133972496992e-01  +1.0752428237987649e-01
q[243]: +1.0035793289481798e-03  +8.7510031797738896e-01  +4.1755989070758803e-01  +1.9407017493702447e-01
q[244]: +8.5079799149800645e-04  +8.7881382602428881e-01  +4.0544460746449468e-01  +2.8315076366832342e-01
q[245]: +6.1095938782432138e-04  +8.8276436670042613e-01  +3.9291726351843675e-01  +3.4282792457533001e-01
q[246]: +2.4510335696941663e-04  +8.9349564940789861e-01  +3.8938429114019779e-01  +3.7994594898618322e-01
q[247]: +2.2266915614727056e-04  +8.6147877898871539e-01  +4.3193725751938217e-01  +8.7198764933348813e-03
q[248]: +9.1488418949296887e-04  +8.8459279307521221e-01  +4.4953342702388188e-01  +1.1160644823759150e-01
q[249]: +1.1567289965346630e-03  +8.7548151403359631e-01  +5.3081414357097156e-01  +3.1371378790820664e-01
q[250]: +2.3535105790737856e-04  +8.8559178960372376e-01  +5.5414401831790128e-01  +9.9843147450554056e-03
q[251]: +5.3537790300356468e-04  +8.9572074887231734e-01  +5.2253063801182331e-01  +5.0230330729319955e-02
q[252]: +8.4123328703164535e-04  +8.8083500619260124e-01  +5.8432254572683218e-01  +1.2196480404922999e-01
q[253]: +1.1510573986557460e-03  +8.7757951258692057e-01  +5.5096919318272819e-01  +2.1201184963106079e-01
q[254]: +5.6965164445198007e-04  +8.7880750899944460e-01  +5.2674219110177289e-01  +4.7825526723963419e-01
q[255]: +2.8217607755824008e-04  +8.7976250735959705e-01  +5.1866785018849104e-01  +5.0926764032724059e-01
q[256]: +2.3119280042849943e-04  +8.5986981926927475e-01  +6.3146585957261392e-01  +9.7455514991444427e-03
q[257]: +5.6840351501639724e-04  +8.8023928548417085e-01  +6.4489999828557909e-01  +5.1092559491829573e-02
q[258]: +5.5347841340836412e-04  +8.8947300635947157e-01  +6.9342018931930360e-01  +1.2043666385343248e-01
q[259]: +9.8912739959036928e-04  +8.8260419742933627e-01  +6.8210576013551372e-01  +2.1656916112622146e-01
q[260]: +1.1244373796501113e-03  +8.7903775808345519e-01  +6.5834424173732220e-01  +3.2793690301042272e-01
q[261]: +9.6957251834126523e-04  +8.8164722600090195e-01  +6.5050023058853879e-01  +4.3791565362977380e-01
q[262]: +6.6215194807793228e-04  +8.8370822363765267e-01  +6.5061602528791773e-01  +5.2788609142639531e-01
q[263]: +5.0485430415394834e-04  +8.9855761167614101e-01  +6.6776027393070825e-01  +6.1155278476337915e-01
q[264]: +2.4201751643610338e-04  +8.8902525957567946e-01  +6.5408718019347889e-01  +6.4382209452522621e-01
q[265]: +2.1657372591856391e-04  +8.7648342418897485e-01  +7.4447957511433294e-01  +1.0142657034354434e-02
q[266]: +4.5748729094662808e-04  +8.6104918938314934e-01  +7.3672480469110269e-01  +5.2347877257674105e-02
q[267]: +4.9974094492663730e-04  +8.9129094149392063e-01  +7.7157681611639373e-01  +1.2568735948537083e-01
q[268]: +5.5772067518326980e-04  +8.8412111492668688e-01  +7.7785990900217794e-01  +2.0859706934893385e-01
q[269]: +7.5228539348559231e-04  +8.8027212701031732e-01  +7.6305809984807504e-01  +3.0991604448990873e-01
q[270]: +7.8239616561105718e-04  +8.8842780255882847e-01  +7.6300107854220567e-01  +4.2470909579828470e-01
q[271]: +8.2964718886430232e-04  +8.6560032013933297e-01  +7.3531554112136277e-01  +5.0657168247837814e-01
q[272]: +7.8025749036108379e-04  +8.7837641532992206e-01  +7.4791937285504784e-01  +6.2506377542388780e-01
q[273]: +4.2475137064471990e-04  +8.7565031978038921e-01  +7.4537769300281809e-01  +7.0436779969157426e-01
q[274]: +1.4649654912415972e-04  +8.6585793509896103e-01  +7.4491053662900897e-01  +7.3993614408920860e-01
q[275]: +1.3661037979111396e-04  +8.8501923379976688e-01  +8.3027167997999107e-01  +9.0497076919472900e-03
q[276]: +4.3289763311990802e-04  +8.8981310871020891e-01  +8.4032754620286243e-01  +1.1255768575680164e-01
q[277]: +5.1077029541631784e-04  +8.5795044892488415e-01  +8.1187344434164799e-01  +2.1703936561683665e-01
q[278]: +5.8289626333370007e-04  +8.9872202660337797e-01  +8.5053122802924630e-01  +3.3976159084671637e-01
q[279]: +6.6938100098909458e-04  +8.7807136550895826e-01  +8.2497238475076762e-01  +4.7702759305839743e-01
q[280]: +6.3888497709537037e-04  +8.7202036893267476e-01  +8.1736455592696022e-01  +6.0116749011788861e-01
q[281]: +4.4956746356910292e-04  +8.7567539517534188e-01  +8.2088350547184130e-01  +7.0764950011331440e-01
q[282]: +2.6344003650472501e-04  +8.7071254917976637e-01  +8.1371809281039853e-01  +7.7015281146027159e-01
q[283]: +1.0019262504000557e-04  +8.8696591398841451e-01  +8.4998089241407904e-01  +8.4191776159715515e-01
q[284]: +4.5552991906611264e-05  +8.8987721274673393e-01  +8.7931419219179507e-01  +7.6734351885800875e-03
q[285]: +1.4127353561069390e-04  +8.7742409791957499e-01  +8.6764105999097618e-01  +5.1969505278916653e-02
q[286]: +2.1801677161323879e-04  +8.7191454557639081e-01  +8.6239212264436038e-01  +1.3276027118651298e-01
q[287]: +2.5607924972285333e-04  +8.7275100911853465e-01  +8.6381956950089001e-01  +2.4865254586781363e-01
q[288]: +2.8291730446205598e-04  +8.7059741263280732e-01  +8.6110962531640667e-01  +3.7966899562445228e-01
q[289]: +2.8723267953166190e-04  +8.8723414270482981e-01  +8.7705680650977091e-01  +5.2043247059176323e-01
q[290]: +2.5699442254084273e-04  +8.6246529017074736e-01  +8.5179189270010436e-01  +6.1401737096733910e-01
q[291]: +2.4545976882024023e-04  +8.7473167907991101e-01  +8.6423330103799134e-01  +7.3326564512972237e-01
q[292]: +1.4052933689193980e-04  +8.7123348403701661e-01  +8.5923136151368207e-01  +8.1129649684479932e-01
q[293]: +3.1720712548600196e-05  +8.6814289124828070e-01  +8.6375006148252742e-01  +8.5474379359543462e-01
q[294]: +4.5239842790573710e-05  +9.5423734144357364e-01  +2.4273659451348593e-02  +1.7210504315492193e-02
q[295]: +2.7445874711453072e-04  +9.4645213832286357e-01  +1.6190873565930833e-01  +5.6257766523845586e-02
q[296]: +3.3619300980698709e-05  +9.5232452806881251e-01  +4.0230590537227835e-02  +2.3441840496561898e-03
q[297]: +1.7087740263381986e-04  +9.4940394075045975e-01  +8.4339016858200236e-02  +4.2908980134202246e-02
q[298]: +1.1213697440514702e-04  +9.5210772945766453e-01  +9.5758002000732867e-02  +8.7123616772642604e-02
q[299]: +1.3268652996972530e-04  +9.5296052875237847e-01  +1.1835768576329422e-01  +1.0872158206142893e-02
q[300]: +3.2535832924466391e-04  +9.4751651011028482e-01  +1.7564922703359331e-01  +1.2771615161073313e-01
q[301]: +1.7008404558868244e-04  +9.5386930248217949e-01  +2.0962366459869647e-01  +2.0000151853722145e-01
q[302]: +1.4108466310628611e-04  +9.5847019561934166e-01  +2.1603458155018074e-01  +9.5809025525390480e-03
q[303]: +3.7833983839852655e-04  +9.4547272786243608e-01  +2.4907637669012900e-01  +5.2911961812335928e-02
q[304]: +4.3384642281764905e-04  +9.4872493338212860e-01  +2.4791008804091688e-01  +1.2766151461054545e-01
q[305]: +5.3096054233976709e-04  +9.5240491670144278e-01  +3.5124769318125015e-01  +2.2806944074056121e-01
q[306]: +4.6669916669482710e-04  +9.3028023320085196e-01  +2.8198250919276813e-01  +2.3032027550558531e-01
q[307]: +1.6318982985710339e-04  +9.5819250654147647e-01  +3.4120973999348003e-01  +9.3737951143096545e-03
q[308]: +3.8424918170962274e-04  +9.5041458954017455e-01  +3.6404698278206138e-01  +4.9884492140979397e-02
q[309]: +6.3496154656007158e-04  +9.4780673082367162e-01  +3.5437573275427531e-01  +1.3103070725365265e-01
q[310]: +6.4602959472178615e-04  +9.4684713212597593e-01  +4.5334751064702267e-01  +2.3962212248850731e-01
q[311]: +6.0834127779467049e-04  +9.5062135399622383e-01  +4.7330164796788560e-01  +3.5924608920486450e-01
q[312]: +3.0773616594358377e-04  +9.5485287640050009e-01  +3.8843705788343758e-01  +3.3785248840885601e-01
q[313]: +1.9123953162258680e-04  +9.5612998439292962e-01  +3.4180134845833071e-01  +3.3170888914196922e-01
q[314]: +2.0412323703254993e-04  +9.4094766127292795e-01  +4.6164409361478576e-01  +9.4617993901493988e-03
q[315]: +3.7986682473730007e-04  +9.5808635860311353e-01  +5.0473117561717651e-01  +4.9011033353679248e-02
q[316]: +4.8263223485290252e-04  +9.5361218799300351e-01  +4.5951627683539997e-01  +1.1015550859508465e-01
q[317]: +6.9800837977000393e-04  +9.4983879479318156e-01  +5.2599716823748865e-01  +1.9747692136562378e-01
q[318]: +4.7012467754582591e-04  +9.4769318988765128e-01  +5.3993606743634082e-01  +3.3712899226806475e-01
q[319]: +8.9162047431442593e-04  +8.8527188426577896e-01  +5.3237371306232284e-01  +4.1564858058045956e-01
q[320]: +3.6656459386636190e-04  +9.4711458694600015e-01  +4.9663241842381978e-01  +4.5294237787641861e-01
q[321]: +1.5664942225420615e-04  +9.5375342405741548e-01  +4.9273642843194521e-01  +4.8528885149262602e-01
q[322]: +1.7213179188183347e-04  +9.5418515539767168e-01  +6.0318373321433805e-01  +9.2400264311182194e-03
q[323]: +4.0641109554882994e-04  +9.5156107784448618e-01  +6.4563395695810777e-01  +4.9089492680365152e-02
q[324]: +6.1955278228039887e-04  +9.5021604797164827e-01  +5.9604117080558439e-01  +1.1894121997929412e-01
q[325]: +6.8320943546068254e-04  +9.4854997640773320e-01  +6.5639505587283353e-01  +2.1521765916918323e-01
q[326]: +7.8873748660251931e-04  +9.4806249966060019e-01  +6.2370280032282488e-01  +3.1454625273992609e-01
q[327]: +6.0257068481885090e-04  +9.5042132668419588e-01  +6.2650722449194207e-01  +4.3463876305218863e-01
q[328]: +5.4237085869378668e-04  +9.5437434837771740e-01  +6.0991167091151544e-01  +5.0943999190159384e-01
q[329]: +3.0177495092050557e-04  +9.4896417634682340e-01  +6.2180196141883948e-01  +5.8254363560734823e-01
q[330]: +1.4898972755453496e-04  +9.5234009157038424e-01  +6.3383109007630312e-01  +6.2617717207929602e-01
q[331]: +1.9136356326683127e-04  +9.4149886495855739e-01  +7.2091442657750238e-01  +9.7833308501567122e-03
q[332]: +3.6786273979020977e-04  +9.4576759242167951e-01  +7.6721465088216323e-01  +5.1009886810640621e-02
q[333]: +5.0804223985707062e-04  +9.5302272645623232e-01  +7.2553726094683568e-01  +1.1833873631992409e-01
q[334]: +4.4235865802676069e-04  +9.5500607496264378e-01  +7.6215435918419017e-01  +2.0292913977217270e-01
q[335]: +5.7490589248322286e-04  +9.4999939480841433e-01  +7.4991017864983833e-01  +3.0638726095844315e-01
q[336]: +5.6156871855004512e-04  +9.5082553348657894e-01  +7.3550330991932578e-01  +3.9822591992134265e-01
q[337]: +5.8806048703838212e-04  +9.5042108744548048e-01  +7.3227013175153310e-01  +4.9235170791335642e-01
q[338]: +5.7734690153087140e-04  +9.5001883490411554e-01  +7.3051705486995699e-01  +5.9671018970045708e-01
q[339]: +3.0809297285606019e-04  +9.6096065127443320e-01  +7.4300880913887701e-01  +6.8719864462647051e-01
q[340]: +1.9658994481359474e-04  +9.4947967701392677e-01  +7.6781776102611243e-01  +7.5584195754120587e-01
q[341]: +1.3509299010490343e-04  +9.5422691574927465e-01  +8.4108941216650090e-01  +1.0036400534386305e-02
q[342]: +2.6837673890769991e-04  +9.3337102252703352e-01  +8.3877386860571634e-01  +5.2722850189176454e-02
q[343]: +5.0096858578245159e-04  +9.5030251973970081e-01  +8.3746665471406068e-01  +2.3692262791546717e-01
q[344]: +5.5097072760026489e-04  +9.4919585213768831e-01  +8.3498058885662974e-01  +3.6184319409035753e-01
q[345]: +5.7054633431588618e-04  +9.5484978607793602e-01  +8.3531797897837934e-01  +4.9246613818703211e-01
q[346]: +6.1417388115735463e-04  +9.4022474466700368e-01  +8.1491850320762049e-01  +5.9633466433448079e-01
q[347]: +3.4999848029624371e-04  +9.5761498594747152e-01  +8.3833931121281025e-01  +7.0882879988793546e-01
q[348]: +3.3388905519028379e-04  +9.4317607352086197e-01  +8.2084125873543190e-01  +7.5670157876135724e-01
q[349]: +1.4814874379105822e-04  +9.4152462815558469e-01  +8.5387091145856830e-01  +8.4153027317357432e-01
q[350]: +5.7796586076927021e-05  +9.6450165336565918e-01  +9.2403661105773505e-01  +6.9948481249528177e-03
q[351]: +1.7166203071939027e-04  +9.3147170182658257e-01  +8.9086529348123733e-01  +4.1890259142390987e-02
q[352]: +4.1926268247849657e-04  +9.5764399173819881e-01  +8.4167943130367884e-01  +1.2651435851979309e-01
q[353]: +3.9804939138736705e-04  +9.3755319482000254e-01  +8.9156848485068418e-01  +2.1153718779133784e-01
q[354]: +3.5461372772826658e-04  +9.6501602549299903e-01  +9.1634559712472052e-01  +3.3375563432644595e-01
q[355]: +4.4340850721064025e-04  +9.4833497678690026e-01  +8.9948805981683799e-01  +4.7381683090379767e-01
q[356]: +4.5661241676943706e-04  +9.4716818702672778e-01  +8.9606945097805757e-01  +6.1376131906537668e-01
q[357]: +3.6192285614672522e-04  +9.4696080218907641e-01  +8.9553950811123129e-01  +7.3447302479320242e-01
q[358]: +2.3213302160451829e-04  +9.4379691702824331e-01  +8.9665621094327896e-01  +8.2764289051729323e-01
q[359]: +7.5765491026752465e-05  +9.5733637061888233e-01  +9.1701037183387968e-01  +8.9031696456822529e-01
q[360]: +3.8227848202159054e-05  +9.5216269371331375e-01  +9.4562643484374909e-01  +1.6254415933764744e-02
q[361]: +1.0423782312591138e-04  +9.5081820683838403e-01  +9.4189396039933371e-01  +7.7770933322957800e-02
q[362]: +2.3771700350833859e-04  +9.6246893518880450e-01  +9.1673844380987790e-01  +1.1565521018332837e-01
q[363]: +1.4501715207272098e-04  +9.4645879240171438e-01  +9.3813417576921143e-01  +1.7234852199951756e-01
q[364]: +1.8474735628698380e-04  +9.4642782103014422e-01  +9.3703431930838954e-01  +2.9610767925350578e-01
q[365]: +1.9964716423052535e-04  +9.4564737029617185e-01  +9.3634296259027183e-01  +4.3005958232955499e-01
q[366]: +1.8338834533682512e-04  +9.5802270117587895e-01  +9.4851857388978034e-01  +5.8125113896052316e-01
q[367]: +1.9638049381709330e-04  +9.3824770319938910e-01  +9.2845003739715615e-01  +6.9476273656804777e-01
q[368]: +1.3042213107415274e-04  +9.5535741866571433e-01  +9.4518988628002854e-01  +8.1290321556212131e-01
q[369]: +7.5761922917704834e-05  +9.3723945117821728e-01  +9.3019943645293057e-01  +8.6850099683416482e-01
q[370]: +4.6948866388826003e-05  +9.4956741438096903e-01  +9.3957142302536345e-01  +9.2767620022343455e-01
q[371]: +7.1565781422756880e-06  +9.9271501613964497e-01  +1.1509833520695806e-02  +3.1955933876885233e-03
q[372]: +4.2025934830024729e-05  +9.9122558120452542e-01  +5.7670717824361534e-02  +4.7139886162028265e-02
q[373]: +5.9256645685618040e-05  +9.8987504254230663e-01  +6.5408738674577457e-02  +1.5842079119341500e-02
q[374]: +1.4071541799729097e-04  +9.8967747011008211e-01  +1.3794485630926004e-01  +8.1107839312648741e-02
q[375]: +7.4845993621538271e-05  +9.9079890838313500e-01  +1.4809617134364486e-01  +1.3655721532138154e-01
q[376]: +1.7917196840276261e-05  +9.9311480276430220e-01  +1.2392999039144725e-01  +2.5518150969220200e-05
q[377]: +1.2556714085049312e-04  +9.9025955587784620e-01  +1.6013943710653256e-01  +3.5363751628895476e-02
q[378]: +1.3679618559818941e-04  +9.9100729446315439e-01  +2.3558116325507647e-01  +1.7506402448826233e-01
q[379]: +7.4621653533568627e-05  +9.9251903790823026e-01  +2.7110891359055250e-01  +2.6049592707372127e-01
q[380]: +7.1313518570372149e-05  +9.9246927720475886e-01  +2.4173572824603440e-01  +1.2568784528208766e-02
q[381]: +1.6533345765119855e-04  +9.8870656163638804e-01  +2.7843715743643244e-01  +5.8357646356013086e-02
q[382]: +2.1782863357666402e-04  +9.8994631954333789e-01  +2.5112415646523201e-01  +1.1191973497479975e-01
q[383]: +1.5259712718390100e-04  +9.9119598152431831e-01  +3.3406814422701020e-01  +2.0178248044740810e-01
q[384]: +1.5323307643167009e-04  +9.8309271293891909e-01  +2.8164824984465942e-01  +2.2986140502217484e-01
q[385]: +3.3021628658037358e-05  +9.9333719820974675e-01  +3.5949512526588157e-01  +3.8345047578896233e-03
q[386]: +1.4445636647444812e-04  +9.9053688953346453e-01  +3.7669509412072910e-01  +3.6420428631629753e-02
q[387]: +2.0710391681079955e-04  +9.9064568956996879e-01  +3.7770573309287470e-01  +1.0553602467520000e-01
q[388]: +2.8129856121367468e-04  +9.8948919565010773e-01  +4.0680129691952155e-01  +1.8667116511628190e-01
q[389]: +2.2349757270482708e-04  +9.9085518306464215e-01  +4.1318612246197550e-01  +2.9319037162518180e-01
q[390]: +1.7041945973058931e-04  +9.9147549772254639e-01  +3.8911444660119127e-01  +3.4031513659434315e-01
q[391]: +6.4072538754877942e-05  +9.9168433467005346e-01  +4.1434990447480985e-01  +4.0684603036574613e-01
q[392]: +1.0641807028596829e-04  +9.8862149161105084e-01  +4.9710431264517646e-01  +1.0319249324335677e-02
q[393]: +1.1061928453501852e-04  +9.9305792908912027e-01  +4.9103604932265815e-01  +5.0780162913158150e-02
q[394]: +2.3154624437169200e-04  +9.9080829483198996e-01  +4.9953668921806149e-01  +1.1261227542262092e-01
q[395]: +2.8781615519223589e-04  +9.9081732519066668e-01  +5.3606037961238717e-01  +2.0513331217665678e-01
q[396]: +3.3781903398638586e-04  +9.8960407486768842e-01  +5.2510749924118727e-01  +2.9847246361452900e-01
q[397]: +2.3051893775073308e-04  +9.9045583129309178e-01  +5.3770425710884884e-01  +3.9329718506221201e-01
q[398]: +2.1053523951038034e-04  +9.9040894589744510e-01  +5.3375156717772365e-01  +4.5887405093448314e-01
q[399]: +1.2361787381948681e-04  +9.8930672559096511e-01  +5.1696195185337912e-01  +4.9158178945971875e-01
q[400]: +7.8878649199541672e-05  +9.9194824331152176e-01  +6.3782258213821641e-01  +1.0865241290143067e-02
q[401]: +1.9617757904041015e-04  +9.9083304796137595e-01  +6.1709175697110163e-01  +5.6477268360558504e-02
q[402]: +2.8668784222252749e-04  +9.9033437663327717e-01  +6.3312939741830054e-01  +1.3688599266976087e-01
q[403]: +3.2516430484203000e-04  +9.8965441425760348e-01  +6.5734015325120598e-01  +2.4283126182644899e-01
q[404]: +3.5774375207256849e-04  +9.9015135525111098e-01  +6.5729235206608116e-01  +3.5200221410148619e-01
q[405]: +3.0907631998918481e-04  +9.9043709506312905e-01  +6.5884117286674682e-01  +4.6250586199542948e-01
q[406]: +2.1033181079226632e-04  +9.9166481088708025e-01  +6.6740008883295920e-01  +5.6153668763257625e-01
q[407]: +1.6570731864231841e-04  +9.9052053361718462e-01  +6.5442382650458319e-01  +6.1801126279383989e-01
q[408]: +3.9011204173623371e-05  +9.9240555775504291e-01  +5.9080899990685976e-01  +5.8762496783377005e-01
q[409]: +9.3112838968148939e-05  +9.8827115852468739e-01  +7.5882647791622482e-01  +1.0845792821008705e-02
q[410]: +1.8220399161667663e-04  +9.9016774827275345e-01  +7.4516960013496791e-01  +5.5295835579740528e-02
q[411]: +2.2380605043585496e-04  +9.9099460734088274e-01  +7.4791144478890548e-01  +1.2934851679803078e-01
q[412]: +2.7808549161364006e-04  +9.9103682181599584e-01  +7.6398892567777044e-01  +2.3200625764724864e-01
q[413]: +3.3815889394756823e-04  +9.9035540883977558e-01  +7.7590411773681933e-01  +3.5684071261644318e-01
q[414]: +3.1476535831734037e-04  +9.9066592330113912e-01  +7.7367610509360274e-01  +4.8204106295366650e-01
q[415]: +2.8726478323146576e-04  +9.8986805446889681e-01  +7.7747477496531281e-01  +5.9864491217542382e-01
q[416]: +1.6681377662105133e-04  +9.9103259296068014e-01  +7.6977155300276223e-01  +6.8414064490042092e-01
q[417]: +8.0666551912696334e-05  +9.9355659861474888e-01  +8.0233453325599657e-01  +7.6895613160025833e-01
q[418]: +7.1885261885397395e-05  +9.8928102267957685e-01  +7.3678993564869144e-01  +7.2864121216075339e-01
q[419]: +5.4536890690838041e-05  +9.9169682126095626e-01  +8.6240376259483853e-01  +1.0991641599698621e-02
q[420]: +1.7211290215263039e-04  +9.8894783375932904e-01  +8.5096854010267187e-01  +5.8051430364971714e-02
q[421]: +1.9317369369810551e-04  +9.9219912304550706e-01  +8.5289727051325337e-01  +1.4232018895497670e-01
q[422]: +2.4456677602174913e-04  +9.9080727536111213e-01  +8.6264395544583972e-01  +2.5537558142395933e-01
q[423]: +2.6861524900590117e-04  +9.8982118859004664e-01  +8.7174885457418672e-01  +3.7719362368182158e-01
q[424]: +2.4065184201357137e-04  +9.9174635464079197e-01  +8.7124170207137897e-01  +5.0745555533125297e-01
q[425]: +2.9281130366836094e-04  +9.8886592413395313e-01  +8.7074328977401338e-01  +6.3583768795967432e-01
q[426]: +1.7619781051273829e-04  +9.9243341897579840e-01  +8.6821870283177183e-01  +7.5114353225795283e-01
q[427]: +1.4363357691466339e-04  +9.8680322197721937e-01  +8.7890330781134862e-01  +8.3996580193305614e-01
q[428]: +3.4138868382300648e-05  +9.8998490408594753e-01  +8.6361229822180208e-01  +8.6108594806901195e-01
q[429]: +1.8853025809921245e-05  +9.9740130679740913e-01  +9.4423112779058338e-01  +9.5921941318793183e-03
q[430]: +1.2270321816889503e-04  +9.8446480151245863e-01  +9.2360579440719293e-01  +4.6131961480978763e-02
q[431]: +7.9057226644173995e-05  +9.9594728735088989e-01  +9.3798344094538377e-01  +1.0968710573633626e-01
q[432]: +2.1203952722920793e-04  +9.8821010332354098e-01  +9.3058723402522170e-01  +2.0984606910900597e-01
q[433]: +1.0496601158736449e-04  +9.9567350302053226e-01  +9.4598091912393334e-01  +3.3645169418670412e-01
q[434]: +1.9711131776392623e-04  +9.8992378722332719e-01  +9.3985898814517710e-01  +4.7451694741654876e-01
q[435]: +1.9876811519804142e-04  +9.8990732132635528e-01  +9.4146350220214237e-01  +6.1349452128729487e-01
q[436]: +1.7426392379100828e-04  +9.9005480207677066e-01  +9.3907223512411564e-01  +7.4535451544861520e-01
q[437]: +1.3533249053969418e-04  +9.8920916689940908e-01  +9.3941181319635114e-01  +8.4920799536821279e-01
q[438]: +4.1069864140065720e-05  +9.9412324725215961e-01  +9.4855220268740736e-01  +9.2827110834783855e-01
q[439]: +1.8210158111411459e-05  +9.7813231686226743e-01  +9.3473098041289548e-01  +9.3405574806620817e-01
q[440]: +5.4132402362512706e-06  +9.9221110075219332e-01  +9.8564344809795679e-01  +1.6992990271777638e-03
q[441]: +4.5789876796343393e-05  +9.9020585475236222e-01  +9.7771931211569252e-01  +3.9219805895041683e-02
q[442]: +5.7876902813707080e-05  +9.9123921431351547e-01  +9.8098955170232627e-01  +1.1671312556140559e-01
q[443]: +9.2068896797634580e-05  +9.8914452507855655e-01  +9.7756716887955297e-01  +2.2097064893406396e-01
q[444]: +7.7461650107677106e-05  +9.8987001464611568e-01  +9.8082406421183754e-01  +3.4278969629967898e-01
q[445]: +9.0742532747345309e-05  +9.8927009731353632e-01  +9.7923884113857906e-01  +4.7136629856005979e-01
q[446]: +5.2874041234842047e-05  +9.9396072444455796e-01  +9.8524634289938429e-01  +6.0733414607690683e-01
q[447]: +9.6965499951237193e-05  +9.8790157914194399e-01  +9.7791407012699094e-01  +7.3234734786204458e-01
q[448]: +4.9065680309955307e-05  +9.9255910501818145e-01  +9.8326964460926869e-01  +8.5077297092022264e-01
q[449]: +4.9919730086009350e-05  +9.8752515030796184e-01  +9.7775120190736964e-01  +9.2840446544604449e-01
q[450]: +6.9836578766812811e-06  +9.9319968119670665e-01  +9.8784681308102162e-01  +9.8165998487711992e-01

