Gauss-Jacobi alf=0.000000 bet=3.000000 weights/abscissas
deg: 19
dim: 1
nodes: 10
2.520102477451878140e-02 1.015938743858796171e-02
4.994903497548522364e-02 5.276852309692211390e-02
5.841131853536808000e-02 1.263755801129413103e-01
5.122816951366118005e-02 2.259834258243131888e-01
3.538753645543793458e-02 3.448086670074866911e-01
1.921360530486512438e-02 4.747587407424151418e-01
7.912902953030742301e-03 6.069872401199684075e-01
2.282602015555798298e-03 7.325043351557180005e-01
3.888843442946330448e-04 8.428166330156199315e-01
2.492112778243357787e-05 9.306635544425490014e-01
