Gauss-Jacobi alf=3.000000 bet=2.000000 weights/abscissas
deg: 19
dim: 1
nodes: 10
1.207894466978836472e-05 5.960439452810334382e-02
1.631147373788036439e-04 1.357683596976894391e-01
7.812142751395166574e-04 2.325778054747449641e-01
2.066945330717981800e-03 3.446254378272257113e-01
3.541285204357017772e-03 4.654508780640450594e-01
4.179147327338485554e-03 5.880507487969278690e-01
3.420933831754849157e-03 7.053092045025558532e-01
1.854189210365928897e-03 8.104189671091435176e-01
5.790031050522077361e-04 8.972842782128462868e-01
6.875469989207714106e-05 9.609099257867180777e-01
