efficiency: 0.976027
deg: 17
dim: 3
nodes: 292
q[0]:   +5.8814991930670445e-05  +4.6975571112918599e-02  +2.7906820812189148e-02  +1.3816965907256808e-02
q[1]:   +6.3060190571776251e-05  +9.2012116894569687e-02  +8.0857311357437955e-02  +9.5423151205768462e-03
q[2]:   +8.1442591904846477e-05  +9.1066094048330548e-02  +8.1390830942270218e-02  +6.3816048416701882e-02
q[3]:   +1.2697077024459956e-04  +1.1991332888325851e-01  +2.7671759873907676e-02  +1.3307655847140273e-02
q[4]:   +2.2227747508933072e-04  +1.5822026513609475e-01  +9.2074644826348070e-02  +1.1979558455616332e-02
q[5]:   +1.3100789548556443e-04  +1.4607336512702251e-01  +8.3621576373032608e-02  +7.8869516899842562e-02
q[6]:   +3.3798476841267040e-04  +1.6864747673397945e-01  +1.0961677755710850e-01  +6.0049618560563518e-02
q[7]:   +9.2630360814078728e-05  +1.7923460742367939e-01  +1.6674315810193333e-01  +1.5711640443545588e-01
q[8]:   +1.6019788513405180e-04  +2.0853913287444650e-01  +1.9287592692303240e-01  +1.2217312167669844e-02
q[9]:   +1.9034249492292182e-04  +1.5953383521535153e-01  +1.4851828172960788e-01  +5.4626795765133178e-02
q[10]:  +2.3099932643246644e-04  +2.0222346460211568e-01  +1.8554521353336278e-01  +1.3278268778791749e-01
q[11]:  +1.0510419402185822e-04  +2.4302672183578167e-01  +2.0250382643033877e-02  +1.3133968820685845e-02
q[12]:  +2.3092108833609574e-04  +2.4464752196456135e-01  +6.4138084063080913e-02  +1.0075086216867733e-02
q[13]:  +7.6482494215140810e-04  +2.9869035878070671e-01  +1.5160665132073084e-01  +5.6635865611141666e-02
q[14]:  +2.2144142396215299e-04  +2.9332594030560893e-01  +1.4178627237684713e-01  +9.9247627354992832e-03
q[15]:  +3.5947288832282931e-04  +2.3919738988949227e-01  +7.9211992070437415e-02  +5.9787668314209515e-02
q[16]:  +6.5548053280502130e-04  +3.7591984398767669e-01  +1.9032509063904937e-01  +1.3929497802519947e-01
q[17]:  +3.0585247428471736e-04  +2.8317036787321281e-01  +2.0638748061131057e-01  +1.2162409014831187e-02
q[18]:  +6.4120454637349314e-04  +2.7688603032311287e-01  +2.2074483497948899e-01  +6.4021019875778795e-02
q[19]:  +6.7350708672406711e-04  +3.3821383764670382e-01  +2.8788750564474597e-01  +1.5360058456609832e-01
q[20]:  +5.9336473760727168e-04  +2.7713296347353511e-01  +1.9257573230653965e-01  +1.3806373913665515e-01
q[21]:  +3.2942325567367306e-04  +2.7573814551163150e-01  +2.0896777862112265e-01  +1.9576956143797311e-01
q[22]:  +1.9188770584316404e-04  +3.5528206959777187e-01  +3.4002621893276957e-01  +1.2038445438220104e-02
q[23]:  +2.4196838562732097e-04  +3.0092116247815420e-01  +2.9228869411664060e-01  +6.1501183025352693e-02
q[24]:  +2.3031128137886237e-04  +2.8175054118613119e-01  +2.7389693900517909e-01  +1.3245754095761750e-01
q[25]:  +3.2107504635536403e-04  +3.1337977124193306e-01  +2.9997831307774275e-01  +2.3060469801147265e-01
q[26]:  +1.6433671153806738e-04  +3.0860246357416810e-01  +2.9535991464592010e-01  +2.8098438036065881e-01
q[27]:  +1.4699323328141978e-04  +4.0572813476242831e-01  +2.4603019416576884e-02  +1.5059302968244918e-02
q[28]:  +2.6253737571869359e-04  +3.7230743568519831e-01  +7.8985892897886489e-02  +6.9965077627172662e-02
q[29]:  +1.7174687364309113e-04  +3.7379000191277223e-01  +5.3528198972799305e-02  +6.9484410510640433e-03
q[30]:  +5.8565785527513224e-04  +3.8831082059499011e-01  +1.0044815550263457e-01  +4.8189708141298339e-02
q[31]:  +5.1607089820621360e-04  +4.2212111610364150e-01  +1.4697884180953433e-01  +1.4927877649702536e-02
q[32]:  +1.1125246765278029e-03  +4.7409836198326266e-01  +2.1739081309640418e-01  +7.7508000650719278e-02
q[33]:  +4.8468293735104678e-04  +4.4943959508522985e-01  +1.8355331741181627e-01  +1.2059203231736297e-01
q[34]:  +4.8657987416170104e-04  +4.6890508630969496e-01  +1.7209042966078031e-01  +1.5981817633939163e-01
q[35]:  +2.3919340751764152e-04  +3.0478946570366622e-01  +1.4403962598964953e-01  +1.3706020359354562e-01
q[36]:  +4.1796839514022561e-04  +4.2350543926496598e-01  +2.3724875856092539e-01  +1.2190644670308181e-02
q[37]:  +1.0848083610046507e-03  +4.2492029809138954e-01  +2.8305876995105994e-01  +6.2544700393578082e-02
q[38]:  +1.2716206243090506e-03  +4.2926404492694198e-01  +2.9323879751931198e-01  +1.5239602390224552e-01
q[39]:  +8.7108908557904843e-04  +4.7091880445804946e-01  +3.0132911748911301e-01  +2.4162288253354883e-01
q[40]:  +3.9419304015323765e-04  +4.1460891106585990e-01  +3.3499799781915146e-01  +1.2978327674536050e-02
q[41]:  +9.0370453643449282e-04  +4.1101563521086648e-01  +3.4064925279344332e-01  +2.7331200636423209e-01
q[42]:  +4.5602016665307070e-04  +4.2821658184296763e-01  +2.6360644070787581e-01  +2.5180661802684851e-01
q[43]:  +7.0388451577852189e-04  +4.1654417279176137e-01  +3.6768561402900080e-01  +6.3874526432267487e-02
q[44]:  +9.4128043408062134e-04  +4.7010124732679143e-01  +4.0138099325182869e-01  +1.4554281411055375e-01
q[45]:  +8.9194643017266660e-04  +4.8999480181005972e-01  +4.2974469534733428e-01  +2.6273524694318040e-01
q[46]:  +3.8558768041216786e-04  +4.2438519637192024e-01  +3.5448306069257179e-01  +3.4227596160787627e-01
q[47]:  +2.4244921480014999e-04  +4.6583652003597009e-01  +4.6001595044343485e-01  +6.6642300160549617e-02
q[48]:  +4.9491633492584127e-04  +4.2558082356630172e-01  +4.1153777313488143e-01  +1.5478069300004083e-01
q[49]:  +4.6081487850259661e-04  +4.3957365475676541e-01  +4.2849806815390401e-01  +2.6256887987636057e-01
q[50]:  +4.2735400596764523e-04  +4.5939960707546990e-01  +4.4601814951842955e-01  +3.7396973849314336e-01
q[51]:  +1.4329979139363880e-04  +4.3703359608534742e-01  +4.2338717873615300e-01  +4.0997585925166680e-01
q[52]:  +2.2077214390467292e-04  +5.6011751237280905e-01  +2.9964238851798757e-02  +1.4564045945287074e-02
q[53]:  +4.2186825543482823e-04  +5.3175706463501682e-01  +8.8720525370472425e-02  +7.5208134324428258e-02
q[54]:  +2.6596271879300213e-04  +5.2620252863918482e-01  +8.1028235284446429e-02  +7.9269117033529367e-03
q[55]:  +8.0182740716058896e-04  +5.5245939260677357e-01  +1.2091518402707707e-01  +5.4891837283878815e-02
q[56]:  +5.7229956950680680e-04  +5.7268362099416770e-01  +1.7881669745790285e-01  +1.7626448156164098e-02
q[57]:  +1.0684431802008016e-03  +5.6777801119274851e-01  +2.1690493502301944e-01  +1.5365426889934219e-01
q[58]:  +9.1765310708318525e-04  +6.0847007317886048e-01  +2.3241647894063794e-01  +8.1040816180567285e-02
q[59]:  +5.7812127619517265e-04  +6.3509394664403440e-01  +1.8531237306795115e-01  +1.7232991397129335e-01
q[60]:  +2.1253759960109813e-04  +5.8643905707866728e-01  +2.6057189488048838e-01  +9.2902045261877603e-04
q[61]:  +1.1217706192673056e-03  +5.8399440076577502e-01  +3.0547898370380144e-01  +4.2055124241948190e-02
q[62]:  +1.4166634133499479e-03  +6.0259380017748998e-01  +3.7215804315870676e-01  +1.2310895171315578e-01
q[63]:  +1.4865661947436788e-03  +5.7430811950121718e-01  +3.3380558879475941e-01  +1.9232154823556419e-01
q[64]:  +1.1520159659106424e-03  +6.1238859591486172e-01  +3.3586588829692232e-01  +2.7600602424572374e-01
q[65]:  +5.3019368434422396e-04  +5.8349921285906614e-01  +2.9240162128609609e-01  +2.8150376098357460e-01
q[66]:  +4.7586406451069030e-04  +5.4501920205720789e-01  +3.6121399943209553e-01  +1.1168611059623046e-02
q[67]:  +1.2154010102198548e-03  +5.7116144285591908e-01  +4.3453183792319744e-01  +6.3301960858714534e-02
q[68]:  +9.8354086397125476e-04  +5.7087316412853395e-01  +4.3479134489620164e-01  +1.5256753346329360e-01
q[69]:  +3.8272501798398484e-04  +5.5473586082302895e-01  +4.7622016917880489e-01  +1.2402942834036396e-02
q[70]:  +9.8114559058205082e-04  +6.1617086400928833e-01  +4.7910646574426119e-01  +2.4137111030739317e-01
q[71]:  +1.1565125226590239e-03  +5.7364011872626730e-01  +4.3422872069453633e-01  +2.8874181185542530e-01
q[72]:  +9.6335272354930522e-04  +5.8813745206806867e-01  +4.3870229537983313e-01  +3.7094419501282627e-01
q[73]:  +5.8045183691924002e-04  +5.7418935420644679e-01  +4.1248978872689795e-01  +3.9903787035522553e-01
q[74]:  +2.1501273134624547e-04  +5.1816155293587285e-01  +5.0249070725153844e-01  +1.2936834336287544e-02
q[75]:  +7.5673726151809836e-04  +5.7262379873133373e-01  +5.2636596862294305e-01  +6.6909731203988673e-02
q[76]:  +1.1044424823705809e-03  +6.2328472706515403e-01  +5.5528528817333622e-01  +1.5593492671964379e-01
q[77]:  +1.0473921103011949e-03  +6.0240108494996725e-01  +5.5188513321593680e-01  +2.7047237838668070e-01
q[78]:  +8.8037141205858909e-04  +5.9101459408868628e-01  +5.3177799395746284e-01  +3.9567410828191452e-01
q[79]:  +7.4860176877181671e-04  +5.6321375958541620e-01  +4.9962608979274237e-01  +4.4710487724966047e-01
q[80]:  +2.6139825223273159e-04  +5.8492401811471340e-01  +5.1892231072572526e-01  +5.1091215149017655e-01
q[81]:  +2.1923873216320034e-04  +6.3919985863843176e-01  +6.3286934556972041e-01  +6.3957143758995749e-02
q[82]:  +5.3229565113263166e-04  +5.6251956989774843e-01  +5.4879327732675431e-01  +1.6237803039235596e-01
q[83]:  +4.3911064503805215e-04  +5.9142920935468735e-01  +5.8308129397853348e-01  +2.8908964905689372e-01
q[84]:  +5.4127527196699571e-04  +5.9593469184959214e-01  +5.8380603325907576e-01  +4.1342271824444243e-01
q[85]:  +1.4728842184027696e-04  +5.5541254720094679e-01  +5.4319607241742762e-01  +5.2891969345188850e-01
q[86]:  +1.5926824201414739e-04  +7.0790635116644818e-01  +2.5695977532044032e-02  +1.2854977867748162e-02
q[87]:  +2.3651489650642872e-04  +6.7863073179422206e-01  +7.9352182503277427e-02  +7.3175345795649840e-02
q[88]:  +3.6857358343382368e-04  +6.8031572092512171e-01  +8.7204463786162256e-02  +1.1817836553937784e-02
q[89]:  +6.0871506282234543e-04  +7.0975813995785353e-01  +1.0641880045357077e-01  +6.0370474557099839e-02
q[90]:  +5.5048451637395744e-04  +7.8169752899594580e-01  +1.8597155685835967e-01  +1.7254700814367008e-01
q[91]:  +3.3091767056883897e-04  +7.0985275172982887e-01  +1.8866360258521611e-01  +6.4888608294230649e-03
q[92]:  +7.9009667193040542e-04  +7.0531674440124859e-01  +1.8907332952757316e-01  +4.9101129281845644e-02
q[93]:  +9.6517014801131079e-04  +7.0123021781871364e-01  +1.9242567984001482e-01  +1.2846706644352765e-01
q[94]:  +2.8983376337775763e-04  +7.3550690293345777e-01  +3.2690466205777047e-01  +7.6513599556005630e-03
q[95]:  +1.1119860957574843e-03  +7.2915685350673987e-01  +3.0888658609137604e-01  +4.5883418656832591e-02
q[96]:  +1.2343060586090307e-03  +6.8760242728959931e-01  +2.9863536262171059e-01  +1.4521936389170143e-01
q[97]:  +1.4075391501115241e-03  +7.3974488708098185e-01  +3.1752135651588759e-01  +2.4489726608619267e-01
q[98]:  +6.3041501255010023e-04  +7.0940146187439190e-01  +4.1798399006245179e-01  +1.5950182366038103e-02
q[99]:  +1.3673257377520408e-03  +7.4346898014344287e-01  +3.9355937766707316e-01  +1.2135383240315098e-01
q[100]: +1.3866494447782357e-03  +7.3936407578947250e-01  +4.8575100078281952e-01  +1.9872751383588644e-01
q[101]: +1.8416879253689883e-03  +7.2377638421942048e-01  +4.2842712791001170e-01  +2.6346119347558317e-01
q[102]: +1.1985013715583108e-03  +7.3365069300887176e-01  +4.5899253396698636e-01  +3.9145502876058408e-01
q[103]: +6.6911617281836637e-04  +7.3530705364693505e-01  +3.1591464609674347e-01  +3.0187991971384182e-01
q[104]: +1.4015811417259114e-03  +7.1632048355162470e-01  +4.7171508399795714e-01  +7.4712860054378535e-02
q[105]: +6.0459827589396937e-04  +7.1675872899727455e-01  +4.4731740385238161e-01  +4.3462436979759994e-01
q[106]: +5.4761628219555198e-04  +6.8479599898131560e-01  +5.1290138050499567e-01  +1.3046447140278928e-02
q[107]: +1.0919110624448192e-03  +7.1828964245641780e-01  +5.9445240580853542e-01  +6.9010953539221584e-02
q[108]: +1.6818416649664791e-03  +7.2733181783436018e-01  +5.7159840117878757e-01  +1.6648333639557569e-01
q[109]: +1.5521599717263463e-03  +7.2679840581372757e-01  +5.7032615091988792e-01  +2.9993767760292483e-01
q[110]: +1.5127688273959591e-03  +7.1442196589012286e-01  +5.3080393511902102e-01  +3.8619635573856836e-01
q[111]: +1.0561562830886508e-03  +7.1966432868925834e-01  +5.7038162129477377e-01  +5.2001486094697280e-01
q[112]: +2.5809917417974140e-04  +7.1825617634225136e-01  +5.7414066931921826e-01  +5.6913561284145120e-01
q[113]: +3.6856388426873259e-04  +6.8993000904367652e-01  +6.2058601911756428e-01  +1.4115429681387608e-02
q[114]: +5.7957954137512820e-04  +7.2827341789979561e-01  +6.8437862732195909e-01  +6.4833595520882609e-02
q[115]: +9.7007277570014744e-04  +7.5606675872112339e-01  +6.9568306698874083e-01  +1.5604637211418887e-01
q[116]: +1.2952930559183963e-03  +7.4155293487017426e-01  +6.7082010044081730e-01  +2.8145288497936538e-01
q[117]: +1.2328643821749251e-03  +7.1311708638478799e-01  +6.4506622202658193e-01  +4.0485224275828596e-01
q[118]: +9.9629745406735202e-04  +7.2162123608881934e-01  +6.2906923191977260e-01  +4.9059648834335184e-01
q[119]: +3.7742260058810229e-04  +7.1407961914034168e-01  +6.4989985493063651e-01  +6.2761406115114360e-01
q[120]: +6.7971158366292002e-04  +7.1856824413103926e-01  +6.6948798643259422e-01  +5.9013497461951614e-01
q[121]: +1.6373085238361408e-04  +6.7831684007333248e-01  +6.6545979496783525e-01  +1.2345024734595502e-02
q[122]: +9.7740616916443712e-04  +8.3434240206019639e-01  +6.0705705787298914e-01  +6.4076162546794921e-02
q[123]: +3.8953305506542380e-04  +6.8779246592797294e-01  +6.7636378024423227e-01  +1.4575218764029332e-01
q[124]: +6.6223171626639125e-04  +7.2981203129401173e-01  +7.1620443783058663e-01  +2.6649639670337943e-01
q[125]: +6.4904754294644457e-04  +7.3550218741137985e-01  +7.2181693534368518e-01  +4.1658286848173026e-01
q[126]: +6.2171003364468831e-04  +7.4227772858555063e-01  +7.2740193606464210e-01  +5.5423336741551665e-01
q[127]: +3.4967757534418295e-04  +6.2072681453171796e-01  +6.1047316821517639e-01  +5.3925805142518379e-01
q[128]: +1.7434425044423956e-04  +6.9862134439546686e-01  +6.8482499805745656e-01  +6.7178752793128071e-01
q[129]: +1.3378122572982269e-04  +8.3533359174013433e-01  +2.7803771744956293e-02  +1.5254569412897672e-02
q[130]: +3.1410103517469747e-04  +8.2237253698618784e-01  +8.5975168180166747e-02  +7.3800793941026607e-02
q[131]: +2.8865635363449206e-04  +8.1187797338455536e-01  +7.7053001390809783e-02  +1.2373905017183176e-02
q[132]: +6.3877353877960657e-04  +8.5320754447220082e-01  +1.3304710065165873e-01  +6.9089071238215366e-02
q[133]: +3.6886338021195028e-04  +9.0348264495860930e-01  +1.7825412347235431e-01  +1.6575620513965916e-01
q[134]: +4.6476459212536209e-04  +8.3533692105657420e-01  +1.7143936625822764e-01  +1.4404042503145829e-02
q[135]: +7.2553181090699169e-04  +8.0750139336303428e-01  +2.0203583248793366e-01  +6.7219813800232314e-02
q[136]: +1.2785262279352192e-03  +8.0458768986166274e-01  +3.0288856019832910e-01  +1.4103839544364072e-01
q[137]: +9.8349513756607640e-04  +8.4187878112724523e-01  +2.3118609269764512e-01  +1.6383258271127335e-01
q[138]: +3.8440002286912876e-04  +8.3300730756117269e-01  +2.8842602259521355e-01  +1.1611101841011951e-02
q[139]: +1.1353363167253636e-03  +8.5842365155169476e-01  +3.2299443278672285e-01  +6.4741440867954497e-02
q[140]: +1.4720268541043809e-03  +8.5906800342562528e-01  +4.5022728870941808e-01  +1.5488812060591864e-01
q[141]: +1.6235493449414623e-03  +8.4517338141102749e-01  +4.2554534864605137e-01  +2.5234416331680298e-01
q[142]: +9.0921420227593037e-04  +8.6907790156829356e-01  +3.5076831218051013e-01  +2.7592778576749721e-01
q[143]: +5.5494016551856985e-04  +8.5786358814325625e-01  +3.1446232725803430e-01  +3.0026188910517526e-01
q[144]: +4.7931336002354080e-04  +8.5088168527823183e-01  +4.2807224401284488e-01  +1.3209393147655247e-02
q[145]: +1.1674426390382855e-03  +8.3707530240581995e-01  +4.7017727592050113e-01  +6.4989301208727160e-02
q[146]: +1.0390056722645363e-03  +8.4017638384766380e-01  +4.5000834837383386e-01  +3.8308808096365415e-01
q[147]: +5.3382413879123612e-04  +8.4536836119005077e-01  +4.6427373878972827e-01  +4.5207114431792872e-01
q[148]: +4.8686891149254561e-04  +8.3029320860080547e-01  +5.5051985857228380e-01  +1.1626515846068646e-02
q[149]: +2.1962144314973892e-05  +8.6031612280244485e-01  +5.8702629182894328e-01  +6.1414552746265436e-02
q[150]: +1.6495291221522935e-03  +8.4876390142679592e-01  +5.9166028495790413e-01  +1.5895147575518651e-01
q[151]: +1.7922456208269637e-03  +8.4810811335333025e-01  +5.7182948189910499e-01  +2.7798432532412037e-01
q[152]: +1.6059767350643625e-03  +8.4497976565654642e-01  +5.5104906881893034e-01  +3.9340611942154008e-01
q[153]: +9.7064129366743223e-04  +8.4815833902004434e-01  +5.9179062675854888e-01  +5.2775694810456975e-01
q[154]: +4.5998822891510935e-04  +8.3464304838389258e-01  +6.0124309782847618e-01  +5.8721797974199863e-01
q[155]: +4.9162364811208533e-04  +8.1412004843523067e-01  +6.6273281297616382e-01  +1.4707079743345550e-02
q[156]: +7.0041444731255430e-04  +8.4269375277717007e-01  +7.1108686943469956e-01  +8.5633608623344168e-02
q[157]: +1.1982464898292911e-03  +8.5015416250800824e-01  +7.1391300487397635e-01  +1.7676022615865375e-01
q[158]: +1.6510179065963755e-03  +8.4678095504356310e-01  +7.0201499687912161e-01  +3.0118890732851844e-01
q[159]: +1.6012822223819734e-03  +8.3684747733810372e-01  +6.6792100718455438e-01  +4.2289610700886038e-01
q[160]: +1.2307718169173915e-03  +8.3684019256790831e-01  +6.7212746765404829e-01  +5.4188634540320957e-01
q[161]: +7.2839258071903190e-04  +8.4148689756447204e-01  +7.2194064506096034e-01  +6.6491018468492680e-01
q[162]: +2.4934122596829782e-04  +8.5363927938370976e-01  +7.0463151384538725e-01  +6.9239936058660045e-01
q[163]: +1.1626172763790211e-04  +8.0332426649793209e-01  +7.4001993033771196e-01  +3.8799922261372921e-03
q[164]: +4.8032953412708223e-04  +8.4549335479130117e-01  +7.7792191791683474e-01  +3.9616361813344020e-02
q[165]: +6.1974439826765527e-04  +8.7079631321703932e-01  +8.1405440939576201e-01  +1.1271466797974451e-01
q[166]: +8.3097207001910848e-04  +8.5636950128112943e-01  +8.0336976529441706e-01  +2.3949667849176057e-01
q[167]: +8.4201710403771304e-04  +8.4934276002422548e-01  +7.9798262295032185e-01  +3.6863754228840162e-01
q[168]: +1.2141148854495016e-03  +8.3990960948313398e-01  +7.6845856970905246e-01  +4.7837977143602245e-01
q[169]: +9.7863167636754768e-04  +8.3858794315767893e-01  +7.7318477323141754e-01  +6.1008071211933401e-01
q[170]: +5.2507961178829257e-04  +8.4892675641290138e-01  +8.0489779904264613e-01  +7.3975380098768850e-01
q[171]: +2.0745722790166317e-04  +8.1455328004829541e-01  +7.4691667391877903e-01  +7.3862509677759747e-01
q[172]: +1.3008238864186037e-04  +8.2235970359848665e-01  +8.0870096550225667e-01  +1.1930397881608386e-02
q[173]: +2.3974825311024104e-04  +8.0100560404908383e-01  +7.9138826015852792e-01  +6.0735352604890908e-02
q[174]: +4.0814560482208689e-04  +8.2113319533487794e-01  +8.1010706512195230e-01  +1.5553615796714249e-01
q[175]: +3.5267220118461123e-04  +8.6094115762710144e-01  +8.5321317033796595e-01  +2.9297382499073643e-01
q[176]: +3.6115791963798710e-04  +8.4200541373811921e-01  +8.3162498321409217e-01  +4.2363287641335029e-01
q[177]: +5.0339375185743328e-04  +8.6075946730798447e-01  +8.4751029510168108e-01  +5.7474414842553745e-01
q[178]: +3.0830030823097060e-04  +8.6610052760871847e-01  +8.5572310492586823e-01  +7.0607210697358214e-01
q[179]: +2.2814486301055758e-04  +7.7631170284170492e-01  +7.6972806952302897e-01  +6.9944005039511525e-01
q[180]: +1.4771812460777421e-04  +8.3761102629023088e-01  +8.2459556293634784e-01  +8.1017556989077977e-01
q[181]: +8.6318945556164274e-05  +9.2677552434304877e-01  +2.6195633629815751e-02  +1.2987473084145865e-02
q[182]: +2.2571507926303602e-04  +9.3136349584030442e-01  +8.3168337998457673e-02  +6.9588577402872914e-02
q[183]: +2.3727954492471645e-04  +9.2003206204244947e-01  +8.3101874126454492e-02  +1.3064424950389049e-02
q[184]: +3.6862331215068800e-04  +9.4538809841956550e-01  +1.3598480966219714e-01  +6.7180476756893537e-02
q[185]: +2.7718728903249350e-04  +9.3407664473721652e-01  +1.8529663644045472e-01  +1.1265303930540819e-02
q[186]: +6.9029954524700641e-04  +9.2188977608720135e-01  +2.2134473456484041e-01  +6.3832852092464157e-02
q[187]: +1.0416376906594131e-03  +9.1518197433847825e-01  +3.1114328728346280e-01  +1.5062599579458252e-01
q[188]: +6.6561976740872120e-04  +9.4246214135148931e-01  +2.2951797151690601e-01  +1.6431684893573276e-01
q[189]: +3.8258528073840763e-04  +9.2430437537630017e-01  +3.1933429073989544e-01  +1.3136805267868196e-02
q[190]: +6.0487024835670605e-04  +9.5670234066726445e-01  +3.4702157542730250e-01  +6.1860171678488909e-02
q[191]: +9.7097014679897297e-04  +9.4020613017928945e-01  +4.3453502619740908e-01  +1.4782267482048111e-01
q[192]: +9.2081845000609847e-04  +9.3920717412751398e-01  +4.2293734233311547e-01  +2.5985915467796245e-01
q[193]: +6.9311481539934179e-04  +9.4552706584628277e-01  +3.6912688278786848e-01  +3.0370563224083857e-01
q[194]: +2.8814989135708842e-04  +9.4244847368833695e-01  +2.9549192438032856e-01  +2.8237040982628253e-01
q[195]: +3.3193747211230360e-04  +9.3943934273814744e-01  +4.8134756245116783e-01  +1.1318226408887837e-02
q[196]: +8.3419141285121813e-04  +9.2889511549162351e-01  +4.7705136841639728e-01  +6.4661848569509336e-02
q[197]: +1.1737641829751627e-03  +9.3838025889978893e-01  +5.9328887676420072e-01  +1.6428781485134647e-01
q[198]: +1.3218560246434318e-03  +9.3667803136058514e-01  +5.5643528805687703e-01  +2.7708602701167373e-01
q[199]: +1.1257835306466046e-03  +9.3398405039341892e-01  +5.3828821844792574e-01  +3.9514224502499529e-01
q[200]: +7.5775949063493252e-04  +9.3212790422634417e-01  +5.1375805673888697e-01  +4.6066782509550597e-01
q[201]: +3.1185499071591737e-04  +9.3961355241763034e-01  +4.4378499615611700e-01  +4.3336153301028124e-01
q[202]: +4.3836630115380582e-04  +9.2963678809865002e-01  +6.2423531271611687e-01  +1.5992615524531094e-02
q[203]: +8.8915099947744114e-04  +9.3115890353729003e-01  +6.3308583618088154e-01  +7.5202746826661573e-02
q[204]: +1.3713533709639764e-03  +9.3531625046447353e-01  +7.0790928802312358e-01  +2.8321850548296346e-01
q[205]: +1.3563025568465953e-03  +9.3357132261371978e-01  +6.7968125735688845e-01  +4.1666416542257256e-01
q[206]: +1.0471106754844288e-03  +9.3491317644170291e-01  +6.7672712575150262e-01  +5.4079051546293599e-01
q[207]: +6.1843160296565507e-04  +9.3482028898177683e-01  +6.5612579942525517e-01  +6.0756050876702961e-01
q[208]: +2.4211442155271519e-04  +9.3030468905168895e-01  +6.0708361241204389e-01  +6.0087004962648183e-01
q[209]: +2.7520240614031214e-04  +9.2046000578490983e-01  +7.4606249632009092e-01  +9.4544262907164719e-03
q[210]: +6.8258990622865293e-04  +9.2614073727325730e-01  +7.6332758954749169e-01  +5.9194814998009181e-02
q[211]: +1.0663617315072845e-03  +9.3784454031718689e-01  +7.4870027657205951e-01  +1.6048785067495755e-01
q[212]: +9.9013820565428635e-04  +9.3676854307101809e-01  +8.3075063490178469e-01  +2.9358222097137432e-01
q[213]: +1.2164025949361571e-03  +9.3233694960039737e-01  +8.0224061853302897e-01  +4.4291190246269790e-01
q[214]: +1.1206444401356647e-03  +9.2893439265346434e-01  +7.9056355915292453e-01  +5.8323907167814604e-01
q[215]: +7.6247357214578588e-04  +9.3198893520702275e-01  +7.8498045597894051e-01  +7.0278805647172826e-01
q[216]: +3.3089210480303230e-04  +9.3762772626421542e-01  +7.6030472606651667e-01  +7.4566265357523898e-01
q[217]: +2.1153219200115673e-04  +9.1809053204936641e-01  +8.4744726904472345e-01  +1.1831775634776298e-02
q[218]: +4.1730091251338544e-04  +9.5868784094174198e-01  +8.8752988696117907e-01  +6.1515791589603061e-02
q[219]: +6.6042409757471399e-04  +9.4104819849325905e-01  +8.5818407572581534e-01  +1.5738124068420892e-01
q[220]: +3.5134730985894439e-04  +9.3345676540628186e-01  +8.9400585972901492e-01  +2.6148080330833168e-01
q[221]: +6.5719620870810633e-04  +9.3433138084914591e-01  +8.8640325583485613e-01  +4.2813921371876373e-01
q[222]: +7.4126040328025781e-04  +9.3711484524157052e-01  +8.8892576267882839e-01  +5.9138756596010555e-01
q[223]: +5.5168613184273087e-04  +9.2790854319145077e-01  +8.6554956810941508e-01  +7.1234533308565240e-01
q[224]: +3.6098875104352551e-04  +9.4916520351455236e-01  +8.8995361214739077e-01  +8.2276375963427273e-01
q[225]: +2.5166648270322700e-04  +9.2026381477647690e-01  +8.4823186972721210e-01  +8.3369551450477897e-01
q[226]: +9.8988705549232165e-05  +9.2644666565790801e-01  +9.1344401635829842e-01  +1.3841346020833362e-02
q[227]: +2.6964494954471313e-04  +9.1480131930224262e-01  +9.0040094825636385e-01  +7.1197141215831539e-02
q[228]: +3.2428268318345329e-04  +9.3122234794811365e-01  +9.1908261439417904e-01  +1.7658289735952934e-01
q[229]: +2.9546164830253493e-04  +9.5290347056453284e-01  +9.4132260599571327e-01  +3.4155404280928492e-01
q[230]: +2.5074388351856749e-04  +9.2800130938542136e-01  +9.2015693704510704e-01  +4.8700610390652299e-01
q[231]: +1.5862590111059049e-04  +9.5298506318682141e-01  +9.4750390482578550e-01  +6.5294489234357656e-01
q[232]: +2.5464000514916841e-04  +9.4703599523233961e-01  +9.3246874763059917e-01  +7.6114076394049757e-01
q[233]: +1.7783082266169492e-04  +9.1901512860868373e-01  +9.0995605973814142e-01  +8.4523351143345105e-01
q[234]: +8.0967563656949524e-05  +9.3675381317503892e-01  +9.2211034863078190e-01  +9.1118503861241140e-01
q[235]: +5.3487120331109116e-05  +9.8467924725750311e-01  +2.9801658658232800e-02  +1.2769713164957126e-02
q[236]: +7.5347303851525736e-05  +9.8837797729436905e-01  +7.7438714347396201e-02  +6.4474366041008063e-02
q[237]: +1.3785017216851313e-04  +9.8520995417530444e-01  +1.0013847139528223e-01  +1.5239032427014665e-02
q[238]: +1.7774664926990499e-04  +9.9050371957173811e-01  +1.4853778758484243e-01  +8.1714462825113743e-02
q[239]: +1.6974553263538581e-04  +9.8168437419661947e-01  +1.7254857352919589e-01  +1.6051361901651820e-01
q[240]: +1.5761038406135038e-04  +9.8772099839404603e-01  +2.1468430370212815e-01  +1.4940178368863258e-02
q[241]: +3.5956753682042560e-04  +9.8539842011182677e-01  +2.4101163138267595e-01  +7.4735001632342729e-02
q[242]: +4.6696602641721155e-04  +9.8373605222126548e-01  +3.1861649069640496e-01  +1.7305421850919836e-01
q[243]: +2.0352653009538579e-04  +9.9216505536633526e-01  +2.5622598223203691e-01  +1.9552175085704276e-01
q[244]: +1.6824444199521984e-04  +9.8443584509290616e-01  +3.5357219351436359e-01  +1.0602600950211427e-02
q[245]: +1.6917005246000082e-04  +9.9618054026798220e-01  +3.7873058032176932e-01  +6.1422969410233286e-02
q[246]: +4.2922962746421220e-04  +9.8792153704770369e-01  +4.1569631418764091e-01  +1.5097090468028740e-01
q[247]: +4.1107131980985492e-04  +9.8906051252805971e-01  +4.5717289281426327e-01  +2.8919885556436220e-01
q[248]: +3.1643097952186561e-04  +9.8896178872295271e-01  +4.0127941788520843e-01  +3.2928225144848400e-01
q[249]: +1.4191983499624259e-04  +9.8865943566028802e-01  +3.1197733259931371e-01  +2.9919462592133239e-01
q[250]: +1.2818772119568001e-04  +9.8982039431527613e-01  +5.1446327782899381e-01  +1.1990706692837309e-02
q[251]: +3.4349299623775091e-04  +9.8413164793158503e-01  +5.1239344264576081e-01  +5.5939409238519235e-02
q[252]: +5.0573955928816207e-04  +9.8793956215592527e-01  +5.6112070035391570e-01  +1.3712690732856680e-01
q[253]: +5.2915556798187129e-04  +9.8790819729328105e-01  +5.5359673409623555e-01  +2.5489381178238563e-01
q[254]: +4.5966191937752148e-04  +9.8688789099616825e-01  +5.8499402953334656e-01  +4.0460599339041786e-01
q[255]: +4.3928092258931105e-04  +9.8673909448445507e-01  +5.5395509297076462e-01  +4.7617995772557836e-01
q[256]: +1.7380380723406577e-04  +9.8901355297454330e-01  +4.6634163294669795e-01  +4.5074953374086818e-01
q[257]: +1.3765385583925074e-04  +9.8607758318793304e-01  +6.6438324274843374e-01  +9.6914804486611852e-03
q[258]: +3.6489048195399352e-04  +9.8723366746210783e-01  +6.6612157167799357e-01  +6.0514721538824222e-02
q[259]: +5.0732068064234003e-04  +9.8800378417017021e-01  +7.2154866179261734e-01  +1.5973986277487709e-01
q[260]: +5.7573013089056650e-04  +9.8773465041579533e-01  +6.9149947685381385e-01  +2.7369554398492035e-01
q[261]: +5.5417950250492279e-04  +9.8734008368429937e-01  +6.9006397136827802e-01  +4.0928751039667138e-01
q[262]: +4.4594907226563863e-04  +9.8773844621919726e-01  +7.0578332106677510e-01  +5.5496693120274554e-01
q[263]: +3.1587597163774668e-04  +9.8749014625206388e-01  +7.0118745797828608e-01  +6.4069818297004411e-01
q[264]: +1.8733215213639497e-04  +9.8612341754918642e-01  +6.1709801596687064e-01  +6.0333120680797958e-01
q[265]: +1.9316511550284606e-04  +9.8496592564252117e-01  +7.9792507502056675e-01  +1.6646343412820581e-02
q[266]: +3.5831438201300254e-04  +9.8494631903188823e-01  +8.0276546058526521e-01  +7.7438123314329976e-02
q[267]: +3.0294831542079440e-04  +9.8965741253864503e-01  +8.6681502867917481e-01  +1.5701804126230492e-01
q[268]: +5.0303289137465631e-04  +9.8771953401017398e-01  +8.3320270514565120e-01  +2.6849596951677157e-01
q[269]: +5.7371665684807522e-04  +9.8689771963774386e-01  +8.1192382741643232e-01  +4.0378651294876067e-01
q[270]: +5.4018245548365291e-04  +9.8658160988548549e-01  +8.1138590897672480e-01  +5.5234568675739393e-01
q[271]: +3.9834759941225482e-04  +9.8626449334056410e-01  +8.2678919951454355e-01  +6.8976536442405478e-01
q[272]: +2.4096442693039637e-04  +9.8715611540797665e-01  +8.2623401524027806e-01  +7.7456063557649579e-01
q[273]: +1.0286027452667419e-04  +9.8861637692530580e-01  +7.6906363008218281e-01  +7.6079843098172339e-01
q[274]: +9.7318305890465022e-05  +9.8302999151043058e-01  +8.9921089007547705e-01  +9.4082747149159384e-03
q[275]: +7.8580757386867249e-05  +9.9997803785568506e-01  +9.2285880029099465e-01  +5.9004416557000998e-02
q[276]: +2.2234827590995629e-04  +9.8639344434797471e-01  +9.4508551940539243e-01  +1.5694310913688683e-01
q[277]: +3.3199588797018888e-04  +9.8735757079375019e-01  +9.3339806894762423e-01  +2.8532898270144075e-01
q[278]: +4.1231806264002891e-04  +9.8739388328224875e-01  +9.1448559696307197e-01  +4.2894465300813345e-01
q[279]: +4.0250714696181612e-04  +9.8735829009952847e-01  +9.0813622996857790e-01  +5.8019370277205573e-01
q[280]: +3.6242960339303779e-04  +9.8549867440271721e-01  +9.1423963952949605e-01  +7.2734448873813062e-01
q[281]: +1.5067309733984979e-04  +9.9230024243752413e-01  +9.2792342807764749e-01  +8.5005041214770138e-01
q[282]: +1.2329100384295171e-04  +9.8498661961725675e-01  +8.9758064430044293e-01  +8.8509328361816397e-01
q[283]: +6.5311945966448591e-05  +9.8571158336274733e-01  +9.6885299349454324e-01  +1.6548184875936785e-02
q[284]: +1.2065557010187028e-04  +9.8361018206217676e-01  +9.7188186231925455e-01  +8.3902647745382489e-02
q[285]: +8.3410423730328876e-05  +9.8846015249707875e-01  +9.8303685770047655e-01  +2.2103427890477184e-01
q[286]: +8.0745865902703828e-05  +9.9452412184824412e-01  +9.8374699259222487e-01  +3.8186554593738531e-01
q[287]: +2.1306725459899846e-04  +9.8526136046503399e-01  +9.7017639978250536e-01  +5.2240943226943537e-01
q[288]: +1.2904609148270497e-04  +9.9225597041818370e-01  +9.7515508961459396e-01  +6.7255506979095203e-01
q[289]: +9.6975586918645099e-05  +9.9059232898400262e-01  +9.7695960292332396e-01  +8.0369911697194107e-01
q[290]: +9.5910666973269334e-05  +9.8356575244744671e-01  +9.7248900040880515e-01  +8.9389497298784382e-01
q[291]: +5.7096564660107575e-05  +9.8784593519497799e-01  +9.7063882810893154e-01  +9.5382565508306971e-01

