Gauss-Jacobi alf=1.000000 bet=2.000000 weights/abscissas
deg: 19
dim: 1
nodes: 10
1.024393745660026524e-03 2.545036436208042777e-02
5.146614229767664840e-03 8.362238556607573536e-02
1.163069511127423107e-02 1.703584250607456663e-01
1.717143401127355432e-02 2.797402250747987873e-01
1.856416357840887446e-02 4.043126417786535032e-01
1.520767817150349074e-02 5.355866741366209771e-01
9.339862654615128587e-03 6.646177485020540177e-01
4.057542094690974599e-03 7.826166287550405665e-01
1.076446170968273393e-03 8.815544220009734477e-01
1.145035651710985582e-04 9.547491804151304606e-01
