Gauss-Jacobi alf=2.000000 bet=0.000000 weights/abscissas
deg: 17
dim: 1
nodes: 9
2.612623465194627076e-04 5.875413578672580156e-02
2.574398645608720008e-03 1.525631579867626764e-01
1.040611657935223630e-02 2.767314282596645691e-01
2.634328090254982324e-02 4.203059436488368328e-01
4.854062786450660805e-02 5.705463546121871676e-01
6.928439568980471197e-02 7.141089116607796106e-01
7.767356916055546956e-02 8.382404832359253710e-01
6.548953703339663313e-02 9.319154704062324601e-01
3.276014511103970961e-02 9.868341144028854872e-01
