Gauss-Jacobi alf=0.000000 bet=2.000000 weights/abscissas
deg: 17
dim: 1
nodes: 9
3.276014511103976512e-02 1.316588559711449023e-02
6.548953703339657761e-02 6.808452959376758151e-02
7.767356916055537241e-02 1.617595167640746567e-01
6.928439568980476748e-02 2.858910883392203339e-01
4.854062786450649702e-02 4.294536453878127769e-01
2.634328090254978855e-02 5.796940563511632227e-01
1.040611657935224497e-02 7.232685717403354309e-01
2.574398645608726513e-03 8.474368420132373236e-01
2.612623465194627618e-04 9.412458642132741637e-01
