Gauss-Jacobi alf=3.000000 bet=0.000000 weights/abscissas
deg: 23
dim: 1
nodes: 12
7.458313009781885410e-06 5.120073772305070575e-02
1.215629100524005162e-04 1.170677734794024899e-01
7.584393475252087721e-04 2.015872597437897429e-01
2.850502239120717134e-03 3.007074116074716086e-01
7.680391396013683605e-03 4.095012348197366037e-01
1.615880994927972394e-02 5.225284473318974054e-01
2.779474857320204245e-02 6.341279625781696128e-01
4.001958432309603991e-02 7.387070376962889817e-01
4.854043744204002836e-02 8.310235682067338425e-01
4.888782368112910143e-02 9.064498569908489012e-01
3.855431265983547823e-02 9.612059530295539167e-01
1.862592916569584187e-02 9.925594234597228116e-01
