efficiency: 0.979021
deg: 13
dim: 3
nodes: 143
q[0]:   +2.3459296518901657e-04  +7.3614161955643367e-02  +4.8509480706182100e-02  +2.1027859087696318e-02
q[1]:   +3.4825310572339139e-04  +1.7368540627202925e-01  +1.5440402000883011e-01  +1.9408397513048081e-02
q[2]:   +2.5108490872255889e-04  +1.3987559609860803e-01  +1.1825390858955574e-01  +1.0404097979793275e-01
q[3]:   +4.1144312197878091e-04  +1.6947018493280633e-01  +4.2055983186983385e-02  +2.1928052118518809e-02
q[4]:   +8.1148306720145295e-04  +2.4227586058203351e-01  +1.3769359376867421e-01  +1.9760154313929135e-02
q[5]:   +5.2912956343349304e-04  +2.4474357716898604e-01  +1.3191548946199610e-01  +1.1917389199133165e-01
q[6]:   +1.0719819525825335e-03  +2.6896255108617084e-01  +1.7016562778253974e-01  +1.0091095828351929e-01
q[7]:   +5.7488770401373300e-04  +3.3544770267602214e-01  +3.1609667924457813e-01  +2.7095214319266960e-02
q[8]:   +7.0842731649959744e-04  +2.2227592268903182e-01  +2.0423486570576813e-01  +1.0604015361553948e-01
q[9]:   +5.3665690562044977e-04  +2.8615031364963850e-01  +2.6498288649341611e-01  +2.4027944818970459e-01
q[10]:  +1.8521832728211085e-04  +3.2811425357566382e-01  +2.1072120455421513e-02  +1.7885631075834948e-02
q[11]:  +9.3163530638962959e-04  +3.4893068125988691e-01  +8.6668475035970249e-02  +2.1128176144001868e-02
q[12]:  +1.0461522338417932e-03  +3.8275688655537721e-01  +1.1988065847779673e-01  +9.8954989374858193e-02
q[13]:  +2.4035225483853501e-03  +4.3801640373512624e-01  +2.3807243685730267e-01  +1.2046900991376970e-01
q[14]:  +1.5570801957552783e-03  +4.4357607640584690e-01  +2.2889576116107949e-01  +2.8752491772777822e-02
q[15]:  +1.4409788492692514e-03  +4.8601204541245702e-01  +2.6315935925609557e-01  +2.3362058408029868e-01
q[16]:  +1.7637440654775260e-03  +4.1179306060573051e-01  +3.3187695122717881e-01  +2.4224054072957160e-01
q[17]:  +7.3953654936259692e-04  +3.9550904694440669e-01  +2.8856282790463150e-01  +2.7570734064320779e-01
q[18]:  +7.1454303958751403e-04  +4.0176172820408890e-01  +3.0476103716106695e-01  +1.1412071458920885e-02
q[19]:  +1.8808444878921106e-03  +3.8137452839504798e-01  +3.1031776232925651e-01  +9.7574992323121792e-02
q[20]:  +5.1237152355824295e-04  +5.1752147932040893e-01  +4.9800375816417591e-01  +2.0394729179593608e-02
q[21]:  +5.9222256377576945e-04  +3.9495476822397996e-01  +3.8895925123755604e-01  +1.3317798063939271e-01
q[22]:  +1.4627951950049553e-03  +5.1214988478323731e-01  +4.5521500344777532e-01  +2.3784714395833842e-01
q[23]:  +7.7583158168404896e-04  +4.0032369375813953e-01  +3.8799380203471834e-01  +2.6231702368783832e-01
q[24]:  +4.9775033497841245e-04  +4.5813183996801804e-01  +4.4075454247315343e-01  +4.1793301357714602e-01
q[25]:  +3.3587546895163357e-04  +5.2034655576150446e-01  +3.6629231339225493e-02  +4.8365322502956038e-03
q[26]:  +5.7280040182032825e-04  +5.4224692312571221e-01  +1.5423793769307317e-01  +3.8156815980081248e-03
q[27]:  +2.0438260093428831e-03  +5.5272182194376340e-01  +1.5308693956860578e-01  +6.9955446296896637e-02
q[28]:  +6.4291928223941851e-04  +5.5272660266456053e-01  +7.2290709396500730e-02  +6.0477475498264412e-02
q[29]:  +2.9000343052749153e-03  +6.5574777456853994e-01  +2.9111197418305002e-01  +1.9728862822561893e-01
q[30]:  +1.0525790195118571e-03  +5.9589072233865503e-01  +2.0797553512164846e-01  +1.9406648384127151e-01
q[31]:  +1.4213891868356178e-03  +6.2550625152606165e-01  +3.6874694637841449e-01  +1.7126089364037353e-02
q[32]:  +2.2286439790920667e-03  +5.5413030125722307e-01  +4.3241716296799471e-01  +8.5545893003759477e-02
q[33]:  +2.9753763124771397e-03  +6.1094498475850978e-01  +3.5422677608576947e-01  +1.2058023881063154e-01
q[34]:  +2.5693233827298969e-03  +5.8961513866054482e-01  +3.9657060228623892e-01  +2.7672171844900523e-01
q[35]:  +1.4781819093692707e-03  +6.4989063198195907e-01  +4.1565320961492291e-01  +3.9774192340494158e-01
q[36]:  +1.1281215738057741e-03  +6.0553551850377463e-01  +5.0015692014091540e-01  +2.0024444640073327e-02
q[37]:  +1.5021825171059701e-03  +5.6763365123277409e-01  +5.4059301123639814e-01  +1.0705544383977046e-01
q[38]:  +2.3913213278269670e-03  +5.9850224095723581e-01  +4.7353081418323234e-01  +2.2533829472871073e-01
q[39]:  +1.9308931722863832e-03  +5.8827644977287163e-01  +4.9145157786738608e-01  +4.2285464940516337e-01
q[40]:  +4.8053788221751151e-04  +5.5870772672675617e-01  +4.7444120711623922e-01  +4.6656112507544761e-01
q[41]:  +3.7131613616599201e-04  +7.0189888829009306e-01  +6.8315735578772563e-01  +1.8566694720038218e-02
q[42]:  +1.1896307292927420e-03  +6.0803182547879253e-01  +5.8944216608597844e-01  +2.5370822423432654e-01
q[43]:  +8.8609528802948919e-04  +6.2138558550536449e-01  +6.0267826722180284e-01  +3.7614109759755254e-01
q[44]:  +1.0190970047772095e-03  +5.7505623904849934e-01  +5.5597003288727054e-01  +4.4932907270575684e-01
q[45]:  +4.6663893035327604e-04  +6.5929566256508643e-01  +6.4168016300728947e-01  +6.2045129740278193e-01
q[46]:  +4.1264333773641861e-04  +7.3127507152250915e-01  +3.5827458950669848e-02  +2.3246637800400281e-02
q[47]:  +1.5295235696629011e-03  +7.4567052954347846e-01  +1.5651021807347223e-01  +1.2996800309366674e-01
q[48]:  +1.0077287613163694e-03  +7.0738027737726117e-01  +1.0532825286592673e-01  +2.3377047297591158e-02
q[49]:  +1.9702939273397824e-03  +7.7656394359760661e-01  +2.1546830569435049e-01  +9.7115508495612374e-02
q[50]:  +6.8291546499582080e-04  +7.6840451498314133e-01  +2.2221955732468204e-01  +7.1590639479653584e-03
q[51]:  +1.9890409890852747e-03  +6.6667840731458228e-01  +2.6231180838363449e-01  +4.7362822486607406e-02
q[52]:  +2.2541366839515216e-03  +7.8165826262784366e-01  +3.7371969169719849e-01  +1.5411990126563471e-01
q[53]:  +1.6890813574701646e-03  +8.0548686744386744e-01  +4.4867527369393001e-01  +1.0749711195707405e-01
q[54]:  +2.3739189439651899e-03  +8.2619017105349768e-01  +3.6992572634417104e-01  +2.5181967165746050e-01
q[55]:  +1.7202954558034555e-03  +7.7720064422781754e-01  +3.4055529503649301e-01  +3.1869384738538237e-01
q[56]:  +1.4343226438180568e-03  +8.0085185623090549e-01  +4.0810698056835137e-01  +2.0764783239800234e-02
q[57]:  +2.8880704165743809e-03  +7.4639246138291604e-01  +5.3026644284235980e-01  +1.0005085249803607e-01
q[58]:  +3.9765412420762741e-03  +7.6547433557626388e-01  +5.2009674943072959e-01  +2.6725947928215976e-01
q[59]:  +3.0317193028287946e-03  +7.5610550182998792e-01  +4.9425056587717631e-01  +3.9587522684962795e-01
q[60]:  +1.2814439251169929e-03  +7.8875629246421375e-01  +5.8492697061498056e-01  +2.0506667397095894e-02
q[61]:  +2.0196187262164038e-03  +7.5946167002880727e-01  +6.8237481369936392e-01  +8.0076446863914033e-02
q[62]:  +2.9175464530201084e-03  +7.2529838367065458e-01  +6.2664511363073028e-01  +2.0575453419221662e-01
q[63]:  +2.4445228347783335e-03  +8.0921676346113036e-01  +7.0317760248334515e-01  +3.7308664324256385e-01
q[64]:  +2.7641233155076259e-03  +7.0807333594552069e-01  +6.1331454925035589e-01  +4.2075634078848095e-01
q[65]:  +1.9677050632555737e-03  +7.9366565207604656e-01  +6.6579204082259114e-01  +5.7178786943049720e-01
q[66]:  +1.0856785749416627e-03  +7.4565038402220685e-01  +6.3239146506928723e-01  +6.1158503785626861e-01
q[67]:  +3.2881325680519621e-04  +7.7069567492876545e-01  +6.9361923998961283e-01  +4.5511942218168415e-03
q[68]:  +3.8544314546803038e-04  +7.3431571035692511e-01  +7.2945532144057390e-01  +8.3624194150919776e-02
q[69]:  +1.0740218637699283e-03  +7.6041693184178383e-01  +7.4389895159183672e-01  +2.0569214448926154e-01
q[70]:  +1.3671332134341848e-03  +7.8775424219648149e-01  +7.6517838124761051e-01  +3.7004159177427348e-01
q[71]:  +1.0274784350411152e-03  +7.7708100118939682e-01  +7.6163808237526831e-01  +5.3026881437819073e-01
q[72]:  +1.1714847592475246e-03  +7.6061483930443863e-01  +7.3521102794987625e-01  +6.4100593672513095e-01
q[73]:  +2.2236474222164462e-04  +8.0687149234903977e-01  +7.7696104053721093e-01  +7.6798337827795293e-01
q[74]:  +1.5410146534204156e-04  +8.9631419119313216e-01  +2.5981397767622302e-02  +5.6374167413480204e-03
q[75]:  +6.7587523236137400e-04  +8.8263593875307067e-01  +9.3175098657359373e-02  +7.4454280168901807e-02
q[76]:  +7.1633205179717709e-04  +8.6258111214789424e-01  +1.0875745193705923e-01  +2.0382901568362644e-02
q[77]:  +1.4137604651568918e-03  +9.1430998381522111e-01  +2.0475838493743653e-01  +1.0182088048610766e-01
q[78]:  +6.1514169415116747e-04  +8.8631058598226353e-01  +2.3314755454205158e-01  +2.2411984321284598e-01
q[79]:  +5.8588484883304482e-04  +9.1464902252091884e-01  +2.2685657877414114e-01  +1.3540019533927847e-02
q[80]:  +1.7987752905984670e-03  +8.6768521529173925e-01  +3.0683556203142476e-01  +6.2722865716739448e-02
q[81]:  +2.1569336656727918e-03  +9.3293258781311295e-01  +4.0487322969103229e-01  +1.7907682326785015e-01
q[82]:  +1.5144831307413330e-03  +9.0055251513092682e-01  +2.9397241903437354e-01  +2.2534520447050979e-01
q[83]:  +8.4330863220282522e-04  +9.3304105031726303e-01  +4.1630962139365829e-01  +1.7079113785600546e-02
q[84]:  +2.2635187424741615e-03  +9.0967784021141829e-01  +5.2880956368452758e-01  +1.1244140559590649e-01
q[85]:  +2.7938699147255510e-03  +9.0649281650473879e-01  +5.4928809057943973e-01  +2.8247759553930479e-01
q[86]:  +2.2925166074080870e-03  +9.0178610809352477e-01  +5.1771672553968817e-01  +4.1011921355254688e-01
q[87]:  +1.1328936937497639e-03  +9.2566726153336831e-01  +4.5266356484780251e-01  +4.3214536376607721e-01
q[88]:  +1.0653326733004057e-03  +9.1033303511552732e-01  +5.9277435287842373e-01  +2.3594886388848921e-02
q[89]:  +2.0126012392667836e-03  +9.0044223375097687e-01  +7.0522144459401681e-01  +9.7831607942354043e-02
q[90]:  +3.0033090352407465e-03  +8.7586490687668805e-01  +6.6774111433089933e-01  +2.2530653585495128e-01
q[91]:  +2.2108677803390517e-03  +9.3746942347454187e-01  +7.6420743135197122e-01  +4.0165694294881454e-01
q[92]:  +2.8174540400462277e-03  +8.7764125648989233e-01  +6.6503244380965987e-01  +4.6605606823867313e-01
q[93]:  +1.7144508529305376e-03  +9.2761772683207866e-01  +7.0461084347914882e-01  +6.2804360250616753e-01
q[94]:  +1.4329484134844130e-03  +8.4086594061541564e-01  +5.6445863610418223e-01  +5.4419799514092682e-01
q[95]:  +3.6970630745513495e-04  +9.0940893457468730e-01  +7.7017828629133289e-01  +5.4116198411784059e-03
q[96]:  +9.9250133102788958e-04  +9.0262058556263480e-01  +8.0977210490371065e-01  +5.5994823506054101e-02
q[97]:  +2.1502143225041303e-03  +8.8580945229117469e-01  +8.0827112866427819e-01  +2.1651249770427411e-01
q[98]:  +1.4925701410564392e-03  +9.1285147370691322e-01  +8.4902864757135688e-01  +4.0895260349685258e-01
q[99]:  +2.1399139312600277e-03  +8.8966966183633089e-01  +8.1493448502176657e-01  +6.0045869225492299e-01
q[100]: +1.1477051385856303e-03  +9.0525119899728335e-01  +8.1804284812768169e-01  +7.5289733475227538e-01
q[101]: +3.9025290751689302e-04  +8.9826601698185093e-01  +7.6655012166150638e-01  +7.6312968924111502e-01
q[102]: +4.3262927893512974e-04  +8.7414813932100099e-01  +8.5424238008279274e-01  +2.4281702730950004e-02
q[103]: +8.3070534960657280e-04  +8.9422022608642648e-01  +8.7533937123009675e-01  +1.3066140685285887e-01
q[104]: +6.4231056437223340e-04  +9.0854139045524651e-01  +8.9979673041041519e-01  +3.2564592057520425e-01
q[105]: +7.5210284937965997e-04  +9.1307135018595220e-01  +9.0045203460940471e-01  +5.5568856091492114e-01
q[106]: +5.9176229795565095e-04  +9.0773564244312199e-01  +8.9598655893997248e-01  +7.5227287510045981e-01
q[107]: +3.7151841256104093e-04  +8.8230974645741367e-01  +8.6500527428717067e-01  +8.3305855611644919e-01
q[108]: +1.9877884841662478e-04  +9.7901435276739079e-01  +4.8519893738787387e-02  +2.5975044783101208e-02
q[109]: +4.5192427641078936e-04  +9.7625616321199404e-01  +1.4709465695390661e-01  +1.2438381174122753e-01
q[110]: +5.0326860889008459e-04  +9.7573555713949234e-01  +1.3981279534050492e-01  +2.4967712285096182e-02
q[111]: +6.3879047744281768e-04  +9.8873366450890698e-01  +2.5207639673603388e-01  +1.3468395550309115e-01
q[112]: +2.0725120225052141e-04  +9.9096605915061997e-01  +2.9900275192187975e-01  +1.1848521406237256e-02
q[113]: +9.9733993527947309e-04  +9.7616125638131301e-01  +3.3889131035838982e-01  +7.6177489558277703e-02
q[114]: +7.0387091350299026e-04  +9.9479200633235010e-01  +5.0211880008964427e-01  +2.1674417058477788e-01
q[115]: +1.3555326235538611e-03  +9.7734028254736538e-01  +4.1859310402141037e-01  +3.0089601583139364e-01
q[116]: +5.4907074263264117e-04  +9.7915509227395547e-01  +3.0324394200502824e-01  +2.8030833486725010e-01
q[117]: +2.5907747851469502e-04  +9.9170482287215245e-01  +5.2986275504687352e-01  +1.7151939347918546e-02
q[118]: +9.5938647309996438e-04  +9.8090032504402658e-01  +5.3299418260658604e-01  +8.9620101060252699e-02
q[119]: +1.6970693130155027e-03  +9.7544555351252005e-01  +6.6936774294869628e-01  +2.3686010176017439e-01
q[120]: +1.5594734326381198e-03  +9.7904582436875542e-01  +6.3690113593982067e-01  +4.0511283832505401e-01
q[121]: +9.2016162769542045e-04  +9.8128498032397771e-01  +5.9921411980499983e-01  +5.0780652011205407e-01
q[122]: +2.5153285412962120e-04  +9.9469326929151769e-01  +4.9557979161255578e-01  +4.7470716162621501e-01
q[123]: +4.6350949913288267e-04  +9.7786599374169048e-01  +7.0483231602960406e-01  +1.9905305699398367e-02
q[124]: +9.7001614556299154e-04  +9.8315551473801466e-01  +7.3154938939573577e-01  +1.0774701894394682e-01
q[125]: +1.3087793313882627e-03  +9.7618185794989631e-01  +8.3484464423763216e-01  +2.5179938341143066e-01
q[126]: +5.5043715561817674e-04  +9.9763596440021474e-01  +8.1173242473563501e-01  +4.2107909105924501e-01
q[127]: +1.3754012604556497e-03  +9.7511233536505881e-01  +7.9123768174921061e-01  +5.9159482942716357e-01
q[128]: +2.7565160312902732e-04  +9.9942126185640245e-01  +7.6894315320554596e-01  +6.8693465097556783e-01
q[129]: +5.2430161419328729e-04  +9.7025028781732736e-01  +6.7273955003986596e-01  +6.5991596406405062e-01
q[130]: +3.7124085822777298e-04  +9.8451548925205223e-01  +8.6051787545012992e-01  +2.8300746465584503e-02
q[131]: +7.9835497817859621e-04  +9.7819071898413557e-01  +8.8764347604333838e-01  +1.2704782787327976e-01
q[132]: +6.9973570135872484e-04  +9.8234297172218077e-01  +9.2766738017436512e-01  +3.8610504966654757e-01
q[133]: +9.4277224732532648e-04  +9.8009734014113237e-01  +9.1067320413727504e-01  +5.7833981049095240e-01
q[134]: +7.5512592505261864e-04  +9.7858522931718983e-01  +8.9941386329856099e-01  +7.6256352053876164e-01
q[135]: +4.0746632605053877e-04  +9.8339840442219750e-01  +8.5707427366636113e-01  +8.2998964239814232e-01
q[136]: +1.6895003931850634e-04  +9.7363333615617065e-01  +9.4551005092132678e-01  +1.3423716493926338e-02
q[137]: +2.6249326022653448e-04  +9.7937520200643169e-01  +9.6331507101686187e-01  +8.3353872980688498e-02
q[138]: +4.9700454485572781e-04  +9.8011192812108872e-01  +9.5949079386101288e-01  +2.4079554545884968e-01
q[139]: +2.1053741141334575e-04  +9.8562232853342957e-01  +9.8078444902094164e-01  +4.9898796384405231e-01
q[140]: +3.3071262402234127e-04  +9.8284152204202080e-01  +9.6834599995630999e-01  +7.2395369572678303e-01
q[141]: +2.2747546843231761e-04  +9.8289426055614237e-01  +9.6550671392820009e-01  +8.8657658568842845e-01
q[142]: +1.6935792504696286e-04  +9.7153947830854293e-01  +9.4377464107182441e-01  +9.3109725964984436e-01

