Gauss-Jacobi alf=1.000000 bet=3.000000 weights/abscissas
deg: 23
dim: 1
nodes: 12
4.873593200018983863e-04 1.754413315728793263e-02
2.488452813395891378e-03 5.801157658619138929e-02
5.782747589432511888e-03 1.193775711472673251e-01
8.918099471748201779e-03 1.987679083241004896e-01
1.030132509408004764e-02 2.924700378709504389e-01
9.335275884837354946e-03 3.961032466971799448e-01
6.716492078149517361e-03 5.048233112823866664e-01
3.789777370879785032e-03 6.135495709517561069e-01
1.613530258224203260e-03 7.172041336580419202e-01
4.782933655129857869e-04 8.109541917731997174e-01
8.323049762944248258e-05 8.904563126709610366e-01
5.416256108136854000e-06 9.521665773092484741e-01
