Gauss-Jacobi alf=0.000000 bet=1.000000 weights/abscissas
deg: 17
dim: 1
nodes: 9
3.627800352327991557e-02 1.441240964887654727e-02
7.607425510930816703e-02 7.438738970919604732e-02
9.853374217234570076e-02 1.761166561629952942e-01
1.003088091933682369e-01 3.096675799276378260e-01
8.435832184492045305e-02 4.619704010810108952e-01
5.840119529516504815e-02 6.181172346952941155e-01
3.180482149105393064e-02 7.628230151850396989e-01
1.206000428478534725e-02 8.819210212100013768e-01
2.180847085773132167e-03 9.637421871167904941e-01
