efficiency: 0.529412
deg: 4
dim: 3
nodes: 17
q[0]:  +3.5834720637146363e-03  +2.9022124543070005e-01  +7.4549249423657676e-02  +2.8295015640481223e-02
q[1]:  +3.1400689408792939e-03  +2.9094141254199440e-01  +1.8312558558426742e-01  +1.3616431237958296e-01
q[2]:  +4.4263869037168418e-03  +3.0518265763292063e-01  +2.5649875479241563e-01  +3.9373038831824657e-02
q[3]:  +1.5051547391335357e-03  +2.9923096913145364e-01  +2.5687981518696351e-01  +1.3290902755723000e-01
q[4]:  +2.6994493322129286e-03  +3.0417918791413406e-01  +2.6965015138846338e-01  +2.3292788061628680e-01
q[5]:  +1.0181803345118983e-02  +6.5506923687639496e-01  +1.4345513909095575e-01  +7.1960290094146603e-02
q[6]:  +1.5377814698619803e-02  +6.5316833375794958e-01  +3.7314172959620190e-01  +6.7815742153159234e-02
q[7]:  +1.7275983604702276e-02  +6.5810722036040381e-01  +3.8760288697897022e-01  +3.1553171165886518e-01
q[8]:  +7.8497064699763874e-03  +6.5850625705959476e-01  +5.9792884662156243e-01  +6.8346552819544756e-02
q[9]:  +1.6195606688695071e-02  +6.5841931004156518e-01  +5.8626063133487905e-01  +2.9232346092206163e-01
q[10]: +6.5687388005597740e-03  +6.4944820536249537e-01  +6.0305185284794915e-01  +5.3694687103554617e-01
q[11]: +1.0485068227873611e-02  +9.2617314003632478e-01  +1.9015408043146378e-01  +9.8522457989858772e-02
q[12]: +1.7981231828983806e-02  +9.2794024150824095e-01  +5.3437906821421755e-01  +1.0269407930567549e-01
q[13]: +1.7257425029724074e-02  +9.3078582107645447e-01  +5.5121201789580676e-01  +4.5022329540255729e-01
q[14]: +7.8014869247349846e-03  +9.2382899425788034e-01  +8.5062466333632092e-01  +8.0573205714409152e-02
q[15]: +1.6790211075909424e-02  +9.3100914821889080e-01  +8.3385472231061153e-01  +4.1671681592627124e-01
q[16]: +7.5470579921112215e-03  +9.2000682802758227e-01  +8.5394614370938382e-01  +7.7320027515676815e-01

