Gauss-Jacobi alf=2.000000 bet=3.000000 weights/abscissas
deg: 21
dim: 1
nodes: 11
4.486634469151198716e-05 3.369589506788629729e-02
3.939319374764831409e-04 8.881257476768339432e-02
1.343730420430898007e-03 1.646518638006519708e-01
2.708318723287875263e-03 2.574559300919021521e-01
3.730563264811777215e-03 3.625813798469068594e-01
3.718358420112977993e-03 4.747615274893648984e-01
2.714427855613443536e-03 5.883756820541118371e-01
1.416718044429531422e-03 6.977339100858951371e-01
4.922875781693642708e-04 7.973679994939431026e-01
9.661353863575078004e-05 8.823255772508664663e-01
6.850539007067309085e-06 9.485339563470840396e-01
