Gauss-Jacobi alf=1.000000 bet=2.000000 weights/abscissas
deg: 21
dim: 1
nodes: 11
7.507778299748769099e-04 2.169041159445718459e-02
3.877842107458987723e-03 7.148089462124855575e-02
9.171370292397456811e-03 1.463133616266397152e-01
1.447044913741830571e-02 2.418325206772580227e-01
1.716303568102832758e-02 3.524861820958967162e-01
1.598127576255476898e-02 4.718435731471763983e-01
1.175446704392643302e-02 5.929686218208208848e-01
6.666560266220885808e-03 7.088233325309306609e-01
2.730984346025082388e-03 8.126780466895734412e-01
6.947021624091979106e-04 8.985076801207244612e-01
7.186870391906530003e-05 9.613753750752738192e-01
