Gauss-Jacobi alf=0.000000 bet=0.000000 weights/abscissas
deg: 23
dim: 1
nodes: 12
2.358766819325593123e-02 9.219682876640376487e-03
5.346966299765915087e-02 4.794137181476257337e-02
8.003916427167319381e-02 1.150486629028476537e-01
1.015837133615331428e-01 2.063410228566912585e-01
1.167462682691775416e-01 3.160842505009098802e-01
1.245735229067015948e-01 4.373832957442655434e-01
1.245735229067014421e-01 5.626167042557344011e-01
1.167462682691773196e-01 6.839157494990900643e-01
1.015837133615326709e-01 7.936589771433087970e-01
8.003916427167291625e-02 8.849513370971524573e-01
5.346966299765921332e-02 9.520586281852374544e-01
2.358766819325593123e-02 9.907803171233596773e-01
