Gauss-Jacobi alf=1.000000 bet=0.000000 weights/abscissas
deg: 23
dim: 1
nodes: 12
7.751822209380260318e-04 2.156206316585036753e-02
4.444807795668452403e-03 7.105789873558900072e-02
1.243600916642223497e-02 1.454474562350641376e-01
2.487678040926545944e-02 2.404011104747729166e-01
4.045165370691367751e-02 3.503993497227449461e-01
5.661384371366767754e-02 4.690491506871823368e-01
7.010933999763005464e-02 5.894549187985422822e-01
7.769631681553104685e-02 7.046191157374197545e-01
7.689660268004099020e-02 8.078489454701459627e-01
6.660675062667315016e-02 8.931455091165233506e-01
4.742785198037745981e-02 9.555535368445923217e-01
2.166486088687176112e-02 9.914609450115725586e-01
