Gauss-Jacobi alf=0.000000 bet=2.000000 weights/abscissas
deg: 23
dim: 1
nodes: 12
2.003111258474878781e-02 7.952045702638438351e-03
4.255661536740575068e-02 4.142781045429459047e-02
5.658418474947400634e-02 9.975762554261416448e-02
6.025060748760438512e-02 1.798107890524232588e-01
5.457394116423156666e-02 2.772734577993151150e-01
4.276476357018889340e-02 3.868920099976898008e-01
2.890805183872738673e-02 5.027573604490321868e-01
1.654734364460936843e-02 6.186238634584561025e-01
7.716367023886427576e-03 7.282464529530726649e-01
2.720842144103843233e-03 8.257185142147869250e-01
6.199533985445193456e-04 9.057950735445436941e-01
5.955035980831171642e-05 9.642065352926715294e-01
