efficiency: 0.677419
deg: 6
dim: 3
nodes: 31
q[0]:  +2.4446930829515176e-03  +1.9632573726301542e-01  +1.3246171877309504e-01  +1.0865076610737408e-01
q[1]:  +2.5918642765302164e-03  +2.0921978991355553e-01  +1.4394160083325738e-01  +2.5922168780321737e-02
q[2]:  +4.2925753965048150e-03  +4.3186474382157908e-01  +8.4340539081381088e-02  +3.3058863900536507e-02
q[3]:  +6.6790128332899152e-03  +5.0491725255312836e-01  +2.5996367078560800e-01  +2.1526358194458436e-01
q[4]:  +4.6273460418765752e-03  +5.1624858491687298e-01  +3.4321858987869164e-01  +4.1298199048907670e-02
q[5]:  +4.8823223355635211e-03  +5.2101323369083541e-01  +2.9636123819607713e-01  +9.8397204289552717e-02
q[6]:  +4.4364071347431679e-03  +4.8017064780392704e-01  +4.3320225265026086e-01  +3.8483561951506928e-01
q[7]:  +2.6314029328760899e-03  +4.7549186571899621e-01  +4.5529504649911118e-01  +4.4959648982102939e-02
q[8]:  +7.7618113201569292e-03  +4.6825848479531951e-01  +4.2042186917488122e-01  +2.1082780764482684e-01
q[9]:  +4.7337182405450548e-03  +7.7350229234182410e-01  +1.0627944209897747e-01  +6.6214133659145497e-02
q[10]: +4.4340061683430200e-03  +7.5167834055625782e-01  +2.5123599036494509e-01  +1.4193456027862886e-02
q[11]: +8.0928944249871286e-03  +7.6129415877346907e-01  +2.9685581188959154e-01  +1.8555462827553221e-01
q[12]: +3.2410737834928853e-03  +7.4082872073199468e-01  +3.7351955579368001e-01  +3.6413691751033084e-01
q[13]: +5.4951063595190313e-03  +7.6407786132897026e-01  +5.5668013255998028e-01  +3.9591013059050009e-02
q[14]: +1.0096688199933194e-02  +7.4962747625229265e-01  +4.6519745330018536e-01  +1.6689222275133289e-01
q[15]: +1.2667885166488516e-02  +7.6386021844405960e-01  +5.8043656593762039e-01  +4.3992937384475073e-01
q[16]: +2.9830729199928517e-03  +7.6273570831692428e-01  +6.8181271204578198e-01  +6.6642462563683003e-01
q[17]: +4.4715683565869488e-03  +7.6962395857138510e-01  +7.2464262876688101e-01  +6.8090447426239376e-02
q[18]: +1.1170919926008525e-02  +7.7639145392164843e-01  +7.1243088015424627e-01  +2.9031764183952324e-01
q[19]: +3.6936707028073449e-03  +7.7568948756666478e-01  +7.6266179504239673e-01  +5.9207177871794558e-01
q[20]: +1.9118714065278098e-03  +9.6509302462294277e-01  +1.0798493692085807e-01  +6.4980122590659481e-02
q[21]: +2.8646845457637334e-03  +9.4991959851988961e-01  +3.0167008247114829e-01  +6.2196458690935968e-03
q[22]: +6.8849750634605638e-03  +9.5351978660677494e-01  +3.4421818041780589e-01  +2.1657527872833468e-01
q[23]: +3.9745255394922274e-03  +9.3861268130926134e-01  +4.7925998640582657e-01  +4.6112291339496786e-01
q[24]: +4.8059856031622472e-03  +9.5159341847557899e-01  +6.9317537009241881e-01  +5.3548491648227246e-02
q[25]: +1.0879739803968875e-02  +9.4153271677697203e-01  +5.6926477963980526e-01  +1.9458164103713427e-01
q[26]: +9.6757062409854391e-03  +9.5478190571776123e-01  +7.3815130360580172e-01  +5.5826692968199720e-01
q[27]: +2.0967946358716682e-03  +9.5336746260953720e-01  +8.5557422429420049e-01  +8.3902247156503240e-01
q[28]: +2.8566551869999993e-03  +9.5409797166399879e-01  +9.0727554144927813e-01  +7.9415566256709771e-02
q[29]: +7.0791775944150240e-03  +9.6049598489770316e-01  +8.8014779229421325e-01  +3.5333538934322078e-01
q[30]: +2.2085114428218120e-03  +9.5380362516511819e-01  +9.5189175375859025e-01  +7.4033354525435124e-01

