Gauss-Jacobi alf=2.000000 bet=1.000000 weights/abscissas
deg: 23
dim: 1
nodes: 12
4.660300725259894003e-05 3.335024601860817756e-02
4.604701422798005588e-04 8.790135052868708332e-02
1.870724790614151662e-03 1.629619501562916128e-01
4.779071170041810680e-03 2.548121737072855941e-01
8.953322093286676664e-03 3.588553074860696968e-01
1.318737037180602902e-02 4.698770936022669820e-01
1.575711972478444425e-02 5.823116057072021956e-01
1.538478326437241368e-02 6.905214296167877519e-01
1.208660115660193692e-02 7.890806653492637990e-01
7.276146460994196638e-03 8.730470221633969130e-01
2.968764376276783641e-03 9.382091822175497864e-01
5.623567750225068589e-04 9.812941956688124856e-01
