Gauss-Jacobi alf=1.000000 bet=3.000000 weights/abscissas
deg: 19
dim: 1
nodes: 10
8.673266742267781099e-04 2.364829107678458747e-02
4.172631739050693470e-03 7.782432288175555879e-02
8.796047253310200487e-03 1.589451586169457753e-01
1.177632710800507500e-02 2.619079401840261334e-01
1.118805544721122001e-02 3.802441488748186105e-01
7.768388142696161514e-03 5.065221356102325156e-01
3.873239880620724888e-03 6.328157146755613027e-01
1.294600834595775220e-03 7.512087449724146326e-01
2.463129379916019750e-04 8.543174463229437077e-01
1.706998229178258758e-05 9.358994301178504838e-01
