efficiency: 0.957895
deg: 11
dim: 3
nodes: 95
q[0]:  +3.5966968340871548e-04  +1.5438662913464490e-01  +3.4865902787094116e-02  +2.0979386473058536e-02
q[1]:  +3.0803840508506711e-04  +1.1278965897505769e-01  +9.2861016376322728e-02  +7.4476896875551230e-02
q[2]:  +3.0690489889729356e-04  +9.5472015639519001e-02  +6.9251318279436952e-02  +1.6295701080423594e-02
q[3]:  +9.0171085205922484e-04  +3.5250158650871583e-01  +5.0901843994687321e-02  +2.3879507061798838e-02
q[4]:  +1.3424250859046180e-03  +3.0518609451714146e-01  +1.4489530311514351e-01  +1.8370050157283647e-02
q[5]:  +9.8020911304470934e-04  +3.2978777931705316e-01  +1.5442097039419042e-01  +1.4409897873569472e-01
q[6]:  +1.5412255183325728e-03  +2.6489703958391286e-01  +1.5212857296673390e-01  +8.9768757857312850e-02
q[7]:  +8.8432804305177957e-04  +2.4708372877569923e-01  +2.1434280304218828e-01  +2.4924994819754520e-02
q[8]:  +1.3510657701302647e-03  +2.8247835307961255e-01  +2.6144024197364690e-01  +1.2509778499755930e-01
q[9]:  +1.0462258845483335e-03  +2.7778789757169692e-01  +2.4385837616534428e-01  +2.1709106346185872e-01
q[10]: +1.4778448624262217e-03  +5.3396711193457846e-01  +1.3289092311033954e-01  +2.1461878351961547e-02
q[11]: +1.2093549238734410e-03  +5.1201286765091203e-01  +1.1191987772473061e-01  +9.1888775935843853e-02
q[12]: +2.2332958139443153e-03  +5.4615547828134237e-01  +2.7482140066085636e-01  +2.6455230591831257e-02
q[13]: +3.4829414577337231e-03  +4.8617023206693838e-01  +2.2473449389788752e-01  +1.1811081418835465e-01
q[14]: +1.9139383044293934e-03  +5.7371602270916766e-01  +2.5708965902230940e-01  +2.3084986480379671e-01
q[15]: +1.3229326652563194e-03  +4.8091121253379093e-01  +3.7662666240135823e-01  +1.5579523111477698e-02
q[16]: +3.1998191972091522e-03  +4.5527465055991984e-01  +3.4323679646900601e-01  +9.6054838523771766e-02
q[17]: +3.5084520276635429e-03  +4.7158949978942677e-01  +3.5931631905970202e-01  +2.3508369875442386e-01
q[18]: +4.2122028697468488e-04  +4.1788559168669098e-01  +4.0491169681308137e-01  +1.9739255828057873e-02
q[19]: +2.1486536464962571e-03  +5.0299958762731189e-01  +3.6232188896719120e-01  +3.3485083900586798e-01
q[20]: +1.2615274201326903e-03  +4.8503846995135602e-01  +4.6745887524300916e-01  +1.0040889893843968e-01
q[21]: +2.0733820356921939e-03  +5.2894893787381725e-01  +5.0260836392175956e-01  +2.3825462327567756e-01
q[22]: +1.1749678672878894e-03  +4.6283109384138182e-01  +4.4884041813063857e-01  +3.3869664600707844e-01
q[23]: +7.2916297330994967e-04  +4.7651214431741395e-01  +4.5035624524647883e-01  +4.3258123623953609e-01
q[24]: +6.6623762842974625e-04  +6.1143053390484592e-01  +3.8792126587871463e-02  +1.6027137820770435e-02
q[25]: +1.3773066872919326e-03  +7.4888602254691417e-01  +1.5981286320858915e-01  +1.6657368616523924e-02
q[26]: +3.8134958601585560e-03  +7.0918469873667689e-01  +2.3456350941281737e-01  +1.0385830286402292e-01
q[27]: +1.4175894868498633e-03  +7.2305129784252531e-01  +1.2429492238426541e-01  +9.7793626677492168e-02
q[28]: +2.4191974685769798e-03  +7.5711591122564659e-01  +3.5514065116340704e-01  +2.4185289834306008e-02
q[29]: +4.5695032513334496e-03  +6.9307906245603756e-01  +4.0092084887106055e-01  +2.7643259721200286e-01
q[30]: +1.6794911671809082e-03  +7.3977766725977767e-01  +2.5556419511596234e-01  +2.2917632128553142e-01
q[31]: +5.2063961054884932e-03  +6.8260768675380157e-01  +4.1871151587992378e-01  +1.3600442723564865e-01
q[32]: +1.9739124145475035e-03  +7.3636396662328252e-01  +4.5553065299879519e-01  +4.3645012499436642e-01
q[33]: +2.6187131181302798e-03  +7.1190062402054854e-01  +5.2549122695000183e-01  +2.9014405124977626e-02
q[34]: +3.6859279952954280e-03  +6.6923512815543973e-01  +5.7015011751265521e-01  +1.3017798492240959e-01
q[35]: +4.8175639889259467e-03  +6.8700696240452153e-01  +5.5779354903603628e-01  +2.9756874020645596e-01
q[36]: +3.1713921958171679e-03  +7.2591034205094418e-01  +5.6258127452375906e-01  +4.5735095503257939e-01
q[37]: +1.3005010367226843e-03  +6.9506902013603233e-01  +5.9570219245003408e-01  +5.7736607582139665e-01
q[38]: +1.3682581632944108e-03  +6.5638048720513786e-01  +6.2206073092262704e-01  +2.8381047397367944e-02
q[39]: +1.5663870280717915e-03  +7.3093793136126584e-01  +7.1468109425308524e-01  +1.5846234751520574e-01
q[40]: +2.1981233868776286e-03  +7.2996561096449331e-01  +7.0593869053940672e-01  +3.3869613659251280e-01
q[41]: +1.9009635501067580e-03  +7.1236306091413415e-01  +6.8821668908823919e-01  +5.0662202752398344e-01
q[42]: +1.7551853823509274e-03  +6.2525469020283364e-01  +5.6324635737948880e-01  +4.5617741163951897e-01
q[43]: +7.8021999460188530e-04  +6.9314917488696903e-01  +6.7878217977788646e-01  +6.4086833845785862e-01
q[44]: +1.0165366830550751e-03  +8.3984786261008493e-01  +6.0418095217828267e-02  +2.6899053801295283e-02
q[45]: +1.5086260754688587e-03  +9.0152731537992736e-01  +2.1652855899406742e-01  +2.8546673262627536e-02
q[46]: +2.6038839843551551e-03  +8.9588194341763683e-01  +2.3664672153597305e-01  +1.2790820031168601e-01
q[47]: +1.0291771123682972e-03  +8.9501234579784994e-01  +1.7431628523829870e-01  +1.5804250266360706e-01
q[48]: +1.0507015441153340e-03  +9.2223794119293567e-01  +4.0569090312237938e-01  +1.4747351832120901e-02
q[49]: +3.8078241042015797e-03  +8.6405808506757076e-01  +4.0505235776539689e-01  +1.1063224386359188e-01
q[50]: +3.6416584935618085e-03  +8.5240078483776871e-01  +4.0163301993411610e-01  +2.5903526104906144e-01
q[51]: +1.9927227644004975e-03  +8.6864738656572760e-01  +3.6911929499139745e-01  +3.3746694119505349e-01
q[52]: +2.0049272258072862e-03  +8.9428965167099839e-01  +6.0215073465323576e-01  +2.7745083073969102e-02
q[53]: +4.0611507245802330e-03  +8.5818179418203766e-01  +6.0866501262526818e-01  +1.3772534137688738e-01
q[54]: +4.9365913631140004e-03  +8.7264420157269740e-01  +5.8375704655116134e-01  +2.9872239149814950e-01
q[55]: +3.6880182026798503e-03  +8.8388034505842217e-01  +5.9464559334752476e-01  +4.9151609352148162e-01
q[56]: +9.0365625489109984e-04  +9.1364306277155494e-01  +5.6630674435254613e-01  +5.5315240388085241e-01
q[57]: +9.2737642174964491e-04  +8.5074520985038293e-01  +7.5383664209736245e-01  +1.3081244394968734e-02
q[58]: +2.6232084283700149e-03  +8.6225799796392599e-01  +7.6819280828617209e-01  +1.0136271783107384e-01
q[59]: +3.7729831519141134e-03  +8.4997947821750108e-01  +7.3728754971485500e-01  +2.7319835970120526e-01
q[60]: +3.9991854573493621e-03  +8.6575432407256758e-01  +7.3196718189171639e-01  +4.7579921132597253e-01
q[61]: +2.3460151167191369e-03  +8.5926727143854598e-01  +7.7459528274277700e-01  +6.6683106545266857e-01
q[62]: +1.3488576286157803e-03  +8.7215055845516987e-01  +7.0925142969725108e-01  +6.8516978297203879e-01
q[63]: +5.0940692537891576e-04  +8.4682600765447991e-01  +8.3893730596967930e-01  +3.7012922161189031e-02
q[64]: +1.0104408244957755e-03  +9.0287825520775644e-01  +8.8294881820744597e-01  +1.7655808515609397e-01
q[65]: +1.6304685067495891e-03  +8.9785793558344140e-01  +8.7294770235981856e-01  +3.5388246128519046e-01
q[66]: +1.8133122875900771e-03  +8.8081658705068699e-01  +8.5386409365996629e-01  +5.5301019819570318e-01
q[67]: +6.9833170248450400e-04  +8.7198918910677514e-01  +8.6254574631397818e-01  +7.4197055598766826e-01
q[68]: +5.9618512707966477e-04  +8.6492333734769000e-01  +8.3213334375083847e-01  +8.1501695308059041e-01
q[69]: +3.2127514671117369e-04  +9.6733747415785831e-01  +5.2484263224527858e-02  +3.6959316927679335e-02
q[70]: +5.4613375979837436e-04  +9.7061820689628930e-01  +1.1746023128397506e-01  +2.2366522139320121e-02
q[71]: +8.7852016386295243e-04  +9.8612306511036329e-01  +2.6959758337254902e-01  +1.1193802152609542e-01
q[72]: +6.9735227777180148e-04  +9.8292124129947500e-01  +2.0018865895565663e-01  +1.6375357719630901e-01
q[73]: +3.8876370948002603e-04  +9.9128895499420788e-01  +3.0275231369968625e-01  +2.0338684647987968e-02
q[74]: +1.3984172483224330e-03  +9.7077843685498122e-01  +4.5078021046872624e-01  +8.3035983140326577e-02
q[75]: +2.0139245468270756e-03  +9.7078826080361713e-01  +4.5975949246019354e-01  +2.0509173717588811e-01
q[76]: +2.0546663625076607e-03  +9.7100356879235472e-01  +4.3234191763383056e-01  +3.2484114447776230e-01
q[77]: +6.6893406531620041e-04  +9.7347259576138778e-01  +3.7878010751841368e-01  +3.6365595982602850e-01
q[78]: +4.8939424150067415e-04  +9.9137194235190496e-01  +5.9695431274806798e-01  +2.1999786348732387e-02
q[79]: +2.0372513758045714e-03  +9.7233232120516400e-01  +6.5926316028807419e-01  +1.3217873221748702e-01
q[80]: +2.0637454150171427e-03  +9.7716856980475331e-01  +6.6155861187916021e-01  +2.9907611652443200e-01
q[81]: +2.1111555440949618e-03  +9.7593320563896591e-01  +6.5732217265479020e-01  +4.7138864586994628e-01
q[82]: +9.3816107815975879e-04  +9.8480916488933090e-01  +6.2632133071679441e-01  +5.8619452421787788e-01
q[83]: +9.5005683734763265e-04  +9.7265714793847435e-01  +8.0106005338505049e-01  +3.0255198988798370e-02
q[84]: +1.5241344952079863e-03  +9.7375305532718315e-01  +8.4000702925479376e-01  +1.4975487781742738e-01
q[85]: +2.2574435492871076e-03  +9.6716613302774490e-01  +8.2439757340555364e-01  +3.1799012281954570e-01
q[86]: +1.9608424178593443e-03  +9.7475097937410060e-01  +8.4134432046709984e-01  +5.2063143794573796e-01
q[87]: +1.7358295035386016e-03  +9.7118914550166058e-01  +8.2039562990996984e-01  +6.9128342624896333e-01
q[88]: +6.5521468218205172e-04  +9.7511389529942893e-01  +8.1894754321412422e-01  +7.9617835824506766e-01
q[89]: +5.0005232953390284e-04  +9.6897129243575242e-01  +9.3394353406770803e-01  +2.8495721335946800e-02
q[90]: +5.4353691019803278e-04  +9.7969083710969806e-01  +9.5329073810422482e-01  +1.4174050497837626e-01
q[91]: +7.2206609558285277e-04  +9.8508869254629394e-01  +9.5470069394319401e-01  +3.3982282317285434e-01
q[92]: +8.3312958198849694e-04  +9.7738052206849513e-01  +9.5234977529881759e-01  +5.6489409033116511e-01
q[93]: +9.0335862620470066e-04  +9.7489675183290092e-01  +9.4409723699406811e-01  +7.6686572321494029e-01
q[94]: +4.8639794452079785e-04  +9.7309530567903979e-01  +9.4244905702276027e-01  +9.0607333907763465e-01

