Gauss-Jacobi alf=1.000000 bet=0.000000 weights/abscissas
deg: 19
dim: 1
nodes: 10
1.499140602406394017e-03 3.002903216148650536e-02
8.419319782983165912e-03 9.828901220985324094e-02
2.277459145326307319e-02 1.990210789631011445e-01
4.340190640715067133e-02 3.240555383233348907e-01
6.605307556335046626e-02 4.632612342843393516e-01
8.455710969082740058e-02 6.053601531142132064e-01
9.269689367772346311e-02 7.388403239915437570e-01
8.621130028917604882e-02 8.528885503569297866e-01
6.428715450908256690e-02 9.382679281228518686e-01
3.009950802403699513e-02 9.880823865675844031e-01
