Gauss-Jacobi alf=1.000000 bet=3.000000 weights/abscissas
deg: 17
dim: 1
nodes: 9
1.195888519350740567e-03 2.797427771594715798e-02
5.513425838144140646e-03 9.175121281577239274e-02
1.083090392379284887e-02 1.863892443459854720e-01
1.306478438108677961e-02 3.048638245525282509e-01
1.070173303525689436e-02 4.383917877014382736e-01
6.017044670983157963e-03 5.770797631912872871e-01
2.197769824128102591e-03 7.106651401693179215e-01
4.461084838774196509e-04 8.293067662360146253e-01
3.234132337991391895e-05 9.244870741807995618e-01
