efficiency: 0.878049
deg: 10
dim: 3
nodes: 82
q[0]:  +3.6491444319812776e-04  +9.6658983747327384e-02  +4.6654281254273587e-02  +3.1772223885043742e-02
q[1]:  +4.7345155914621225e-04  +1.2504456801051705e-01  +1.0510583873570833e-01  +3.4320893913736286e-02
q[2]:  +5.7769028213814451e-04  +2.6093630146421487e-01  +3.8597638948357042e-02  +2.3990815579687207e-02
q[3]:  +1.6987832047049025e-03  +2.7359163421417554e-01  +1.7130274808888357e-01  +1.4273981101937602e-01
q[4]:  +1.7896988702627377e-03  +2.8169647897468114e-01  +1.2825885579682880e-01  +2.7604877966797187e-02
q[5]:  +5.7455804498719840e-04  +2.2690118362969930e-01  +2.1972507355739579e-01  +1.8884244410726278e-01
q[6]:  +1.0549348061577855e-03  +2.7267267637722797e-01  +2.3752986162557491e-01  +2.5633364640802552e-02
q[7]:  +2.0807045220831385e-03  +3.2451775725695553e-01  +2.8682298295346059e-01  +1.3411547417548406e-01
q[8]:  +8.1356063971832167e-04  +4.9766331761694088e-01  +4.6505935335475819e-02  +1.6115166288966979e-02
q[9]:  +1.9315515869615866e-03  +4.4968075414667991e-01  +1.3547537152741534e-01  +1.1311715252505603e-01
q[10]: +2.9168153134367849e-03  +5.2786198416455077e-01  +1.6468778920764268e-01  +3.5119153339142492e-02
q[11]: +4.3171646265517715e-03  +4.6481506414589230e-01  +2.7701301680384288e-01  +1.4873324485730513e-01
q[12]: +2.0138064934470314e-03  +4.8474525556081355e-01  +3.0364926762046651e-01  +1.8251880599090747e-02
q[13]: +2.2986747532198074e-03  +4.6717328996500390e-01  +3.4146465462425291e-01  +3.1374442699827831e-01
q[14]: +3.6291172543799475e-03  +5.2530638226207449e-01  +3.9905411253583084e-01  +1.0588931905883926e-01
q[15]: +1.3149863295133972e-03  +4.7722709791540768e-01  +4.4362335652587215e-01  +2.7278441096188211e-02
q[16]: +1.4662174220135523e-03  +4.9281992248121670e-01  +4.7844756194435295e-01  +1.4243213294392926e-01
q[17]: +2.9639263072432881e-03  +4.8855850669810413e-01  +4.5092724422625252e-01  +3.0461694365022601e-01
q[18]: +1.0868464478506817e-03  +4.6638430165809519e-01  +4.4324393280265362e-01  +4.1418892797763579e-01
q[19]: +3.2716665161886682e-04  +7.0533911958856454e-01  +2.0578081382590256e-02  +5.5939202368738500e-03
q[20]: +2.5040344904384134e-03  +7.7302492458609695e-01  +1.6405471546180900e-01  +2.6091976654227175e-02
q[21]: +2.7936702399063307e-03  +6.9984793858955319e-01  +1.3349281010814767e-01  +1.0067316326947925e-01
q[22]: +3.2912276654525892e-03  +7.1404361651656445e-01  +3.4243008917816575e-01  +3.0134002886981027e-02
q[23]: +6.2106235033090387e-03  +6.9691986864292899e-01  +3.2518248688010964e-01  +1.5931558451530989e-01
q[24]: +3.0414935041362845e-03  +6.2253747570847695e-01  +2.9158386389475066e-01  +2.5769922473120255e-01
q[25]: +6.3029544101655677e-03  +6.6511285430406220e-01  +4.9886233948732350e-01  +3.4726524202024883e-01
q[26]: +2.0576308374212118e-03  +7.0590355206572919e-01  +4.7420351179189435e-01  +4.4956997564417150e-01
q[27]: +2.4838594545993006e-03  +6.9718564002858463e-01  +5.5523358093746900e-01  +2.5737871894365483e-02
q[28]: +4.2632623467761350e-03  +7.3096808097214383e-01  +4.9946541162919728e-01  +1.2355592836240116e-01
q[29]: +4.0275146558727982e-03  +6.8741439291303397e-01  +5.7355127528809136e-01  +2.3008434790133625e-01
q[30]: +2.2997834536964230e-03  +6.9452627517510701e-01  +6.1221625162999116e-01  +5.7843487197528631e-01
q[31]: +4.0459587982048751e-04  +6.9279496728060641e-01  +6.7637844748335652e-01  +6.8689683999536002e-03
q[32]: +2.6730675786470598e-03  +6.9760680585318524e-01  +6.6029408714499915e-01  +1.0371180668437578e-01
q[33]: +2.6385318531116837e-03  +6.7993809955630535e-01  +6.5435766541398277e-01  +3.0493026820890262e-01
q[34]: +2.3803005281307654e-03  +6.9575400409844623e-01  +6.7132971247571571e-01  +5.1619730735643199e-01
q[35]: +3.5728847775440113e-04  +7.0093150526558834e-01  +6.9984000328222029e-01  +6.7383979687581697e-01
q[36]: +7.9098483816431519e-04  +8.8638900342017846e-01  +5.6930239746404550e-02  +2.6028523937986010e-02
q[37]: +4.0751750358023779e-03  +8.8447406660311700e-01  +3.0062995932499270e-01  +1.2711837207244059e-01
q[38]: +1.8296351885610622e-03  +8.9844949780817274e-01  +1.6845705376866529e-01  +1.3600009414319286e-01
q[39]: +1.7074587212655601e-03  +9.1805224987178202e-01  +3.3992071112560474e-01  +1.9986297327911420e-02
q[40]: +3.1704226294921121e-03  +8.4162419462573057e-01  +4.0412490823809538e-01  +2.8590933327454565e-01
q[41]: +2.4851088895833425e-03  +8.2664306263634446e-01  +3.2695250129866077e-01  +3.0173992047153742e-01
q[42]: +1.2007871387455923e-03  +8.5933121760047670e-01  +5.3363556072230500e-01  +9.5220761734616920e-03
q[43]: +4.0804148218764099e-03  +8.8698959550661916e-01  +4.9101741587499631e-01  +1.0392469941290490e-01
q[44]: +6.4711767123672706e-03  +8.6197228206155196e-01  +5.8908161617891275e-01  +2.9552405575080182e-01
q[45]: +4.6174373029382954e-03  +8.6045170808477811e-01  +5.8211494943826003e-01  +4.8159808917312336e-01
q[46]: +9.7589170474187163e-04  +8.7994540070010230e-01  +5.8358759023462725e-01  +5.8129000595056313e-01
q[47]: +7.9234220598424585e-04  +8.8848158116621445e-01  +7.3479221263152628e-01  +1.1496437567721347e-02
q[48]: +4.0018639205461103e-03  +8.6927869275973102e-01  +7.0213159680686255e-01  +1.0799495060324828e-01
q[49]: +3.9069047410632413e-03  +8.6983829625464759e-01  +7.7150611465311714e-01  +2.8234215178765454e-01
q[50]: +4.1506643101501513e-03  +8.5024767441326843e-01  +7.5652033041090672e-01  +4.8193403240069582e-01
q[51]: +2.0985780245725491e-03  +8.3726580519672777e-01  +7.3003661033582290e-01  +5.9822414912075683e-01
q[52]: +1.6953821922455184e-03  +8.8500102694423766e-01  +7.7635032761930522e-01  +7.4249493033892888e-01
q[53]: +1.3596295298156406e-03  +8.7114015216924734e-01  +8.3397900514436729e-01  +4.1187292110426772e-02
q[54]: +1.6501016854502156e-03  +8.5248768173742895e-01  +8.3374109659577933e-01  +2.0099670488953031e-01
q[55]: +1.3238126170351844e-03  +8.6101117101054825e-01  +8.5369602220808538e-01  +4.5415731314547830e-01
q[56]: +1.3684838085109849e-03  +8.8901363347751727e-01  +8.7102603210744123e-01  +7.1888156188645203e-01
q[57]: +4.3459356133592207e-04  +8.6789337459038252e-01  +8.5166488915235916e-01  +8.2643270591198159e-01
q[58]: +2.0817967964760351e-04  +9.9116117327480313e-01  +5.4723381591774117e-02  +3.7198364969132543e-02
q[59]: +1.1484264349800057e-03  +9.6103493079453317e-01  +1.6201034549529500e-01  +2.7662070047728693e-02
q[60]: +8.0434111917267593e-04  +9.8914558763151672e-01  +2.8169866008493427e-01  +1.2178833882622737e-01
q[61]: +6.9934493083885897e-04  +9.8534493753818442e-01  +2.1924992410136401e-01  +1.8184427442971465e-01
q[62]: +4.1062242042915641e-04  +9.9982521710904459e-01  +4.0612539957414351e-01  +2.8095332674343030e-02
q[63]: +1.1763361345626477e-03  +9.8385148612277762e-01  +4.5220150842076928e-01  +1.2872988477863184e-01
q[64]: +2.7035317354029455e-03  +9.6473687528766949e-01  +4.4074073314374529e-01  +2.8893068332785071e-01
q[65]: +1.3111403926064087e-03  +9.6369348310238090e-01  +3.9382099100087453e-01  +3.6741207705256457e-01
q[66]: +1.6560662476649225e-03  +9.7235910218104049e-01  +6.3619360517388157e-01  +3.9486250719871281e-02
q[67]: +2.7182613602438075e-03  +9.7169542354561822e-01  +6.2458719143023489e-01  +2.1908210555382501e-01
q[68]: +2.2583709728483605e-03  +9.7639996342297342e-01  +6.4010664447617960e-01  +4.2934398425836523e-01
q[69]: +1.5319068665904764e-03  +9.7458166973645810e-01  +6.0739988162408842e-01  +5.5978423850695913e-01
q[70]: +7.2730459694778256e-04  +9.8000404175448375e-01  +8.6180994695568525e-01  +2.8964646199087771e-02
q[71]: +1.8581413782743611e-03  +9.7582427722813303e-01  +7.9785354026670208e-01  +1.5843946442919385e-01
q[72]: +1.7241114608349086e-03  +9.7463989214480329e-01  +8.2210730022554701e-01  +3.3704575942758797e-01
q[73]: +2.1244522998087071e-03  +9.6939828829473440e-01  +8.0645984881921495e-01  +4.8637000169530109e-01
q[74]: +2.2574587071399941e-03  +9.6580768607029599e-01  +8.0305688957212096e-01  +6.6319460635042793e-01
q[75]: +5.7710482819691290e-04  +9.8334027274413582e-01  +8.0694192771758233e-01  +7.8440117036396018e-01
q[76]: +1.2982563255598383e-04  +9.7691132008604753e-01  +9.7447305142575324e-01  +1.8905380645638854e-02
q[77]: +1.2117908656484207e-03  +9.6954287504213232e-01  +9.3291677357096969e-01  +1.4200250826217206e-01
q[78]: +1.3223488599661383e-03  +9.7302913112890765e-01  +9.4219449694981161e-01  +3.5519352200064441e-01
q[79]: +1.4333676104282065e-03  +9.7165539136012657e-01  +9.3707038251391483e-01  +5.9916184418615348e-01
q[80]: +6.7039525712185523e-04  +9.8367180035473778e-01  +9.4576350380355645e-01  +8.0337815922840616e-01
q[81]: +3.9257885663577456e-04  +9.7491197503232085e-01  +9.4260493292068637e-01  +9.1356312514006932e-01

