Gauss-Jacobi alf=1.000000 bet=2.000000 weights/abscissas
deg: 23
dim: 1
nodes: 12
5.623567750225057747e-04 1.870580433118752134e-02
2.968764376276786677e-03 6.179081778245017892e-02
7.276146460994188832e-03 1.269529778366030592e-01
1.208660115660189355e-02 2.109193346507361178e-01
1.538478326437243450e-02 3.094785703832121926e-01
1.575711972478444078e-02 4.176883942927978599e-01
1.318737037180607065e-02 5.301229063977329625e-01
8.953322093286652378e-03 6.411446925139302477e-01
4.779071170041805476e-03 7.451878262927144059e-01
1.870724790614146675e-03 8.370380498437084427e-01
4.604701422797994746e-04 9.120986494713129167e-01
4.660300725259891293e-05 9.666497539813918571e-01
