Gauss-Jacobi alf=2.000000 bet=3.000000 weights/abscissas
deg: 17
dim: 1
nodes: 9
1.086621766776166395e-04 4.589285219292532636e-02
8.677032394523252062e-04 1.201268178260209568e-01
2.562104776955342889e-03 2.204710703827368057e-01
4.212305611063243797e-03 3.401511901807307559e-01
4.385361716880845431e-03 4.710285849368689992e-01
2.971560632775396144e-03 6.041976745858316233e-01
1.253376366607045125e-03 7.306063160394353773e-01
2.834115769971886495e-04 8.417015732503037029e-01
2.218056925766961559e-05 9.301717466921028965e-01
