Gauss-Jacobi alf=0.000000 bet=1.000000 weights/abscissas
deg: 19
dim: 1
nodes: 10
3.009950802403704023e-02 1.191761343241559516e-02
6.428715450908248363e-02 6.173207187714812444e-02
8.621130028917613208e-02 1.471114496430702412e-01
9.269689367772350475e-02 2.611596760084562430e-01
8.455710969082734507e-02 3.946398468857868491e-01
6.605307556335031360e-02 5.367387657156607039e-01
4.340190640715058806e-02 6.759444616766651093e-01
2.277459145326304543e-02 8.009789210368988277e-01
8.419319782983176320e-03 9.017109877901468007e-01
1.499140602406393800e-03 9.699709678385135536e-01
