Gauss-Jacobi alf=1.000000 bet=0.000000 weights/abscissas
deg: 21
dim: 1
nodes: 11
1.063667293244537721e-03 2.527362039752035355e-02
6.043920960479763800e-03 8.304161344740515482e-02
1.666362345168073689e-02 1.691751003771813922e-01
3.264154671383333317e-02 2.777967151090320885e-01
5.159136067229769251e-02 4.015027202328607658e-01
6.953187515818294584e-02 5.318623869104159851e-01
8.187910298806344578e-02 6.599918420853347900e-01
8.465942288401762106e-02 7.771593929561622094e-01
7.562004805718722245e-02 8.753807748555568757e-01
5.493809113287147911e-02 9.479645488728194458e-01
2.536734068814143483e-02 9.899817195383195934e-01
