Gauss-Jacobi alf=2.000000 bet=0.000000 weights/abscissas
deg: 21
dim: 1
nodes: 11
9.380048600977833730e-05 4.167485621335178386e-02
9.630205755432410825e-04 1.093089006456077900e-01
4.140004263219019577e-03 2.012156414090853496e-01
1.141459091809763488e-02 3.116757601370432895e-01
2.358966353880696809e-02 4.337601608454316748e-01
3.929021779843569484e-02 5.598016001411374454e-01
5.463222232104490705e-02 6.818820480937660689e-01
6.418355934975610022e-02 7.923316584029400644e-01
6.297954300036746889e-02 8.842113733706047363e-01
4.874586103066447240e-02 9.517503079057137994e-01
2.330085005138837068e-02 9.907210261686512087e-01
