Gauss-Jacobi alf=1.000000 bet=3.000000 weights/abscissas
deg: 21
dim: 1
nodes: 11
6.436672161494195457e-04 2.025507739690008205e-02
3.201069128803127849e-03 6.683410540301241987e-02
7.125708894975204752e-03 1.370728671472807303e-01
1.032839909026786983e-02 2.271794484142144188e-01
1.095877570489851155e-02 3.322962163319833628e-01
8.859089745735609228e-03 4.467579216201827963e-01
5.463398177585534338e-03 5.643973322388475822e-01
2.491220818972087782e-03 6.788795319065743517e-01
7.783611631731240845e-04 7.840490872008587520e-01
1.408830921073204545e-04 8.742831270081938833e-01
9.426967332158997604e-06 9.449183622550285655e-01
