Gauss-Jacobi alf=3.000000 bet=2.000000 weights/abscissas
deg: 17
dim: 1
nodes: 9
2.218056925766961221e-05 6.982825330789710350e-02
2.834115769971890832e-04 1.582984267496962971e-01
1.253376366607047727e-03 2.693936839605645672e-01
2.971560632775384868e-03 3.958023254141683211e-01
4.385361716880835890e-03 5.289714150631310563e-01
4.212305611063241195e-03 6.598488098192691886e-01
2.562104776955346792e-03 7.795289296172631666e-01
8.677032394523266157e-04 8.798731821739790293e-01
1.086621766776163956e-04 9.541071478070747292e-01
