efficiency: 0.973684
deg: 18
dim: 3
nodes: 342
q[0]:   +3.1851546868308210e-05  +3.7087605234775091e-02  +2.3735687562439649e-02  +1.4350450612299611e-02
q[1]:   +7.0344580472083936e-05  +8.0886411431448160e-02  +6.8800724839774854e-02  +1.2854091722299114e-02
q[2]:   +6.8392871228472820e-05  +9.3564400817009785e-02  +2.4341195105425137e-02  +7.9016368630142348e-03
q[3]:   +5.2415228235696617e-05  +1.1902358921946957e-01  +4.7635691381104309e-02  +4.7625844221730759e-02
q[4]:   +2.1742524704660709e-04  +1.3454908877369770e-01  +8.9132183653135480e-02  +5.4681087374506762e-02
q[5]:   +1.5959120940105327e-04  +1.5364818273727515e-01  +8.8647061327111490e-02  +9.8924883701278308e-03
q[6]:   +7.3601564847174990e-05  +9.9087431553513697e-02  +8.9205087003104158e-02  +7.6867072490022129e-02
q[7]:   +1.2279888497534303e-04  +1.7353989587850102e-01  +1.5978511088153224e-01  +1.2344869706833328e-02
q[8]:   +9.9843535015820667e-05  +1.4303345813172444e-01  +1.3786149210099874e-01  +6.4164654554200826e-02
q[9]:   +1.3874626820319525e-04  +1.9019122156852317e-01  +2.8006290757629299e-02  +1.4025887144719845e-02
q[10]:  +1.8870056545197805e-04  +2.5021208138036222e-01  +8.1131341247178579e-02  +6.3403377422932214e-03
q[11]:  +3.3532551222678543e-04  +2.1401137377401869e-01  +9.8258961597587083e-02  +4.3608878134280368e-02
q[12]:  +2.7260344814834168e-04  +2.3650191583325403e-01  +9.1986833800747042e-02  +7.8929199310381809e-02
q[13]:  +5.8526514332959967e-04  +3.1304041858441312e-01  +1.8007434373052283e-01  +4.6767249871562715e-02
q[14]:  +2.8437035578726092e-04  +2.6668440840416041e-01  +1.8804797810642607e-01  +1.0632158649026587e-02
q[15]:  +1.9108348429989778e-04  +2.0214317747863841e-01  +1.4859452368876483e-01  +1.3840295816056047e-01
q[16]:  +4.5022551057177454e-04  +2.2330198409699434e-01  +1.8254124030112423e-01  +5.9986393153442188e-02
q[17]:  +5.0498781525703726e-04  +2.6076525791975858e-01  +1.8240770626574260e-01  +1.2667317155361194e-01
q[18]:  +1.7373674070881375e-04  +2.9631150035255793e-01  +2.8065883287732435e-01  +1.3310508806793808e-02
q[19]:  +1.3990688226539282e-04  +2.5803742695132714e-01  +2.5503238311742116e-01  +6.7912734248229106e-02
q[20]:  +2.8937358681115121e-04  +2.2550537558286801e-01  +2.0937398638154900e-01  +1.4201468897229796e-01
q[21]:  +1.1612855849789918e-04  +2.0997076008907037e-01  +2.0010751382664435e-01  +1.8574825257705949e-01
q[22]:  +9.2868254964923664e-05  +3.0736713088328893e-01  +2.0214967900624492e-02  +7.4874391219226025e-03
q[23]:  +1.9283382655081930e-04  +3.1731599914001940e-01  +5.8879472273707253e-02  +4.9032802968301585e-02
q[24]:  +1.6747670924470014e-04  +3.8360216604982550e-01  +6.7826892023220772e-02  +5.7181767457591248e-03
q[25]:  +5.2142679329915257e-04  +3.4629538929058867e-01  +9.9360640343893844e-02  +3.8395248190299311e-02
q[26]:  +3.0991810988686166e-04  +3.7039358874806205e-01  +1.7522718087973121e-01  +8.2491205832180784e-03
q[27]:  +7.2502273477360055e-04  +3.5732154579859832e-01  +1.7125488461613683e-01  +1.0780481789884337e-01
q[28]:  +3.7823858678205348e-04  +3.9044973529774224e-01  +1.3976051437466946e-01  +1.2632897233246970e-01
q[29]:  +3.4296543144317045e-04  +3.2851183598715694e-01  +1.9346929228798965e-01  +1.8277509198056505e-01
q[30]:  +5.9249645305622760e-04  +4.2655760063329839e-01  +2.8841737753438162e-01  +5.2422371759447431e-02
q[31]:  +7.1297164608677876e-04  +3.6160667367388399e-01  +2.5461772591755477e-01  +1.1755618456371379e-01
q[32]:  +7.2667711347158869e-04  +4.1585309524138414e-01  +2.7201926202283239e-01  +2.1161646533377920e-01
q[33]:  +2.0933603531185835e-04  +3.8878974773111757e-01  +3.1890854063068114e-01  +8.2226406879698823e-03
q[34]:  +5.5452460792458570e-04  +3.4968481243956018e-01  +3.0148297985249373e-01  +1.5834971739729914e-01
q[35]:  +5.3178217001715765e-04  +3.5401135488087954e-01  +2.9366230368124702e-01  +2.3899966494013580e-01
q[36]:  +2.3916565455218280e-04  +3.3194627046409730e-01  +2.7937025746495231e-01  +2.6883954638125473e-01
q[37]:  +5.8175264488192157e-04  +3.5226727488190301e-01  +3.0085891835473894e-01  +5.5344357729083173e-02
q[38]:  +2.9274425094691483e-04  +3.5240972963574224e-01  +3.2858755840052639e-01  +1.1328419907328094e-01
q[39]:  +8.5476046717730358e-05  +4.3128441660352085e-01  +4.2286944274281180e-01  +8.3557352436746252e-03
q[40]:  +1.7141799160604214e-04  +3.9642909794699066e-01  +3.8990541479238672e-01  +5.6613989195253664e-02
q[41]:  +2.3242792650956197e-04  +3.2861005026716739e-01  +3.2176193312649071e-01  +1.7331045015880261e-01
q[42]:  +2.7873773157497718e-04  +3.4257186511740367e-01  +3.3129908343052861e-01  +2.6643269939962949e-01
q[43]:  +1.1111705662604488e-04  +3.4626000949298269e-01  +3.3657286914704848e-01  +3.2498114646436371e-01
q[44]:  +1.1152219254218199e-04  +4.5755948123661411e-01  +2.0702974212192221e-02  +8.8768344980583516e-03
q[45]:  +2.5174690173713734e-04  +4.4295243618370589e-01  +6.1216647448600996e-02  +4.8620803916365328e-02
q[46]:  +1.8151452118507684e-04  +5.6255948826083890e-01  +6.6833494314301273e-02  +6.4907659627441430e-03
q[47]:  +4.3205328651907372e-04  +4.9850278050286462e-01  +9.2517500597788932e-02  +2.9879605796864463e-02
q[48]:  +2.7392514617402585e-04  +5.1308390855804276e-01  +1.4599051677608879e-01  +1.3813190155718058e-01
q[49]:  +3.3847900792293974e-04  +4.8626210516396134e-01  +1.5204575579338042e-01  +9.0007191120164091e-03
q[50]:  +8.1618224828583811e-04  +4.5350359338003027e-01  +1.9811855411351373e-01  +4.7874121030619124e-02
q[51]:  +8.6477987994926090e-04  +4.9372474616261391e-01  +1.5285395665904428e-01  +9.6537088639996035e-02
q[52]:  +3.5861683740281817e-04  +5.3008058851848394e-01  +2.9451417427908461e-01  +9.9493989337692199e-03
q[53]:  +1.2029749816717091e-03  +4.9486417498749335e-01  +2.6179769440304917e-01  +1.2854623254962755e-01
q[54]:  +1.0178309283514683e-03  +5.6372699547946081e-01  +3.2599274491257224e-01  +5.8368565174780035e-02
q[55]:  +7.9208947375168865e-04  +5.0891595074739759e-01  +2.5985126040763673e-01  +2.0650112629424391e-01
q[56]:  +3.6245206303654645e-04  +4.8927020566604507e-01  +2.4688860912680047e-01  +2.3666849093556100e-01
q[57]:  +3.1610126430036892e-04  +4.4047669054890060e-01  +2.9651826471359655e-01  +1.2343569851968758e-02
q[58]:  +7.3719776141645580e-04  +5.1352689236119931e-01  +4.1119895812350210e-01  +5.7110490732839247e-02
q[59]:  +9.7600712819358323e-04  +4.8788295761024303e-01  +3.4662400193602005e-01  +1.2457876880793731e-01
q[60]:  +1.1399296868194264e-03  +4.9402434165057080e-01  +3.6843909239341305e-01  +2.2880506970839309e-01
q[61]:  +4.2827390589030625e-04  +4.6317057019113167e-01  +3.2727225564076146e-01  +3.1443528521765152e-01
q[62]:  +2.4096354199553956e-04  +4.9151039983117573e-01  +4.4064223927637608e-01  +1.2313482359022977e-02
q[63]:  +7.1602239460794839e-04  +5.3762266083627663e-01  +4.7926101422740741e-01  +2.3522103199213118e-01
q[64]:  +8.0613406929160730e-04  +5.4395458320318613e-01  +3.9666332378224223e-01  +3.3467894922443625e-01
q[65]:  +2.7305699601732123e-04  +4.8026419090461414e-01  +4.1979672145695623e-01  +4.0859399274169317e-01
q[66]:  +4.2269236921617576e-04  +4.8754404166689708e-01  +4.5464492953371777e-01  +5.3584642468577845e-02
q[67]:  +8.4625678472044334e-04  +4.8035232843934023e-01  +4.1731833018667269e-01  +1.4128646405593698e-01
q[68]:  +6.9519344344111313e-04  +4.5324602497632832e-01  +4.0504814504716069e-01  +2.6784235968048009e-01
q[69]:  +6.6405398372851689e-04  +4.9614829810945649e-01  +4.3166834386478248e-01  +3.6991275523992578e-01
q[70]:  +9.4030582735687537e-05  +4.9900709339135552e-01  +4.8680998107119572e-01  +4.7986889420027773e-01
q[71]:  +1.4460656176950841e-04  +5.5779881162993084e-01  +5.5325489355364399e-01  +4.7759953773418677e-02
q[72]:  +3.5957368559373973e-04  +4.6343784252927123e-01  +4.5323437677944733e-01  +1.3701144848777905e-01
q[73]:  +3.9043578279028020e-04  +4.7475626383805414e-01  +4.6375908800849652e-01  +2.3651104743952031e-01
q[74]:  +3.0023529447991830e-04  +4.7185177588253474e-01  +4.6341839474161933e-01  +3.3291829215879204e-01
q[75]:  +2.8983369219458309e-04  +4.7492722872122051e-01  +4.6067848395228422e-01  +4.1417261845012715e-01
q[76]:  +2.4954499816377194e-04  +5.7889262570604072e-01  +7.3067609201185671e-02  +6.2866665908860656e-02
q[77]:  +1.6716033306031199e-04  +6.1561150958414657e-01  +2.6159852154435163e-02  +1.3719162307652178e-02
q[78]:  +6.5795622250527767e-04  +6.4225762432302824e-01  +1.1465811561369059e-01  +5.8329251293572436e-02
q[79]:  +3.7416101920217563e-04  +6.2390641894951604e-01  +1.5426872830064939e-01  +1.3735640903144244e-01
q[80]:  +4.3274145216513541e-04  +6.3900460601495945e-01  +1.5315683833703464e-01  +1.2446410399297388e-02
q[81]:  +7.2278931062613066e-04  +6.6326333882749078e-01  +2.0116750406043254e-01  +1.3049423353922349e-01
q[82]:  +4.3015257546936785e-04  +6.3686945829834440e-01  +2.5462099744368838e-01  +2.4319280911695176e-01
q[83]:  +9.6067672444972616e-04  +5.8811802819172410e-01  +2.0052802334773734e-01  +6.1362529970150549e-02
q[84]:  +8.1231461460830507e-04  +6.1088709491229143e-01  +2.5596052960038151e-01  +1.9760767767740550e-01
q[85]:  +4.7793885638893868e-04  +6.0700910999636437e-01  +2.5321424836400958e-01  +1.2999630099136872e-02
q[86]:  +1.0814866560325820e-03  +6.8174748474288960e-01  +3.1296677967115782e-01  +6.3374702129291888e-02
q[87]:  +1.2461614769875839e-03  +6.4574864533402510e-01  +2.9119403075437911e-01  +1.4496435139056643e-01
q[88]:  +3.4281563204485352e-04  +6.0977049303117981e-01  +3.3995268915170807e-01  +3.2904991281091428e-01
q[89]:  +4.5851906188048994e-04  +6.7294723322642835e-01  +4.0476929752545615e-01  +1.1871239957773149e-02
q[90]:  +8.6491683482737831e-04  +6.4422505461947155e-01  +4.5674235885548653e-01  +5.7017189225508122e-02
q[91]:  +1.3868602205182054e-03  +6.3138992445334430e-01  +3.8599407824505555e-01  +1.4010634929482846e-01
q[92]:  +1.4349664412797395e-03  +6.1510060884791518e-01  +3.7887874207590022e-01  +2.4570689870372014e-01
q[93]:  +9.8491887955108820e-04  +6.4388264102524806e-01  +3.9426519306037988e-01  +3.3898797400431213e-01
q[94]:  +4.5390632623446768e-04  +5.8230675137090826e-01  +4.4139350045942333e-01  +1.1263469201486938e-02
q[95]:  +1.2966532346214146e-03  +6.3747622328758391e-01  +5.1192204472898406e-01  +3.6680134238426926e-01
q[96]:  +4.1593594437092042e-04  +6.1351790445115029e-01  +4.4631000807468829e-01  +4.3604580137191407e-01
q[97]:  +2.6850899373107387e-04  +6.3024169532199981e-01  +5.6532825787076735e-01  +1.1825672527353427e-02
q[98]:  +7.1907245905516299e-04  +6.5008020061286376e-01  +5.6378858882887029e-01  +6.1144033525892469e-02
q[99]:  +1.2934585897491420e-03  +6.2866395556648635e-01  +4.9300332125626034e-01  +1.3539596104399837e-01
q[100]: +1.3840470667180872e-03  +6.2263405361694790e-01  +4.7584867143700710e-01  +2.3296454292940702e-01
q[101]: +7.2285884829595100e-04  +6.5474073728233206e-01  +5.2105345221197386e-01  +4.6488919099979326e-01
q[102]: +3.3558214583024356e-04  +6.1812008707629684e-01  +5.4376381231725424e-01  +5.3108995267268011e-01
q[103]: +1.1375013139385238e-04  +5.9469843312033455e-01  +5.8110604568109248e-01  +8.4524110259005508e-03
q[104]: +3.5785724418512898e-04  +6.5456050701692892e-01  +6.2533850678635883e-01  +5.3316972823155895e-02
q[105]: +6.8321287022364411e-04  +5.8593999552934961e-01  +5.3958219981454847e-01  +1.2278056210295236e-01
q[106]: +9.7790843989574720e-04  +6.6537790948391629e-01  +6.0090937447257231e-01  +2.1982194944964839e-01
q[107]: +7.6593307889723065e-04  +6.3357943621548829e-01  +5.7157761150233521e-01  +3.1638639165061561e-01
q[108]: +7.7959552731392116e-04  +5.9269715116293964e-01  +5.4179101534444607e-01  +3.9640094871400855e-01
q[109]: +6.3724438405048719e-04  +6.3840526644213402e-01  +5.8708639107920646e-01  +5.2496528399306130e-01
q[110]: +3.2217981790991625e-04  +6.0907614720820447e-01  +6.0084491100862014e-01  +1.3087975858137499e-01
q[111]: +5.2998249415415837e-04  +6.1294535360549951e-01  +6.0002306974044639e-01  +2.4139954718480486e-01
q[112]: +4.9134139352082114e-04  +6.1881564570060255e-01  +6.0754969699396777e-01  +3.6504291673006056e-01
q[113]: +3.1691036923538494e-04  +6.0059543748034561e-01  +5.8946257734112839e-01  +4.6570768697334664e-01
q[114]: +1.4466869255466268e-04  +6.0021765886665435e-01  +5.9390772157516181e-01  +5.3806056119576273e-01
q[115]: +1.8259629589800676e-04  +6.4327226219610345e-01  +6.2804996511895073e-01  +6.1411450884661178e-01
q[116]: +1.4669003541398147e-04  +7.5975961086153010e-01  +2.5838243345364616e-02  +1.2632494264303547e-02
q[117]: +3.1048757159108726e-04  +7.2935758469856649e-01  +8.1121465787286989e-02  +7.0550363780165382e-02
q[118]: +3.4369628457029376e-04  +7.1461726666830294e-01  +7.9127775888173352e-02  +1.3037829860363602e-02
q[119]: +6.8975084156033340e-04  +7.9277750870825825e-01  +1.2676958400902735e-01  +6.9260042358961452e-02
q[120]: +9.7947513905360028e-04  +7.3857447242089913e-01  +2.0375047874636129e-01  +6.0317146237193350e-02
q[121]: +8.8499986071152498e-04  +7.7317592342244645e-01  +2.2397810882772567e-01  +1.6678841898278832e-01
q[122]: +3.8102982616447419e-04  +7.3925231968671168e-01  +1.8018309849879119e-01  +1.7023782617975128e-01
q[123]: +3.5592505483981053e-04  +7.4318760013036733e-01  +2.3012596520918907e-01  +1.1259034318876530e-02
q[124]: +1.1811282369078094e-03  +7.7992296011986106e-01  +2.9062102089299768e-01  +1.4427814289875385e-01
q[125]: +4.8026037203381916e-04  +7.4740802277645246e-01  +3.4023921726408124e-01  +1.1690053785498755e-02
q[126]: +9.3144731502333344e-04  +8.0183811619917156e-01  +3.2778291580515484e-01  +6.0862567580708279e-02
q[127]: +1.2955872112097990e-03  +7.4987835944721148e-01  +3.9165404433390338e-01  +2.4925043468320160e-01
q[128]: +1.1544785546082834e-03  +7.4100084888952200e-01  +3.4367749121165420e-01  +2.8199300432188512e-01
q[129]: +4.7436081505882382e-04  +7.6345912030116514e-01  +3.1651320721763082e-01  +3.0423377434892490e-01
q[130]: +4.1517239347679379e-04  +8.2312157918153162e-01  +4.9820645747145598e-01  +1.2535434407937522e-02
q[131]: +1.0436404850482999e-03  +7.4689602921403053e-01  +4.4986619025018293e-01  +5.9451390650931378e-02
q[132]: +1.3829610324362655e-03  +7.6941862012891515e-01  +4.0026829823446741e-01  +1.4747010317943007e-01
q[133]: +1.3081825750599549e-03  +7.3905146384007869e-01  +5.0598680934418760e-01  +3.6449785367419885e-01
q[134]: +5.1456862584775890e-04  +7.4127541123083918e-01  +4.3998135057356680e-01  +4.2877125643023239e-01
q[135]: +2.2988285028741813e-04  +7.4263874389000917e-01  +5.2232777535628994e-01  +7.4191135695621966e-03
q[136]: +6.5880079209078963e-04  +7.5590885152065734e-01  +5.8426210970425452e-01  +4.5343602171244182e-02
q[137]: +1.4194987333789831e-03  +7.5597047723089461e-01  +5.1085480434990316e-01  +1.3978408414370472e-01
q[138]: +1.6154011964010636e-03  +7.4747830527624137e-01  +4.9886154887740625e-01  +2.5049276023527040e-01
q[139]: +9.7285691284465102e-04  +7.6837304214559898e-01  +4.9824852908032990e-01  +4.3746437553873785e-01
q[140]: +3.2527279999794532e-04  +7.3668373316523672e-01  +6.0756047047900708e-01  +1.0981997812444303e-02
q[141]: +1.0423649643246100e-03  +7.6374162577047511e-01  +6.2284706587292837e-01  +1.1620023293213300e-01
q[142]: +1.3157609268126614e-03  +7.6303365863091666e-01  +6.2187587449079451e-01  +2.2132820888447360e-01
q[143]: +1.3307264344110828e-03  +7.4739416857087493e-01  +6.0980448959185596e-01  +3.2762613584111683e-01
q[144]: +1.0705845341340010e-03  +7.7473651946852329e-01  +6.2794005245288098e-01  +4.4374876507272587e-01
q[145]: +9.2917635286397121e-04  +7.5788074847760956e-01  +6.0740435172430940e-01  +5.2634634933141922e-01
q[146]: +5.5553477497357880e-04  +7.5414645749008302e-01  +5.8360715905347005e-01  +5.6903263886661926e-01
q[147]: +2.1206799121230378e-04  +7.6145644653096389e-01  +7.1413207923347921e-01  +9.5205748962830655e-03
q[148]: +6.4453326709292935e-04  +7.8656171481939552e-01  +7.1535843944874045e-01  +5.5635381001535082e-02
q[149]: +9.1323498264802455e-04  +7.3837895658753916e-01  +6.8136725693364786e-01  +1.4694511648859082e-01
q[150]: +9.0120416085470061e-04  +7.7236668491491600e-01  +7.1947356973619181e-01  +3.1265774549052494e-01
q[151]: +9.8800845631202318e-04  +7.3933994883531973e-01  +6.8362938468003265e-01  +4.1778110702384719e-01
q[152]: +1.0102571777708775e-03  +7.4029516755128322e-01  +6.7656107441216295e-01  +5.3252640265539919e-01
q[153]: +6.3067567234248467e-04  +7.7836333078886244e-01  +7.1108382855596608e-01  +6.6264647647864039e-01
q[154]: +2.1247131808747283e-04  +7.4638911483236869e-01  +6.7562317340074551e-01  +6.6859401897546167e-01
q[155]: +1.1773087293915911e-04  +7.3012494759674984e-01  +7.2261507627550881e-01  +1.6800689419778535e-02
q[156]: +3.1434759459739289e-04  +7.3953855171440153e-01  +7.2842672511693274e-01  +8.3876574579836369e-02
q[157]: +4.1778010432858746e-04  +7.4862833383236072e-01  +7.3683363000273350e-01  +1.8824733943801356e-01
q[158]: +3.7859275872901220e-04  +7.4094309179336104e-01  +7.3003035644686598e-01  +2.9389226860688450e-01
q[159]: +4.1100206606012389e-04  +7.5531105644826080e-01  +7.4572538338225303e-01  +4.2013059362181482e-01
q[160]: +4.3113966969012376e-04  +7.2424582844013607e-01  +7.1274179501081381e-01  +5.3191258835480859e-01
q[161]: +3.5790716723608167e-04  +7.3995574213470783e-01  +7.2754298882997182e-01  +6.5073458785051108e-01
q[162]: +1.4141605817793082e-04  +7.7489787404974597e-01  +7.6307959266290593e-01  +7.4925910547554364e-01
q[163]: +3.8593814137803277e-05  +8.8180837348389007e-01  +1.2705492644656024e-02  +1.8813498919376887e-03
q[164]: +2.0309241383052940e-04  +8.5891533575610579e-01  +5.7439089016864717e-02  +4.6926034275871803e-02
q[165]: +2.8000321350326733e-04  +8.5227981219382620e-01  +7.4128240963448319e-02  +1.3593377122153794e-02
q[166]: +4.1059168939287707e-04  +8.5849597073782624e-01  +1.5023643920441740e-01  +1.3676872638842660e-01
q[167]: +3.3883127591328863e-04  +8.0305013322517826e-01  +1.5301148843216528e-01  +1.0788284879648015e-02
q[168]: +7.8015512505110927e-04  +8.6375374623277634e-01  +2.0206789287091628e-01  +5.8610645252239996e-02
q[169]: +9.3151856593563581e-04  +8.8195109511160985e-01  +3.1841376320878811e-01  +1.4796862033151176e-01
q[170]: +7.6699821216950415e-04  +8.7930138642713374e-01  +2.2540291687221595e-01  +1.4690648607474194e-01
q[171]: +4.8746561199791651e-04  +8.5828743275161679e-01  +2.7547363511127904e-01  +2.6113314049573438e-01
q[172]: +4.7961994546391943e-04  +8.6389540651421370e-01  +2.7744646250598370e-01  +1.4547935283547137e-02
q[173]: +6.6577502622961046e-04  +8.8051068889612871e-01  +3.3619762314530188e-01  +7.8951800300306518e-02
q[174]: +1.0175972689203177e-03  +8.6176382757972136e-01  +3.4431081723303558e-01  +2.7116132268311166e-01
q[175]: +3.6210623200851912e-04  +8.6817539357046891e-01  +4.0539294692117361e-01  +1.0347502330584294e-02
q[176]: +4.1096411044627001e-04  +8.7354430484750156e-01  +4.3237287144326664e-01  +1.9346305822065293e-01
q[177]: +1.1762938498840094e-03  +8.6075394413009243e-01  +4.2561858696752947e-01  +2.6175965381347699e-01
q[178]: +3.5445029783078957e-04  +9.3219351195903799e-01  +5.6936963592460621e-01  +1.2335259701123492e-02
q[179]: +9.3863722418918662e-04  +8.5581660105002899e-01  +4.6897617201963032e-01  +5.9551420751169933e-02
q[180]: +1.2496077966904727e-03  +8.7061512967639265e-01  +4.7517257921222811e-01  +1.5117439841509031e-01
q[181]: +1.4008302736734516e-03  +8.5872269723898587e-01  +5.5518582768052860e-01  +2.7973326106525837e-01
q[182]: +1.1459474176806130e-03  +8.4584112562956504e-01  +5.2487094872542417e-01  +3.7656779477827462e-01
q[183]: +9.6059041302164682e-04  +8.5734930954388489e-01  +4.6711784922288918e-01  +4.0808041016179947e-01
q[184]: +4.2808402932520396e-04  +8.6175640987801760e-01  +4.3372198088635894e-01  +4.2209708814442970e-01
q[185]: +3.1156314067802516e-04  +8.6556528280736245e-01  +6.2407626172355102e-01  +1.2229709804262825e-02
q[186]: +8.6007193711650973e-04  +8.4928380666354242e-01  +6.1336439146055843e-01  +6.1693035764773904e-02
q[187]: +1.1689779731081959e-03  +8.6895817011934839e-01  +5.9451929783820012e-01  +1.3826796724327894e-01
q[188]: +1.1651855008844314e-03  +8.5539257064337026e-01  +6.3654741009917526e-01  +2.4352867951087515e-01
q[189]: +1.3437208660457521e-03  +8.6166881242087812e-01  +6.5817384269245616e-01  +4.0235457193990137e-01
q[190]: +8.6978206124375165e-04  +8.7256839486945359e-01  +6.2551552873837024e-01  +4.8757369891769603e-01
q[191]: +7.3871170810376136e-04  +8.6469937647840889e-01  +6.2386750989117168e-01  +5.6612294310855438e-01
q[192]: +4.1893272564891444e-04  +8.5828918741908755e-01  +5.7783135384209472e-01  +5.6686129739685920e-01
q[193]: +2.8879215814325664e-04  +8.5704800665762426e-01  +7.2093874817251657e-01  +1.0068307589385879e-02
q[194]: +6.1733157919940398e-04  +8.7757434593833994e-01  +7.5305251218672242e-01  +5.7498360694752171e-02
q[195]: +1.0741277213826006e-03  +8.6999022395309833e-01  +7.2550312421209173e-01  +1.4455335890003057e-01
q[196]: +7.1548326286937052e-04  +8.8904259320767642e-01  +7.3894776130291828e-01  +2.5909691785137828e-01
q[197]: +1.2129233094916505e-03  +8.6056868245440954e-01  +7.4066482422797530e-01  +3.7157647975530667e-01
q[198]: +9.9017745323744634e-04  +8.6430430272352987e-01  +7.2113040000882866e-01  +5.7310283519325111e-01
q[199]: +5.8452027146144137e-04  +8.5915065871220575e-01  +7.2223720306989769e-01  +6.6265642822561044e-01
q[200]: +3.2876069534593111e-04  +8.6780954410864108e-01  +7.2609604565410713e-01  +7.1547992400168170e-01
q[201]: +2.0769398369115734e-04  +8.7858027073045619e-01  +8.2487681070988328e-01  +1.2996361368538973e-02
q[202]: +2.7628234261182257e-04  +8.4721708852882072e-01  +8.3097228065748518e-01  +5.0260591011094168e-02
q[203]: +6.9707888073416004e-04  +8.5782091674408045e-01  +8.0823232591741512e-01  +1.2941943511438467e-01
q[204]: +9.9557621624260170e-04  +8.4399120680383344e-01  +7.7075068166848437e-01  +2.4211493426613431e-01
q[205]: +7.9768963274474687e-04  +8.7094722559402693e-01  +8.3097061706150455e-01  +4.2285648216992938e-01
q[206]: +1.0483558592077643e-03  +8.5220754638121121e-01  +7.7295903490313145e-01  +5.1437866597239312e-01
q[207]: +7.3257322941574750e-04  +8.5373846701260336e-01  +7.9894492353302404e-01  +6.6737304781577578e-01
q[208]: +2.0961329891942975e-04  +8.6872227676344616e-01  +8.2077865179869591e-01  +8.0947604824093100e-01
q[209]: +4.6746014791147727e-05  +8.5755131292217812e-01  +8.5077087145353214e-01  +5.6151936539081942e-03
q[210]: +2.1993424734626066e-04  +8.5820010361199961e-01  +8.5210101712432096e-01  +1.4388853253238562e-01
q[211]: +4.6938705932318827e-04  +8.6053032490782810e-01  +8.4363061542037787e-01  +2.5771522394442758e-01
q[212]: +2.5208151364098736e-04  +8.5918794086860317e-01  +8.5308332697855027e-01  +3.7188229655591809e-01
q[213]: +1.3316165499004112e-04  +8.7816789454435440e-01  +8.7500453397049083e-01  +5.2067812646110023e-01
q[214]: +4.7869468326677475e-04  +8.3923948344416799e-01  +8.2116204504015178e-01  +5.5394876613973065e-01
q[215]: +2.8037053576245784e-04  +8.3677460406705328e-01  +8.2668078485206509e-01  +6.6389620842772623e-01
q[216]: +2.6649715887619988e-04  +8.5910035978055554e-01  +8.4514403894981638e-01  +7.8408475167963987e-01
q[217]: +4.3946718393513747e-05  +8.9746974295411563e-01  +8.9405959559303660e-01  +8.8386865407206838e-01
q[218]: +2.5810933430703952e-05  +9.8613476271672273e-01  +2.0282300348291427e-02  +8.8951345669348158e-03
q[219]: +1.0048796020649964e-04  +9.4367728263616857e-01  +3.6568216318511669e-02  +2.3120912133594840e-02
q[220]: +1.3667015184300524e-04  +9.4958792426135008e-01  +7.4259673656021305e-02  +9.5224681105388481e-03
q[221]: +4.2244128242808587e-04  +9.1259447715678832e-01  +1.1946096889261515e-01  +6.1434883416227326e-02
q[222]: +1.6536392317997368e-04  +9.4871607839295280e-01  +1.0364318724828560e-01  +9.3604005888722405e-02
q[223]: +2.6636077379487783e-04  +9.1484604038002437e-01  +1.6262045261547314e-01  +1.0228150735292114e-02
q[224]: +3.4464211953168938e-04  +9.5240182079711688e-01  +1.8506044222301471e-01  +5.3749701485999411e-02
q[225]: +6.5471305948715383e-04  +9.5723607257122301e-01  +2.6992052855196896e-01  +1.3407950052802545e-01
q[226]: +3.2401233998705304e-04  +9.4230854251506058e-01  +1.9044770487024684e-01  +1.4608256479480050e-01
q[227]: +1.6341491350577929e-04  +9.4483171779308739e-01  +2.1978439377319259e-01  +2.1440123246795809e-01
q[228]: +2.2844181177628751e-04  +9.4862734010940419e-01  +2.8771576895319184e-01  +9.9068277804942075e-03
q[229]: +5.1345358227529209e-04  +9.4369750189450852e-01  +2.9338999302639146e-01  +5.6911116191695532e-02
q[230]: +8.7649518323583821e-04  +9.4737413607379406e-01  +4.1526520526103655e-01  +1.5322191596545254e-01
q[231]: +9.4357122580436418e-04  +9.4534678930729854e-01  +3.9181703179369692e-01  +2.5654737655413989e-01
q[232]: +5.0792451575560553e-04  +9.3940634324524375e-01  +2.9507541992692227e-01  +2.4865208300516192e-01
q[233]: +2.6941415658839876e-04  +9.4914683711177461e-01  +4.3101311497116740e-01  +1.2195218829712509e-02
q[234]: +6.5677115269097283e-04  +9.3384393387759201e-01  +4.2709298519751077e-01  +5.7940062202237318e-02
q[235]: +1.1282903330007176e-03  +9.4036301855708571e-01  +5.3229949194588599e-01  +2.7520008083742908e-01
q[236]: +6.5170539119170005e-04  +9.4387220229945101e-01  +4.4403973891240095e-01  +3.9138845887013851e-01
q[237]: +2.5116951291813682e-04  +9.3487380955890742e-01  +3.7101665234719161e-01  +3.6207957278790415e-01
q[238]: +8.4123315545293705e-05  +9.8788214555460496e-01  +5.7009723905232379e-01  +6.2856843774329327e-03
q[239]: +6.6259924378813610e-04  +9.3567039214302172e-01  +5.8207209069048205e-01  +6.3367815824866988e-02
q[240]: +8.8285332207644566e-04  +9.5166714772062200e-01  +5.4675879712324260e-01  +1.3914331087466791e-01
q[241]: +1.0533004523107725e-03  +9.3531395616240487e-01  +5.3510567499633288e-01  +3.9942365372124344e-01
q[242]: +7.1897176941663327e-04  +9.3733963746269366e-01  +6.0816888238703692e-01  +5.4791291499035100e-01
q[243]: +3.1203712365708374e-04  +9.4422385189241664e-01  +5.4377141216098268e-01  +5.3235260448582389e-01
q[244]: +1.5180318598997521e-04  +9.4372699732277354e-01  +7.2317526159823986e-01  +5.5751076286552174e-03
q[245]: +5.3513064047996473e-04  +9.3714726227269773e-01  +7.0737108691195494e-01  +5.1376152639477042e-02
q[246]: +1.0888061984296619e-03  +9.4005356707669629e-01  +6.4469828796762574e-01  +2.4157864525089862e-01
q[247]: +9.5341891061961578e-04  +9.4356324115393764e-01  +7.3665226621729474e-01  +3.6132777504586727e-01
q[248]: +1.0738738636272270e-03  +9.4173502314843360e-01  +6.5546768699974312e-01  +4.1120704167332378e-01
q[249]: +8.9197025811388244e-04  +9.4831713704041087e-01  +7.0799904092468269e-01  +5.6340505233938332e-01
q[250]: +2.9530201508076189e-04  +9.4152784883602669e-01  +6.9965579723644178e-01  +6.8761641224996894e-01
q[251]: +2.3613413437473900e-04  +9.5286841120839672e-01  +8.1156708366361352e-01  +2.8628911577206467e-02
q[252]: +5.9347081778855944e-04  +9.4958657449322059e-01  +8.2084295144587927e-01  +1.1273299503691463e-01
q[253]: +8.6344333182106561e-04  +9.4515750222492834e-01  +7.0356615721784532e-01  +1.4109746222085193e-01
q[254]: +8.4088180375424646e-04  +9.4971654077202516e-01  +7.9630856475439404e-01  +2.4529082302802191e-01
q[255]: +6.6455135742653866e-04  +9.4452410095093409e-01  +8.3353469156487414e-01  +4.0567158580799567e-01
q[256]: +1.0610991759889760e-03  +9.3527272819104890e-01  +7.9102776196567637e-01  +5.2861116421098608e-01
q[257]: +6.9188086577895934e-04  +9.4238940858434672e-01  +8.3051900663969958e-01  +6.8469478659070859e-01
q[258]: +5.7170273877698598e-04  +9.4321480528016122e-01  +7.6739556580793489e-01  +7.0599383047207454e-01
q[259]: +2.0303020531141621e-04  +9.5167577131158498e-01  +8.3941463743679001e-01  +8.2700469169466007e-01
q[260]: +1.2296994955414290e-04  +9.4992265529044351e-01  +8.5761551788301527e-01  +8.5126245316015717e-03
q[261]: +4.1255862956665108e-04  +9.3181853242525770e-01  +8.7916563936929337e-01  +6.3936214825666984e-02
q[262]: +6.3300608887848734e-04  +9.3795602927366839e-01  +8.7253912124037725e-01  +1.9331050252563270e-01
q[263]: +7.2052980048316936e-04  +9.3253006824096130e-01  +8.7411482492167247e-01  +3.2910288900955659e-01
q[264]: +5.8060032435329706e-04  +9.4854541233598044e-01  +8.8807484230848921e-01  +5.2423696569535272e-01
q[265]: +5.2732392489324923e-04  +9.2141735117368739e-01  +8.7570455194282504e-01  +6.3774884333125670e-01
q[266]: +3.4799743781554419e-04  +9.4884266526961614e-01  +9.1700116528410125e-01  +7.7958791896865542e-01
q[267]: +4.4764932689088052e-04  +9.1096244987975450e-01  +8.4335450193004813e-01  +7.8485396355070414e-01
q[268]: +1.0417383552096667e-04  +9.5530048878103957e-01  +9.2184114166130460e-01  +9.1023424593022195e-01
q[269]: +9.6928413317231898e-05  +9.4978933370981700e-01  +9.3235958107292605e-01  +1.3361873105517532e-02
q[270]: +6.5143560679689427e-05  +9.2874260509179341e-01  +9.2721327813696819e-01  +5.7077888450206865e-02
q[271]: +2.5087624170650597e-04  +9.4562494514847439e-01  +9.2978306102572383e-01  +1.3284296763759751e-01
q[272]: +2.5089668065974018e-04  +9.3951195851573877e-01  +9.2881724704011770e-01  +2.4932837318283035e-01
q[273]: +2.7810951581865273e-04  +9.4971830316145422e-01  +9.3884342268209853e-01  +3.9876826523710035e-01
q[274]: +2.7265509064147578e-04  +9.4194707932817168e-01  +9.2752139569797076e-01  +5.3199350813969415e-01
q[275]: +1.9227234188916271e-04  +9.3672314179934069e-01  +9.2974367292716342e-01  +6.6983939321753738e-01
q[276]: +1.1407061348674382e-04  +9.1178923347399965e-01  +9.0754980520578155e-01  +7.6611706392627787e-01
q[277]: +1.3949320747012637e-04  +9.4874848889895003e-01  +9.3675681892740259e-01  +8.8118107780815513e-01
q[278]: +1.5814477043721655e-05  +9.8617073012126699e-01  +9.8298936713970042e-01  +9.7326639474183296e-01
q[279]: +5.6642603859139922e-05  +9.9199944313011035e-01  +7.2630841600109755e-02  +5.9781258109989778e-02
q[280]: +4.1509031101969651e-05  +9.9496831602800784e-01  +7.6346337625363359e-02  +1.1875633703742564e-02
q[281]: +1.9004326060375316e-04  +9.8173479778877137e-01  +1.1928158985628418e-01  +5.8036786048134906e-02
q[282]: +7.5309152064192544e-05  +9.9138908728112562e-01  +1.7241745146343443e-01  +1.6235562277539267e-01
q[283]: +1.5196614254678388e-04  +9.8449145933968207e-01  +1.7208620990706827e-01  +1.3321745480441769e-02
q[284]: +1.1995966541424882e-04  +9.9691354163026502e-01  +2.1080475600197049e-01  +7.4701551858951595e-02
q[285]: +2.1596579006267737e-04  +9.9361068238383876e-01  +3.2574533898694230e-01  +1.8499982269086207e-01
q[286]: +2.2076150290282939e-04  +9.8774199796900908e-01  +2.0212385077058090e-01  +1.4590067194035025e-01
q[287]: +1.6056068226961913e-04  +9.8868426599572035e-01  +3.0464720359468278e-01  +2.8756710579479522e-01
q[288]: +1.1420616722700496e-04  +9.9124075844559145e-01  +2.9761568620983675e-01  +1.4596351735568384e-02
q[289]: +2.6661438348359040e-04  +9.8828127249195785e-01  +3.0969683201431086e-01  +7.2188211910294356e-02
q[290]: +2.7575996646580071e-04  +9.8711757437571834e-01  +3.3671507713234883e-01  +2.6353214936177755e-01
q[291]: +1.1256859520529629e-04  +9.9089625485418342e-01  +4.3363867765265818e-01  +1.3275353044612911e-02
q[292]: +3.4469375375357521e-04  +9.8678352623346333e-01  +4.3621352078401199e-01  +6.8154201719317131e-02
q[293]: +3.7951519246132609e-04  +9.8911362639402567e-01  +4.1728421651999759e-01  +1.6622489240541313e-01
q[294]: +4.8537416503856420e-04  +9.8837413832240195e-01  +4.9102024698113217e-01  +2.9828305013429196e-01
q[295]: +2.4839040415676776e-04  +9.9045197131720919e-01  +4.5925586969232240e-01  +3.6740300084435995e-01
q[296]: +1.8289014229897420e-04  +9.8937548297744549e-01  +4.7159537834776077e-01  +4.3698657530262736e-01
q[297]: +7.0766871885380930e-05  +9.8528055754444344e-01  +4.1369884625119918e-01  +4.0865448954065603e-01
q[298]: +3.3544262840410331e-04  +9.8709238177637693e-01  +5.7788241046338895e-01  +5.1361262001159251e-02
q[299]: +2.7072717289874313e-04  +9.9328719481365835e-01  +5.4258943101128498e-01  +1.4645904103813928e-01
q[300]: +5.4471130649273714e-04  +9.8780524325683938e-01  +5.9392098470594468e-01  +2.5924146945745685e-01
q[301]: +4.5766132214191400e-04  +9.8913079365731393e-01  +6.4899610136453723e-01  +4.1547763854283731e-01
q[302]: +3.9987861857062641e-04  +9.8582045235276905e-01  +5.8715070354570675e-01  +4.6094666556798425e-01
q[303]: +2.7561997972124261e-04  +9.8816382538588454e-01  +6.1889554930304314e-01  +5.6211652844007465e-01
q[304]: +8.0179628785111522e-05  +9.9033668820648646e-01  +5.6053539234126615e-01  +5.5163694651956074e-01
q[305]: +1.7054454391321523e-04  +9.8682062401416260e-01  +7.0129357127277603e-01  +1.6186993522227310e-02
q[306]: +2.9301469719713566e-04  +9.8836582418349916e-01  +7.4137981844074574e-01  +7.2292217586700347e-02
q[307]: +3.5537288332570041e-04  +9.8934045873918908e-01  +6.6898341694168761e-01  +1.3383138863757921e-01
q[308]: +4.6575464092451634e-04  +9.8875577645393409e-01  +7.2920135874614422e-01  +2.4074010245379696e-01
q[309]: +4.4783345242437403e-04  +9.8937881264139993e-01  +7.3617598682848051e-01  +3.7297392154789610e-01
q[310]: +4.8779676508923700e-04  +9.8712200919219462e-01  +7.9461157331371179e-01  +5.3712995715974665e-01
q[311]: +2.8956663968392502e-04  +9.9178640362332993e-01  +7.2641215411971738e-01  +5.8055237774889656e-01
q[312]: +2.7218718835371995e-04  +9.8714915655521773e-01  +7.5367212427614261e-01  +6.9105365978384592e-01
q[313]: +1.2124688714139248e-04  +9.8868116307178089e-01  +6.9509892696073194e-01  +6.8296011477181484e-01
q[314]: +6.9776680534668105e-05  +9.9321800848902997e-01  +8.3167571151113684e-01  +1.0074531480231566e-02
q[315]: +1.9140474372040460e-04  +9.8986953898666041e-01  +8.5410829501590813e-01  +6.2837987892043839e-02
q[316]: +3.6185472945726439e-04  +9.9085875937512957e-01  +8.2928549116453609e-01  +1.6857339195461554e-01
q[317]: +3.8005721074376217e-04  +9.8974766081596965e-01  +8.4744012534097402e-01  +3.2563266589517315e-01
q[318]: +3.7669094025994326e-04  +9.8872608408763862e-01  +8.5555797166426795e-01  +4.6370217020295645e-01
q[319]: +2.5622460464249980e-04  +9.8868122299547712e-01  +8.9661284347531089e-01  +6.4079448691649066e-01
q[320]: +3.1263480061079245e-04  +9.8932761139127623e-01  +8.4893999753611971e-01  +7.0428507985863442e-01
q[321]: +9.1690543768024475e-05  +9.9468506808464441e-01  +8.6134062759974916e-01  +8.0493482966626262e-01
q[322]: +9.0415219448995685e-05  +9.8991429187961766e-01  +8.2528444150885605e-01  +8.1403695178998337e-01
q[323]: +6.1825529735248300e-05  +9.9006398662767625e-01  +9.3416725307762016e-01  +1.2322509124069561e-02
q[324]: +1.2292056187830440e-04  +9.8604677046640832e-01  +9.2443196892812340e-01  +5.8069940600629061e-02
q[325]: +2.3700474307436308e-04  +9.8872385318401368e-01  +9.2866898286108734e-01  +1.4262850082243250e-01
q[326]: +3.1204099746080685e-04  +9.8768454316530330e-01  +9.1700518502231365e-01  +2.6529393387780920e-01
q[327]: +3.2915138898794409e-04  +9.8697312276889793e-01  +9.3753718966452437e-01  +4.1774522260820968e-01
q[328]: +1.6585421864126045e-04  +9.9354931666559920e-01  +9.3593304595636828e-01  +5.6375699079553832e-01
q[329]: +2.1069292771870826e-04  +9.7329094280691997e-01  +9.1259322674457544e-01  +6.6987555247077357e-01
q[330]: +1.5139021524236638e-04  +9.9320098028366199e-01  +9.4797005078438179e-01  +8.0016684102559177e-01
q[331]: +2.5858086211780174e-04  +9.7807204887927679e-01  +9.0139740460640883e-01  +8.3663360613969318e-01
q[332]: +4.4908844638749544e-05  +9.9504704506431418e-01  +9.3771666081032556e-01  +9.2568394659919540e-01
q[333]: +9.8471593735481898e-06  +9.9402354055303388e-01  +9.8905371609651216e-01  +8.4053049775951356e-03
q[334]: +8.2806975600004015e-05  +9.8733749880963539e-01  +9.7401036361682414e-01  +6.0985502575013700e-02
q[335]: +7.3322955691121076e-05  +9.9052138707729986e-01  +9.8149796406693746e-01  +1.5973494589166370e-01
q[336]: +1.5711645025989917e-04  +9.8738045960566623e-01  +9.7171135841422684e-01  +2.7799874366699034e-01
q[337]: +5.2830614315223569e-05  +9.9453265355960796e-01  +9.8865684246337160e-01  +4.1709903581399871e-01
q[338]: +1.3397119476512003e-04  +9.8738848376246757e-01  +9.7664884408758001e-01  +5.6673152965068663e-01
q[339]: +1.5924254175954302e-04  +9.8777664552397837e-01  +9.7270236469972071e-01  +7.0891380657122782e-01
q[340]: +5.4387256818669805e-05  +9.8459355355570533e-01  +9.8298153386728704e-01  +8.3944235717265148e-01
q[341]: +6.5657020432179818e-05  +9.9259850920169757e-01  +9.7472819111206965e-01  +9.1637207815403043e-01

