Gauss-Jacobi alf=2.000000 bet=1.000000 weights/abscissas
deg: 19
dim: 1
nodes: 10
1.145035651710986938e-04 4.525081958486947692e-02
1.076446170968270140e-03 1.184455779990263996e-01
4.057542094690963323e-03 2.173833712449593503e-01
9.339862654615118179e-03 3.353822514979459268e-01
1.520767817150352544e-02 4.644133258633791339e-01
1.856416357840884671e-02 5.956873582213465523e-01
1.717143401127353003e-02 7.202597749252012127e-01
1.163069511127424321e-02 8.296415749392542782e-01
5.146614229767666575e-03 9.163776144339242924e-01
1.024393745660025657e-03 9.745496356379195202e-01
