Gauss-Jacobi alf=2.000000 bet=2.000000 weights/abscissas
deg: 19
dim: 1
nodes: 10
8.777941291774467531e-05 4.194461189659824674e-02
7.776905469211274624e-04 1.100165030278771050e-01
2.684424629761454715e-03 2.025183770759896862e-01
5.481605228963672312e-03 3.136940906504464555e-01
7.635166848102679753e-03 4.365700349568298888e-01
7.635166848102661538e-03 5.634299650431702222e-01
5.481605228963665373e-03 6.863059093495534890e-01
2.684424629761452546e-03 7.974816229240102583e-01
7.776905469211294140e-04 8.899834969721228672e-01
8.777941291774456688e-05 9.580553881034017394e-01
