efficiency: 0.954545
deg: 8
dim: 3
nodes: 44
q[0]:  +4.0639773885180783e-04  +6.8642883912122504e-02  +5.8747040124114164e-02  +3.7174529977872808e-02
q[1]:  +2.4296004199669367e-03  +2.6292016140565594e-01  +7.8325889809914062e-02  +4.2846118217894504e-02
q[2]:  +6.0546730921967433e-03  +5.1340188678851628e-01  +2.4791702694083947e-01  +4.7210727167703671e-02
q[3]:  +2.0320306047695441e-03  +2.4889797160171978e-01  +1.8498509583285538e-01  +2.2616687726869648e-02
q[4]:  +2.5632043308635526e-03  +3.6562054755224593e-01  +3.4719779598745060e-01  +1.2206208420541997e-01
q[5]:  +3.6135247297118260e-03  +2.9511022848370344e-01  +2.3539076588256375e-01  +1.8741012934889181e-01
q[6]:  +2.4010325437546884e-03  +5.5157298619498840e-01  +6.8017159396828591e-02  +2.0908720268145071e-02
q[7]:  +5.3260627959354412e-03  +5.2346374577681642e-01  +2.0959994911472513e-01  +1.7065775056590005e-01
q[8]:  +3.5506836038688948e-03  +5.5785809196618896e-01  +4.2799378597129434e-01  +5.5859429664101866e-02
q[9]:  +8.0949249350656532e-03  +5.4787703022493817e-01  +4.0212178206096999e-01  +2.1105556692828165e-01
q[10]: +4.8378071277893307e-03  +5.8260556235591310e-01  +4.3426804947437825e-01  +3.9912966518707577e-01
q[11]: +1.2558177800690239e-03  +5.1127747087913766e-01  +4.7736589610368513e-01  +7.6852204250301998e-03
q[12]: +4.7264909576757285e-03  +6.4511859259483084e-01  +6.0589813452335273e-01  +1.5299432707627689e-01
q[13]: +4.5247430474996625e-03  +6.1410397436002018e-01  +5.8730054209373039e-01  +3.8995788802969866e-01
q[14]: +1.2043298176330757e-03  +4.8052159641018144e-01  +4.7140965935590229e-01  +4.3672479285046600e-01
q[15]: +2.0275612264161894e-03  +8.4303382134511773e-01  +7.8488675065647648e-02  +3.0235386498513900e-02
q[16]: +7.0061879216112531e-03  +7.8141404530213787e-01  +2.7978353126627714e-01  +4.8742911079026577e-02
q[17]: +9.8898710018578920e-03  +7.7621515142340869e-01  +4.0185600076715505e-01  +2.3608591104742524e-01
q[18]: +3.9838523176095198e-03  +7.5850793069286992e-01  +1.7708307951032301e-01  +1.4118856776144678e-01
q[19]: +4.5937606908602489e-03  +8.2113043348289150e-01  +4.4025938706458334e-01  +4.1240947380535820e-01
q[20]: +2.8751341216527531e-03  +7.6381056918246737e-01  +5.1806402890984116e-01  +8.2008835270537487e-03
q[21]: +1.0600105739563860e-02  +8.1541025906571463e-01  +5.9388388618460564e-01  +1.4821774934180157e-01
q[22]: +8.0778351722714699e-03  +7.9075732101795571e-01  +6.3990361705637466e-01  +4.0159150835123608e-01
q[23]: +4.1436608392956967e-03  +8.1833604958227324e-01  +6.4252130076989911e-01  +5.6891598438237034e-01
q[24]: +3.4114717394676409e-03  +8.1177186775003340e-01  +7.6592382741985654e-01  +5.0967090302051335e-02
q[25]: +4.9098796774971259e-03  +8.3927728150985925e-01  +8.0228839653822448e-01  +3.2066519216775963e-01
q[26]: +5.1758408640879506e-03  +9.5666399975017513e-01  +7.9785288025370649e-01  +4.0254107663601263e-01
q[27]: +3.5391226982821595e-03  +8.7764436709384697e-01  +8.4846203080495886e-01  +6.1780269893496409e-01
q[28]: +2.9522890360060661e-03  +7.6933322097721712e-01  +7.2513290439708011e-01  +6.8024829681600629e-01
q[29]: +4.8465236294168291e-04  +9.8163476224843504e-01  +6.4858297936356168e-02  +5.1291375486193710e-02
q[30]: +2.7535233935971739e-03  +9.6201756997986532e-01  +2.2247041653857752e-01  +4.7284336639898880e-02
q[31]: +6.6077190895626418e-03  +9.5547409719876575e-01  +4.7588627220669288e-01  +2.2568699783378038e-01
q[32]: +3.9239638979057410e-03  +9.4785416786408339e-01  +2.7637961918690840e-01  +2.2385770554745954e-01
q[33]: +3.7478082525673152e-03  +9.5245272611691589e-01  +4.9179875475767487e-01  +4.0815584319936420e-02
q[34]: +1.9129937494180031e-03  +9.7870297826082009e-01  +5.3868403649741647e-01  +4.9941875248185408e-01
q[35]: +2.6246856883696233e-03  +9.5543554436852873e-01  +7.7943933325838499e-01  +3.8330016899213663e-02
q[36]: +3.4603098799316449e-03  +9.7387787476157373e-01  +7.1680405502246025e-01  +1.8603874171975307e-01
q[37]: +5.3783925402050474e-03  +9.5358730605826925e-01  +6.6748727814407227e-01  +4.9881039878591110e-01
q[38]: +2.0075264951065499e-03  +9.4948620468533407e-01  +7.8906720547955655e-01  +7.6577662530763480e-01
q[39]: +3.9694313278795801e-04  +9.7581491138061938e-01  +9.6099950943302459e-01  +2.6720576681696896e-02
q[40]: +3.1709954635068321e-03  +9.5627934053927888e-01  +9.0680837795518621e-01  +1.9143343762936771e-01
q[41]: +1.1615567097475097e-03  +9.8779839310544160e-01  +9.6608751360582257e-01  +5.0726332062015478e-01
q[42]: +2.2554465802295874e-03  +9.7757228029274557e-01  +8.9886325960755231e-01  +7.3780728252707684e-01
q[43]: +5.7225285865762079e-04  +9.5201281678814309e-01  +9.4636936848982478e-01  +9.0817695277035337e-01

