Gauss-Jacobi alf=3.000000 bet=1.000000 weights/abscissas
deg: 23
dim: 1
nodes: 12
5.416256108136844683e-06 4.783342269075149811e-02
8.323049762944255035e-05 1.095436873290389496e-01
4.782933655129858953e-04 1.890458082268003381e-01
1.613530258224201092e-03 2.827958663419581353e-01
3.789777370879789803e-03 3.864504290482438931e-01
6.716492078149509555e-03 4.951766887176132781e-01
9.335275884837368823e-03 6.038967533028199997e-01
1.030132509408003723e-02 7.075299621290496166e-01
8.918099471748213922e-03 8.012320916758994827e-01
5.782747589432530970e-03 8.806224288527326749e-01
2.488452813395898317e-03 9.419884234138086176e-01
4.873593200018988200e-04 9.824558668427120223e-01
