Gauss-Jacobi alf=2.000000 bet=1.000000 weights/abscissas
deg: 17
dim: 1
nodes: 9
1.894261020114181644e-04 5.373079999896357428e-02
1.717734220908451528e-03 1.399445425657247499e-01
6.128633068888299229e-03 2.549779701651805341e-01
1.304958059820375896e-02 3.895842888478727728e-01
1.907069379787430796e-02 5.328735848235990336e-01
2.000175409774911442e-02 6.732421882143062586e-01
1.479462882398804684e-02 7.993198364807724277e-01
6.947558431358030404e-03 9.008917880920478405e-01
1.433324192351851387e-03 9.697207150972473322e-01
