Gauss-Jacobi alf=3.000000 bet=1.000000 weights/abscissas
deg: 21
dim: 1
nodes: 11
9.426967332158980663e-06 5.508163774497140674e-02
1.408830921073206985e-04 1.257168729918060890e-01
7.783611631731243014e-04 2.159509127991412480e-01
2.491220818972093853e-03 3.211204680934255928e-01
5.463398177585539542e-03 4.356026677611524178e-01
8.859089745735590146e-03 5.532420783798173147e-01
1.095877570489850461e-02 6.677037836680166372e-01
1.032839909026788024e-02 7.728205515857856645e-01
7.125708894975218630e-03 8.629271328527192697e-01
3.201069128803131318e-03 9.331658945969876218e-01
6.436672161494192204e-04 9.797449226030998659e-01
