Gauss-Jacobi alf=3.000000 bet=1.000000 weights/abscissas
deg: 19
dim: 1
nodes: 10
1.706998229178256386e-05 6.410056988214951623e-02
2.463129379916020835e-04 1.456825536770563478e-01
1.294600834595774352e-03 2.487912550275853951e-01
3.873239880620737898e-03 3.671842853244387528e-01
7.768388142696154575e-03 4.934778643897674288e-01
1.118805544721121308e-02 6.197558511251813895e-01
1.177632710800505245e-02 7.380920598159738111e-01
8.796047253310177935e-03 8.410548413830541969e-01
4.172631739050683929e-03 9.221756771182444412e-01
8.673266742267778931e-04 9.763517089232154333e-01
