efficiency: 0.975904
deg: 16
dim: 3
nodes: 249
q[0]:   +1.2600839891225937e-05  +1.7025866299276333e-02  +1.1361721799482784e-02  +7.0720312271832916e-03
q[1]:   +1.5455392204562633e-04  +9.7757956676580410e-02  +8.0926569639737378e-02  +6.3117927014193109e-02
q[2]:   +1.5131523051090486e-04  +9.6080125405570163e-02  +7.7246974958108408e-02  +1.3804945355994544e-02
q[3]:   +1.4368614409134654e-04  +1.0082505024751272e-01  +3.0072905655787553e-02  +1.6127119618399615e-02
q[4]:   +3.3965477054193895e-04  +1.9552650698815954e-01  +9.0676906641457736e-02  +1.4185652027736990e-02
q[5]:   +3.2153135284643708e-04  +1.8873663185584982e-01  +1.0808012694692445e-01  +9.2622468089441759e-02
q[6]:   +5.3915228979571606e-04  +2.0877424669778277e-01  +1.5826300729159484e-01  +7.0182349392288249e-02
q[7]:   +1.2157269243074774e-04  +1.9039412728140720e-01  +1.7596220746060381e-01  +1.6666919575877356e-01
q[8]:   +1.5832567420307928e-04  +2.0129742364229519e-01  +1.9260387002557142e-01  +1.9822801582379458e-02
q[9]:   +1.4511478231652629e-04  +1.7583901344477570e-01  +1.7327177083894496e-01  +8.6880148242954897e-02
q[10]:  +6.4768598221979492e-04  +2.7291454948323901e-01  +1.2702731126968297e-01  +6.9273826594959717e-02
q[11]:  +1.8583385012670435e-04  +2.2562370803343210e-01  +2.8930063433901039e-02  +1.0847291485566913e-02
q[12]:  +1.7898032007527683e-04  +2.3476374134322178e-01  +6.2464546348346389e-02  +5.4806056376669882e-02
q[13]:  +3.1463392388463853e-04  +3.3450040219062110e-01  +1.4208299487974496e-01  +1.3791112424844498e-02
q[14]:  +5.7379903610826563e-04  +3.6078920665303171e-01  +1.7601475572773603e-01  +1.6230811077838717e-01
q[15]:  +4.4625938281715304e-04  +2.8480693065269491e-01  +2.3132263644386888e-01  +5.1545719259717453e-02
q[16]:  +3.0556185036199120e-04  +2.8868345084374986e-01  +2.1464942390652061e-01  +2.0258391030715059e-01
q[17]:  +2.0962627216655522e-04  +2.3589384125940904e-01  +1.7999604260929400e-01  +7.5544820062928607e-03
q[18]:  +5.7325368864823069e-04  +2.7303948160137864e-01  +2.2927694605393395e-01  +1.6462766251164468e-01
q[19]:  +2.3739570919227581e-04  +3.4948103422157994e-01  +3.3418604342238872e-01  +1.4854080860369776e-02
q[20]:  +3.6757550501228728e-04  +3.0552890827536422e-01  +2.9313819261962448e-01  +1.0216904286607922e-01
q[21]:  +4.7411159691813562e-04  +3.7482077929022822e-01  +3.6321852564070112e-01  +2.1663932064221061e-01
q[22]:  +1.6649610230057437e-04  +2.5449035913359197e-01  +2.4706194859052014e-01  +1.9709108352071303e-01
q[23]:  +2.3605520147921790e-04  +3.5225767264893004e-01  +3.3492229983145833e-01  +3.2229926605370307e-01
q[24]:  +2.3490383719565423e-04  +3.8854043616976502e-01  +2.8503149721919259e-02  +1.4894389599279700e-02
q[25]:  +4.3130930853353780e-04  +3.5263469016043530e-01  +8.9328540793372518e-02  +1.6112744864229374e-02
q[26]:  +9.0776687896679004e-04  +4.1419421124236960e-01  +1.5079491954792781e-01  +7.9214063457645284e-02
q[27]:  +4.4529455037087051e-04  +3.8018613343790975e-01  +8.8822046530971394e-02  +7.3953535549148477e-02
q[28]:  +5.1540676757211106e-04  +4.9488659568654653e-01  +1.9991116362300129e-01  +1.1703993253982753e-02
q[29]:  +7.1027914563344928e-04  +5.2684969658255032e-01  +2.0066351055086556e-01  +1.8634225540057414e-01
q[30]:  +1.2385017189467044e-03  +3.8288306147837858e-01  +2.3827901965877268e-01  +8.0808352773392475e-02
q[31]:  +5.2054023074797325e-04  +3.6719179990247497e-01  +2.2636597115416082e-01  +1.7390791548091915e-02
q[32]:  +1.2662257050825281e-03  +3.8913507745962544e-01  +2.5321969419865586e-01  +1.7906346902855849e-01
q[33]:  +4.1746046629629805e-04  +4.1030483222780623e-01  +3.1919022761864579e-01  +3.0305883893404156e-01
q[34]:  +4.1139554241547582e-04  +4.0972708668230245e-01  +3.3386748810773786e-01  +1.3135213809013301e-02
q[35]:  +7.8339713059933258e-04  +4.1857884521959043e-01  +3.5210767562290812e-01  +7.3530041836955551e-02
q[36]:  +1.1234765221787985e-03  +3.9597090230735843e-01  +3.3292605311366796e-01  +1.6500996845975308e-01
q[37]:  +9.2448900825287312e-04  +4.3654289251350120e-01  +3.7761982500215158e-01  +3.0525459581894815e-01
q[38]:  +2.7693457503480222e-04  +5.1821284955993296e-01  +5.0455562851044167e-01  +1.8428197991507838e-02
q[39]:  +3.4728066916583076e-04  +3.9752309718452616e-01  +3.8582247346103726e-01  +7.6635436488066019e-02
q[40]:  +7.6646661441820451e-04  +5.0696104406335296e-01  +4.9279944481619736e-01  +1.9870951709442727e-01
q[41]:  +2.9399424448482014e-04  +4.1004481942468329e-01  +4.0021818887440302e-01  +3.3111175360842948e-01
q[42]:  +2.9047750660228251e-04  +5.6791228677794159e-01  +3.2208168196350445e-02  +1.6703285884651701e-02
q[43]:  +4.6351280759736237e-04  +4.9974961073792074e-01  +8.7179580073391591e-02  +1.3900636745301590e-02
q[44]:  +1.0646300915307422e-03  +5.5995930405173433e-01  +1.4339965804831589e-01  +7.3464437025944865e-02
q[45]:  +1.3962777360560616e-03  +5.2335849886357577e-01  +2.4056219294247727e-01  +6.6586701123201392e-02
q[46]:  +1.4048314465041488e-03  +5.2811529509522082e-01  +2.5559793810431064e-01  +1.8372061312442606e-01
q[47]:  +4.7965337053391998e-04  +5.3973592688375938e-01  +9.5562865213056250e-02  +8.3111610975440578e-02
q[48]:  +4.0836033765315611e-04  +5.8697163737970393e-01  +1.6952919684027876e-01  +1.6703105897373897e-02
q[49]:  +1.1630469764979578e-03  +6.9200653896899722e-01  +2.9003754080205701e-01  +1.6435846042411542e-01
q[50]:  +6.1964508406918135e-04  +5.2301177793129516e-01  +3.1952821405425752e-01  +1.5325668647929681e-02
q[51]:  +8.5297071863655216e-04  +5.6663584091812813e-01  +2.9661039222766411e-01  +1.4901182837770352e-01
q[52]:  +7.6752987418229771e-04  +5.1584999011608723e-01  +3.2258207042350129e-01  +3.0698504172841101e-01
q[53]:  +4.4699300289145267e-04  +5.7178474942619451e-01  +4.2789879558270350e-01  +1.6750264006802296e-02
q[54]:  +1.9237906855763326e-03  +5.4207532123698732e-01  +3.7802864426724786e-01  +1.9122575464961403e-01
q[55]:  +2.3780990178769981e-04  +5.5568590958029840e-01  +4.8826421909962514e-01  +6.5729733514712577e-03
q[56]:  +1.6606016789143681e-03  +5.4827956246795817e-01  +3.8031488606022928e-01  +8.2597465498812542e-02
q[57]:  +1.4432436140723766e-03  +5.5011688097646871e-01  +4.7724057034107231e-01  +1.6805641357299858e-01
q[58]:  +1.6766235838733513e-03  +5.6419497580220490e-01  +4.0045797395820876e-01  +3.1851215110171788e-01
q[59]:  +4.6473365127169505e-04  +5.3377836968539127e-01  +4.5680722910083960e-01  +4.4400187767334942e-01
q[60]:  +8.3412537198847411e-04  +5.4686327056913042e-01  +4.7705963431393078e-01  +5.9834565525529772e-02
q[61]:  +1.4784993592611144e-03  +5.4882298596076751e-01  +4.7628845136095116e-01  +3.0117605033710698e-01
q[62]:  +1.0085359316454228e-03  +6.0406649684799396e-01  +5.2837003648823466e-01  +4.5755718507233439e-01
q[63]:  +2.6157362159974224e-04  +5.2069198070507594e-01  +5.0602116201782754e-01  +4.8958449426028189e-01
q[64]:  +2.4685333756651717e-04  +6.8363184946659439e-01  +6.6766275995924496e-01  +1.5126146192290219e-02
q[65]:  +5.2976232070901807e-04  +5.4767396496081822e-01  +5.3349768108995366e-01  +9.3306826681933880e-02
q[66]:  +7.0860187364641628e-04  +5.4821437940660311e-01  +5.3386692264303504e-01  +3.4780940506474373e-01
q[67]:  +4.8839431826933901e-04  +5.6234126293603082e-01  +5.4754724852255110e-01  +4.6276474793520622e-01
q[68]:  +2.1561195838657162e-04  +7.3285051331872353e-01  +2.9099448473400829e-02  +1.6179281936287433e-02
q[69]:  +5.1144290498309657e-04  +7.0318418673744465e-01  +9.9443253720048003e-02  +8.5810678651594946e-02
q[70]:  +3.7932754709810553e-04  +6.7271231511816765e-01  +8.6191271197627983e-02  +1.0044258774723105e-02
q[71]:  +9.0338644354472184e-04  +7.1015198037864613e-01  +1.3106890463100399e-01  +6.0099557996075685e-02
q[72]:  +5.3406000912914746e-04  +7.0252595618999547e-01  +1.9807160200600396e-01  +1.5134567841099716e-02
q[73]:  +1.4660019359455676e-03  +6.8720121462908013e-01  +2.4803525068937771e-01  +7.4264690505698339e-02
q[74]:  +1.0998940093703688e-03  +6.7313162187100239e-01  +2.3002776645368914e-01  +1.7074533065051958e-01
q[75]:  +4.0855304306700393e-04  +6.6665969349373744e-01  +2.9237211827931997e-01  +9.0264056598421162e-03
q[76]:  +6.2527355984156729e-04  +7.2103220044194161e-01  +4.6258962761530970e-01  +1.2048229120821249e-01
q[77]:  +1.8510279653134673e-03  +6.8953618960638141e-01  +3.9452503809814909e-01  +1.5618659664986978e-01
q[78]:  +1.5312795234414711e-03  +6.8489120105701073e-01  +3.7022399744850154e-01  +3.2118945840491281e-01
q[79]:  +3.8928834654335250e-04  +6.6813830038310285e-01  +3.4212002695214089e-01  +3.3739979337790205e-01
q[80]:  +2.8604197854895227e-04  +6.7661651558792979e-01  +3.8975996920697487e-01  +7.2605333631661582e-03
q[81]:  +1.4759148376641800e-03  +6.7899139390977414e-01  +3.6659305522069996e-01  +5.2688915031132273e-02
q[82]:  +1.8520691830055012e-03  +7.0187376719916750e-01  +4.1726166875395054e-01  +2.7641312537091928e-01
q[83]:  +8.3511910600376734e-04  +6.6775902955098188e-01  +4.8966647891156057e-01  +4.7310836775976123e-01
q[84]:  +7.3283617790345700e-04  +7.0779388027757628e-01  +5.1517820728851993e-01  +1.7798356373410210e-02
q[85]:  +1.5365286303696119e-03  +7.0313262212135996e-01  +5.3354631483935355e-01  +8.4308046139103698e-02
q[86]:  +2.1128242884509455e-03  +6.9518144862362563e-01  +5.3148211977192206e-01  +2.0223444723260683e-01
q[87]:  +2.1117532365908364e-03  +6.9914239881162654e-01  +5.3360865070766306e-01  +3.3426166502387311e-01
q[88]:  +1.7047571839477846e-03  +7.3247654095533232e-01  +5.4982434268645852e-01  +4.6519758325084970e-01
q[89]:  +3.1861450555084538e-04  +7.0902622343043475e-01  +6.2243321603699819e-01  +9.3187546357672568e-03
q[90]:  +7.2615256898716693e-04  +6.7713363562247963e-01  +6.0445524659718242e-01  +5.3021936875939653e-02
q[91]:  +1.4029212127905236e-03  +6.9007582538196732e-01  +6.1815997136631384e-01  +1.5301166779304928e-01
q[92]:  +1.6659079305305518e-03  +6.8556163246789426e-01  +6.2045477966067586e-01  +3.0829718473862555e-01
q[93]:  +1.5042073608972769e-03  +7.0330334026263186e-01  +6.3025112530021943e-01  +4.6523105785727159e-01
q[94]:  +5.5980084852923781e-04  +7.0256745088969641e-01  +6.3006620437878802e-01  +5.9372585522104437e-01
q[95]:  +1.7288599638398816e-04  +6.9889495457436601e-01  +6.2519021659606278e-01  +6.2334318648270759e-01
q[96]:  +1.6426649976438029e-04  +8.2312244343547347e-01  +8.0651260135248526e-01  +1.2012768054644215e-02
q[97]:  +4.8130877786351520e-04  +6.9693866288952455e-01  +6.8367351632040263e-01  +8.0307880267885962e-02
q[98]:  +7.3618603008372046e-04  +6.7675999534734221e-01  +6.6249706688518450e-01  +2.0031781691626346e-01
q[99]:  +6.4304664486089145e-04  +6.7730016429241557e-01  +6.6573881329321560e-01  +3.3527876262164508e-01
q[100]: +6.8936476729970146e-04  +7.1076613649643117e-01  +6.9642280459816708e-01  +4.9436184682204981e-01
q[101]: +4.4893447519834596e-04  +7.0065097228958717e-01  +6.8662786233663486e-01  +5.9742076959070622e-01
q[102]: +2.4708074264974937e-04  +6.8025943016790458e-01  +6.6565979658301688e-01  +6.4831458665806463e-01
q[103]: +3.5024607198509212e-04  +8.4431932328136461e-01  +8.9425329491471001e-02  +7.6710857211044647e-02
q[104]: +3.2724234186544838e-04  +8.2279608536616555e-01  +7.1457267488555715e-02  +1.3330106965413058e-02
q[105]: +5.0608733495706036e-04  +8.5326237780246561e-01  +1.2356883820075257e-01  +6.3918572898437484e-02
q[106]: +1.9116283425076271e-03  +8.2424060967960477e-01  +3.6033829009510177e-01  +1.8062531205181845e-01
q[107]: +5.2769189493972731e-04  +8.2145272838689976e-01  +1.7150442817337913e-01  +1.3634903159371542e-02
q[108]: +1.1361017947186698e-03  +8.2731504260927446e-01  +2.2562673352492424e-01  +7.2426067967833421e-02
q[109]: +1.1315356323623718e-03  +8.0863647840408670e-01  +2.1982045798558419e-01  +1.4788168685657083e-01
q[110]: +5.9520895794567511e-04  +8.3167921641988174e-01  +2.0397622557255091e-01  +1.8978289981557783e-01
q[111]: +7.7862831944310810e-04  +8.1502859050125764e-01  +3.1973032065807749e-01  +1.6387313516411577e-02
q[112]: +1.4880573707485008e-03  +8.1849808417191905e-01  +3.5731873096479089e-01  +2.8198856063122868e-01
q[113]: +6.3211782602847432e-04  +6.9100977500253069e-01  +2.1277867814884224e-01  +2.0018130295691039e-01
q[114]: +6.8236050496938913e-04  +8.1669380747454312e-01  +4.7093107541637941e-01  +1.3821264078441777e-02
q[115]: +1.5572967486237751e-03  +8.1950238831330358e-01  +3.6515748882734622e-01  +8.1106664391296504e-02
q[116]: +1.6624728054035127e-03  +8.3061533619001704e-01  +5.0909742218320619e-01  +1.6490537286386051e-01
q[117]: +1.2120346035317971e-03  +8.3059702720144057e-01  +4.8700086877846549e-01  +3.3993483287157333e-01
q[118]: +7.5554839802423823e-04  +8.1595373404588467e-01  +3.5065712484558476e-01  +3.3561315968051686e-01
q[119]: +1.3827583477911299e-03  +8.2298544889197156e-01  +5.1597619445877607e-01  +6.9370888829006369e-02
q[120]: +1.9300941492599462e-03  +8.3463259510532817e-01  +6.5081767640184141e-01  +1.7335632425603659e-01
q[121]: +1.5950577628600845e-03  +8.2036041148845540e-01  +5.1274846389406292e-01  +2.6034675278711333e-01
q[122]: +9.5785086991375193e-04  +8.4481768779321187e-01  +5.8397615160037308e-01  +4.0520908397109046e-01
q[123]: +1.3464217618582115e-03  +8.3465461781912176e-01  +5.2247091493864151e-01  +4.5398415401897974e-01
q[124]: +6.8787029035768628e-04  +8.0534648561692246e-01  +5.0599354885065040e-01  +4.9259218387354270e-01
q[125]: +4.6279687633796299e-04  +8.3795071063097604e-01  +6.3907093658139902e-01  +1.0628135032033324e-02
q[126]: +1.1072867947206865e-03  +8.3541772020654559e-01  +6.6296585749825743e-01  +6.4443222967103295e-02
q[127]: +2.0957779943412812e-03  +8.2588964014167310e-01  +6.4583905024659660e-01  +3.1765291372102800e-01
q[128]: +1.6569902677086854e-03  +8.3799747612036579e-01  +6.7197232625345149e-01  +4.8472260226725694e-01
q[129]: +1.0895739422100272e-03  +8.6687402166604843e-01  +6.8838988262054179e-01  +6.0950395943999391e-01
q[130]: +6.7139756318914409e-04  +8.1701511060338927e-01  +6.5589738361194949e-01  +6.3917730568374631e-01
q[131]: +4.0256937288581112e-04  +8.2433390361655423e-01  +7.4156510458878644e-01  +1.7495578390095579e-02
q[132]: +6.9234769764744096e-04  +8.0109892098076363e-01  +7.3204210640339817e-01  +7.4423617416842919e-02
q[133]: +6.6156828204986878e-04  +8.1626379813640382e-01  +8.0084273011811935e-01  +1.7481095326450383e-01
q[134]: +1.5628207717125159e-03  +8.1174404061569116e-01  +7.3431243346740538e-01  +2.6935312475832518e-01
q[135]: +1.5392090598502798e-03  +8.1876333292163583e-01  +7.4073162229877998e-01  +4.3655326534468658e-01
q[136]: +9.7248933259785756e-04  +8.4280827723023111e-01  +7.7503387430759385e-01  +5.9566187704688367e-01
q[137]: +9.4713106652607310e-04  +7.9574570479448348e-01  +7.1493366278135884e-01  +6.3335985834272324e-01
q[138]: +3.8527823400161433e-04  +8.4232719682243118e-01  +7.8521520496161168e-01  +7.6914391349568856e-01
q[139]: +1.1230304718096185e-04  +9.2951476973947722e-01  +9.1326700228761548e-01  +1.3267656360276743e-02
q[140]: +3.5157000722091695e-04  +8.3949930912677373e-01  +8.2568574845544696e-01  +6.5602619036660009e-02
q[141]: +8.9779813305741990e-04  +8.2751335525437086e-01  +7.4613342033905161e-01  +1.4745059204143460e-01
q[142]: +7.5382228445301780e-04  +8.2054409174889698e-01  +8.0550565722093048e-01  +3.2507978438674551e-01
q[143]: +7.2030370945054404e-04  +8.2122437127875025e-01  +8.0567201523337029e-01  +4.7685158978882808e-01
q[144]: +5.3683447965818137e-04  +8.4428403727322154e-01  +8.3089790389953655e-01  +6.5246283724345544e-01
q[145]: +3.4768418766551725e-04  +8.1074400217348808e-01  +7.9406121780729555e-01  +7.2120013449083076e-01
q[146]: +1.1126889392776363e-04  +8.1944877182070275e-01  +8.1108369572470351e-01  +7.9764832694917531e-01
q[147]: +8.1469208736077606e-05  +8.7312818718321228e-01  +1.9019326156255869e-02  +1.3693118148115467e-02
q[148]: +2.1136570825713090e-04  +9.4989894916467699e-01  +7.1594278865574082e-02  +5.6737281816115002e-02
q[149]: +1.6339305569841500e-04  +9.2826330359870524e-01  +5.2157857163477546e-02  +1.1585197155430349e-02
q[150]: +6.4245926207488660e-04  +9.3243280319860800e-01  +1.6445761441932044e-01  +7.7002189628063294e-02
q[151]: +1.0419809342773756e-03  +9.2635832748110014e-01  +3.2933691499795864e-01  +1.5515831049160186e-01
q[152]: +3.6812481710876585e-04  +9.2817301375375494e-01  +1.4594566365090247e-01  +1.5001853344546861e-02
q[153]: +9.0909523939890712e-04  +9.2465168035892054e-01  +2.8574469896231225e-01  +6.4718530432654450e-02
q[154]: +9.0847724126923819e-04  +9.1669016088924060e-01  +2.6327021251679095e-01  +1.8560807529116682e-01
q[155]: +3.9675708550597662e-04  +9.3453320277489249e-01  +1.6983471154924823e-01  +1.5322615652591468e-01
q[156]: +4.0509418588202277e-04  +9.1872257719810113e-01  +2.8138417052033082e-01  +1.1149084168967741e-02
q[157]: +1.0383751283812648e-03  +9.2335179412021395e-01  +4.3962247507481705e-01  +6.0499373376468171e-02
q[158]: +8.1346313237372987e-04  +9.2345874116035875e-01  +3.7998453922920955e-01  +3.1025597703427915e-01
q[159]: +4.6894777090903691e-04  +9.2626536781882296e-01  +3.1276559953575184e-01  +2.9941422886169194e-01
q[160]: +3.9539027413748178e-04  +9.2355218599743560e-01  +4.4832482117397277e-01  +1.0296087596690011e-02
q[161]: +1.5236248619460392e-03  +9.2635880127727954e-01  +4.7226930157401392e-01  +1.6187467911655801e-01
q[162]: +1.5431769266457509e-03  +9.2457690291907102e-01  +4.6588305332481533e-01  +2.8760768704727713e-01
q[163]: +8.7585369627803382e-04  +9.2984026050524338e-01  +5.0651181864390316e-01  +4.2793082262417698e-01
q[164]: +5.7069089895452031e-04  +9.1770345304541989e-01  +4.8016325540539967e-01  +4.6538115730685442e-01
q[165]: +5.2846541827260187e-04  +9.2347549604761670e-01  +6.0729299933667680e-01  +1.6697878758664651e-02
q[166]: +1.0462056296683309e-03  +9.2496823027179420e-01  +6.0176499300554465e-01  +7.9925546282674315e-02
q[167]: +1.3458952537027682e-03  +9.2859465161522425e-01  +6.3245411866186374e-01  +1.8073868735797408e-01
q[168]: +1.7120218644307440e-03  +9.2581895956670790e-01  +6.1467083312070736e-01  +3.0762493231768262e-01
q[169]: +1.3600768919270318e-03  +9.3356098057258863e-01  +6.2856880041024166e-01  +4.5415215300738893e-01
q[170]: +7.8496774888801922e-04  +9.3330722474975869e-01  +6.4043754464541025e-01  +5.7239255931495436e-01
q[171]: +4.5241521992434426e-04  +9.1939518301157086e-01  +6.4448127971090374e-01  +6.3219397250552412e-01
q[172]: +4.0644446315364071e-04  +9.3841665323646528e-01  +7.5899409824825348e-01  +1.7767348669900363e-02
q[173]: +8.8473685630474847e-04  +9.2862707781104259e-01  +7.4713028085229971e-01  +8.6431637864357425e-02
q[174]: +9.1342960814880887e-04  +9.3789939170757319e-01  +7.7564276270740096e-01  +1.8477015803276181e-01
q[175]: +1.3987716502860176e-03  +9.2528598468502055e-01  +7.5243426736713193e-01  +3.0330513964489303e-01
q[176]: +1.4957630692118769e-03  +9.2949904023656482e-01  +7.5609965018117131e-01  +4.5676548082139323e-01
q[177]: +1.0088957196336527e-03  +9.3942024905999955e-01  +7.6521116688696811e-01  +6.0830198111369471e-01
q[178]: +4.2419716870438972e-04  +9.4690907213276054e-01  +7.7798060510865930e-01  +7.2031188827867665e-01
q[179]: +3.2645662932374170e-04  +9.2501734971092908e-01  +7.8903415376036889e-01  +7.7574203495177474e-01
q[180]: +2.1515988310669869e-04  +9.1518395146652176e-01  +8.3272807510222913e-01  +1.0776325447772021e-02
q[181]: +6.8251569266748508e-04  +9.2127340913068445e-01  +8.4989752364459570e-01  +7.0225404831087648e-02
q[182]: +8.9416835597424073e-04  +9.1728568131806942e-01  +8.4559982692281987e-01  +1.8807377505329245e-01
q[183]: +7.6030440160336618e-04  +9.2810136152742095e-01  +8.6036609005371167e-01  +3.2419200919683250e-01
q[184]: +6.4265350792169643e-04  +9.0241254518179348e-01  +8.2470325317044191e-01  +3.8347886679200260e-01
q[185]: +9.2090094364569131e-04  +9.2824021060983619e-01  +8.6001613617937722e-01  +5.1610181739079852e-01
q[186]: +8.2943717267087459e-04  +9.2963784829776974e-01  +8.5201225374171596e-01  +6.4703258825227361e-01
q[187]: +7.5031008977913120e-04  +9.1608634637342690e-01  +8.4343408059619862e-01  +7.6265763972198175e-01
q[188]: +1.6596240146764555e-04  +9.4499238339995040e-01  +8.9379517759932048e-01  +8.7819184394969729e-01
q[189]: +1.1021461473889152e-04  +9.4561790375036803e-01  +9.3370980859342945e-01  +5.0281080487516241e-02
q[190]: +3.3652540849778162e-04  +9.2728782335837912e-01  +9.1353863196417195e-01  +1.3193428126582288e-01
q[191]: +4.6147406757613015e-04  +9.2232896658506447e-01  +9.0890447402715802e-01  +2.6734592747966490e-01
q[192]: +5.0290255230395599e-04  +9.2830307170416171e-01  +9.1487515514693174e-01  +4.3969784083958591e-01
q[193]: +4.3649449967722717e-04  +9.2008213242323988e-01  +9.0703615439188134e-01  +6.0201864999574040e-01
q[194]: +3.8499436793226885e-04  +9.5024237723448379e-01  +9.3404230526514298e-01  +7.6434215181367149e-01
q[195]: +2.4978562985283740e-04  +9.0711449990895110e-01  +8.9493945736250147e-01  +8.2184009731471419e-01
q[196]: +7.9519869721302825e-05  +9.3354807583807597e-01  +9.2334120168350453e-01  +9.1043020564524579e-01
q[197]: +1.7500084335674124e-05  +9.8123377804145884e-01  +5.7955808745163125e-03  +4.1463814868379582e-03
q[198]: +4.9321348016030677e-05  +9.9531311024708224e-01  +7.8269623275636857e-02  +6.8348001931358565e-02
q[199]: +1.3870017065112651e-04  +9.8710075471181935e-01  +7.5591229080392980e-02  +1.9281104781687635e-02
q[200]: +2.9922273072206709e-04  +9.8667231017006229e-01  +1.7197107784657498e-01  +1.0524386086562137e-01
q[201]: +5.8419537787292699e-04  +9.8565843612137960e-01  +3.4312894946026939e-01  +1.6272577981935973e-01
q[202]: +1.1531588134275471e-04  +9.8618653183002958e-01  +1.7238761149909135e-01  +9.2510312278774529e-03
q[203]: +3.4768881188340471e-04  +9.8585964452410213e-01  +2.2186078701805939e-01  +5.9672924195124488e-02
q[204]: +4.6825720977724595e-04  +9.8370910430090874e-01  +3.0241653679341501e-01  +2.2533129575687691e-01
q[205]: +1.5348414680826317e-04  +9.8731607964571400e-01  +1.9929165838275570e-01  +1.8605499769691083e-01
q[206]: +2.4627363711518248e-04  +9.8387595120242899e-01  +3.1760196414519426e-01  +1.5351877015728738e-02
q[207]: +5.0838082167487962e-04  +9.8538584778373750e-01  +3.8533592872601419e-01  +7.9576568495107733e-02
q[208]: +3.2366288806656869e-04  +9.8562966363230542e-01  +4.2645551845238083e-01  +3.4562081020361218e-01
q[209]: +2.2615302603065104e-04  +9.8595233190812093e-01  +3.4681056703598800e-01  +3.3064114189534743e-01
q[210]: +2.7273272272631166e-04  +9.8553370065569967e-01  +4.8230370013196505e-01  +1.7000324254608269e-02
q[211]: +4.8589596975576020e-04  +9.8537549818484860e-01  +5.4114448951869132e-01  +9.2018544191316595e-02
q[212]: +7.1436438462666612e-04  +9.8590332199305108e-01  +5.1637496624483292e-01  +1.9685265451646716e-01
q[213]: +7.1501584448696229e-04  +9.8517751625928940e-01  +4.9092270163478069e-01  +3.0647949011840658e-01
q[214]: +3.7711225329471217e-04  +9.8680095993205874e-01  +5.3228765346924889e-01  +4.5524326756025252e-01
q[215]: +2.4911907715303527e-04  +9.8356900429922667e-01  +5.0187912258274869e-01  +4.8723795624014221e-01
q[216]: +2.0830127289809457e-04  +9.8503563255889215e-01  +6.5201126644232277e-01  +1.2656560576839794e-02
q[217]: +2.8115393622188547e-04  +9.8471380299820066e-01  +6.2721599781129722e-01  +6.3076621962386906e-02
q[218]: +7.2563969984117843e-04  +9.8613751180761944e-01  +6.8008984564605379e-01  +1.8691040287182931e-01
q[219]: +7.9734075827122013e-04  +9.8546158001431672e-01  +6.5885184449107859e-01  +3.2655469816468019e-01
q[220]: +6.5482620927527230e-04  +9.8706811820138973e-01  +6.4786958436927333e-01  +4.5722874680316233e-01
q[221]: +4.1437286749386877e-04  +9.8704830841504498e-01  +6.7233177349252593e-01  +5.8906494249300034e-01
q[222]: +2.4605039475251517e-04  +9.8481595741135319e-01  +6.5905653574731626e-01  +6.4258431197038357e-01
q[223]: +1.5462384093773289e-04  +9.8910213959870008e-01  +8.0795661868193502e-01  +1.5215421813906156e-02
q[224]: +4.4688940354384858e-04  +9.8625450698699879e-01  +7.4978296364579444e-01  +7.9898234635763093e-02
q[225]: +4.9238953353991763e-04  +9.8828450860297623e-01  +8.2564670521949379e-01  +1.8811217692176624e-01
q[226]: +7.4043810386134287e-04  +9.8571050153885131e-01  +7.9885655316793380e-01  +3.3382606829300315e-01
q[227]: +6.8889984619562939e-04  +9.8658181239438991e-01  +7.9313430484640823e-01  +4.9509605671030527e-01
q[228]: +4.7179135823805125e-04  +9.8882348838729506e-01  +7.9854871227643676e-01  +6.3979506450952950e-01
q[229]: +2.8738628160118469e-04  +9.8781537203793179e-01  +8.0533506297365287e-01  +7.5246334942730031e-01
q[230]: +9.2950040807310475e-05  +9.8541420364716559e-01  +7.9885291637845035e-01  +7.9393120978248277e-01
q[231]: +1.4103205822626414e-04  +9.8298873897092531e-01  +9.1715116527928153e-01  +1.4296656618160633e-02
q[232]: +3.4606592042901469e-04  +9.8545044379231972e-01  +8.7963689620303698e-01  +7.6060768101704812e-02
q[233]: +3.6538467027433046e-04  +9.8265214636703668e-01  +9.2336055214560642e-01  +1.6235379039254411e-01
q[234]: +4.5178545040305417e-04  +9.8568278545244892e-01  +9.1108572190949522e-01  +2.9443965931318189e-01
q[235]: +5.1205450994479945e-04  +9.8346146074195473e-01  +9.0066947900870875e-01  +4.3757114318384766e-01
q[236]: +3.4373942200370490e-04  +9.8718379818325364e-01  +9.0427355940638976e-01  +5.6156923343121201e-01
q[237]: +3.9645640882491039e-04  +9.8638730443738232e-01  +9.0711534241063219e-01  +6.8424250975645207e-01
q[238]: +3.7251724003302221e-04  +9.8445741871762704e-01  +9.0575431670469098e-01  +8.0408336927803614e-01
q[239]: +1.3300247224315898e-04  +9.8851079631032390e-01  +9.1219311371192635e-01  +8.9228604022202385e-01
q[240]: +1.1574613995496327e-05  +9.9183933553477599e-01  +9.8710205516265215e-01  +2.4275104086040208e-03
q[241]: +1.2454019167000034e-04  +9.8859860382894182e-01  +9.6933489814955387e-01  +6.1475592671201500e-02
q[242]: +1.2845000419950498e-04  +9.8666077937978158e-01  +9.7599229882703920e-01  +1.7277208993558771e-01
q[243]: +2.2071258250757874e-04  +9.8476528503176997e-01  +9.7048069219800814e-01  +3.1587196494712383e-01
q[244]: +2.3414812608063537e-04  +9.8713972204947897e-01  +9.7064227189681607e-01  +4.7843472599250692e-01
q[245]: +2.6613252357071172e-04  +9.8376989926519687e-01  +9.6807872726989563e-01  +6.4202658785395483e-01
q[246]: +9.0425409628406460e-05  +9.9591249025799733e-01  +9.8141392760763901e-01  +8.0413893602281328e-01
q[247]: +1.5017691352823688e-04  +9.8258512552603505e-01  +9.6741961666510212e-01  +9.0540402787790908e-01
q[248]: +1.5430538886045155e-05  +9.9465128982187068e-01  +9.8353928696595905e-01  +9.7896742214025523e-01

