Gauss-Jacobi alf=2.000000 bet=3.000000 weights/abscissas
deg: 19
dim: 1
nodes: 10
6.875469989207719527e-05 3.909007421328195009e-02
5.790031050522067603e-04 1.027157217871536993e-01
1.854189210365933668e-03 1.895810328908564546e-01
3.420933831754850458e-03 2.946907954974442023e-01
4.179147327338492493e-03 4.119492512030721865e-01
3.541285204357016471e-03 5.345491219359549406e-01
2.066945330717982667e-03 6.553745621727743442e-01
7.812142751395187174e-04 7.674221945252549526e-01
1.631147373788034813e-04 8.642316403023104776e-01
1.207894466978834270e-05 9.403956054718966007e-01
