Gauss-Jacobi alf=3.000000 bet=3.000000 weights/abscissas
deg: 17
dim: 1
nodes: 9
1.571216519312314540e-05 6.494435045007282414e-02
1.881610509217264741e-04 1.476010955109002820e-01
7.598246983684363038e-04 2.520700057984295306e-01
1.597382979930942869e-03 3.720286762166244987e-01
2.020695354028690348e-03 5.000000000000000000e-01
1.597382979930945255e-03 6.279713237833755013e-01
7.598246983684370627e-04 7.479299942015704694e-01
1.881610509217262030e-04 8.523989044890997180e-01
1.571216519312316234e-05 9.350556495499271481e-01
