Gauss-Jacobi alf=3.000000 bet=1.000000 weights/abscissas
deg: 17
dim: 1
nodes: 9
3.234132337991397994e-05 7.551292581920050762e-02
4.461084838774186751e-04 1.706932337639853470e-01
2.197769824128103025e-03 2.893348598306821340e-01
6.017044670983154493e-03 4.229202368087127129e-01
1.070173303525685446e-02 5.616082122985617264e-01
1.306478438108677961e-02 6.951361754474717491e-01
1.083090392379285581e-02 8.136107556540145280e-01
5.513425838144132840e-03 9.082487871842276350e-01
1.195888519350740350e-03 9.720257222840528177e-01
