5 1.687841484408682e-02
5 9.498273165451467e-03
5 1.234781453019011e-02
5 1.234781453019012e-02
5 1.687841484408682e-02
5 9.498273165451467e-03
5 2.253077642504227e-02
5 1.437939923490565e-02
5 1.765668956284117e-02
5 1.765668956284117e-02
5 2.253077642504227e-02
5 1.437939923490565e-02
6 2.259976673556733e-02
6 2.476991962709371e-02
5 1.618984638884313e-02
5 1.900745436717740e-02
5 1.900745436717740e-02
6 2.259976673556732e-02
6 2.476991962709371e-02
5 1.618984638884313e-02
2 2.320962521121302e-02
6 1.647720291166712e-02
6 1.911832581115432e-02
6 1.911832581115432e-02
2 2.320962521121302e-02
6 1.647720291166712e-02
2 2.320962521121302e-02
2 1.647689288639048e-02
2 1.914236323867551e-02
2 1.914236323867551e-02
2 2.320962521121302e-02
2 1.647689288639048e-02
2 2.320962521121302e-02
2 1.647689288639048e-02
2 1.914236323867551e-02
2 1.914236323867551e-02
2 2.320962521121302e-02
2 1.647689288639048e-02
5 1.301410914709275e-03
5 3.510163277535397e-03
5 3.510163277535396e-03
5 1.292076539712352e-03
5 4.108580663716981e-03
5 1.064223781251452e-02
5 1.064223781251452e-02
5 4.089823016040648e-03
5 6.775914754342934e-03
6 9.251287061187103e-03
6 8.713558999610835e-03
6 7.274149985261200e-03
6 7.274149985261200e-03
6 8.713558999610828e-03
6 9.251287061187103e-03
5 6.775514714771744e-03
6 7.979417451694908e-03
6 1.006756757347832e-02
6 7.923430232144566e-03
6 7.923430232144566e-03
6 1.006756757347832e-02
6 7.979417451694910e-03
6 8.159129957557441e-03
3 1.009050028750138e-02
6 8.108259091462677e-03
6 8.108259091462677e-03
3 1.009050028750138e-02
6 8.159129957557441e-03
2 8.164459352451458e-03
2 1.811081547402587e-02
2 1.811081547402587e-02
2 8.155507097534632e-03
2 8.164459352451458e-03
2 1.811081547402587e-02
2 1.811081547402587e-02
2 8.155507097534632e-03
5 2.395454329998365e-04
5 2.101556197399693e-04
5 1.916363463998692e-03
5 1.681244957919755e-03
6 1.574679337523427e-03
6 4.651715186039401e-03
6 5.039393559425091e-03
5 5.674201732979172e-03
6 2.958919570774259e-03
6 4.710331971854566e-03
6 4.375275728948205e-03
6 3.139483267486555e-03
6 5.018426841352475e-03
6 3.787198427236050e-03
6 4.261622991748367e-03
6 5.378761054371444e-03
6 5.169820216608105e-03
6 4.370974672719179e-03
6 5.538495706788606e-03
6 4.783971386895272e-03
6 4.615542685431007e-03
6 5.486025665858011e-03
6 5.318106204346064e-03
6 4.694479724616001e-03
3 5.550651227442582e-03
6 4.973572607074114e-03
6 4.615785063939002e-03
6 5.463184963601138e-03
6 5.299885570253639e-03
6 4.700454396326071e-03
3 5.550651227442582e-03
6 4.959010960688620e-03
2 1.548165025689311e-02
2 1.525472369086841e-02
2 1.548165025689311e-02
2 1.525472369086841e-02
5 8.304293946174974e-05
5 8.350131218553965e-05
5 6.643435156939981e-04
5 6.680104974843172e-04
5 2.242159365467243e-03
5 2.254535429009571e-03
6 1.930947298517221e-03
6 3.339524159301161e-03
6 3.339524159301161e-03
6 1.931387040229016e-03
6 3.195942513201987e-03
6 5.775322097388087e-03
6 5.775322097388088e-03
6 3.195942513201988e-03
6 3.886287814391015e-03
6 3.737974062035808e-03
6 3.629450797715950e-03
6 3.629450797715949e-03
6 3.737974062035808e-03
6 3.886287814391015e-03
6 4.095632794455325e-03
6 3.987588276610302e-03
6 3.898936671219574e-03
6 3.898936671219572e-03
6 3.987588276610300e-03
6 4.095632794455325e-03
6 4.090074859688643e-03
6 3.985416913344910e-03
6 3.912537845537207e-03
6 3.912537845537207e-03
6 3.985416913344910e-03
6 4.090074859688643e-03
2 1.203096527697664e-02
2 1.203350970050601e-02
2 1.203096527697664e-02
2 1.203350970050601e-02
5 6.216368013127561e-05
5 6.216368013127561e-05
5 4.973094410502049e-04
5 4.973094410502050e-04
5 1.678419363544442e-03
5 1.678419363544442e-03
6 1.717754242006392e-03
6 2.229146499996006e-03
6 2.229146499996007e-03
6 1.717754242006392e-03
6 3.000336077489198e-03
6 4.237037167034803e-03
6 4.237037167034804e-03
6 3.000336077489198e-03
6 3.758313799547365e-03
6 6.193399933947760e-03
6 6.193399933947760e-03
6 3.758313799547365e-03
6 3.987414453848931e-03
6 3.559711579947316e-03
6 3.693668687419949e-03
6 3.670691594379360e-03
6 3.571832545106207e-03
6 3.674608884068961e-03
6 3.665248652184141e-03
6 3.571832545106207e-03
6 3.674608884068961e-03
6 3.665248652184141e-03
6 3.559711579947316e-03
6 3.693668687419949e-03
6 3.670691594379360e-03
6 3.987414453848931e-03
6 4.000966245544462e-03
3 3.676471559326972e-03
6 3.569024844496088e-03
3 3.676555007260109e-03
6 3.569024844496088e-03
6 4.000966245544462e-03
2 1.124665580845467e-02
2 1.124665580845467e-02
2 1.124665580845467e-02
2 1.124665580845467e-02
5 8.285241739259310e-05
5 8.287709663354799e-05
5 6.628193391407448e-04
5 6.630167730683839e-04
5 2.237015269600015e-03
5 2.237681609105796e-03
6 2.447675745514964e-03
6 2.802598464705318e-03
6 2.802598464705318e-03
6 2.452477369272443e-03
6 3.976460067331833e-03
6 5.274287105457411e-03
6 5.274287105457411e-03
6 3.976460067331834e-03
6 4.405769429584670e-03
6 3.657133368242363e-03
6 3.638522908003461e-03
6 3.638522908003461e-03
6 3.657133368242364e-03
6 4.405769429584670e-03
6 4.420782258521150e-03
6 3.838630034285687e-03
6 3.887829220270402e-03
6 3.866520484545599e-03
6 3.832736761149176e-03
6 3.832736761149176e-03
6 3.866520484545599e-03
6 3.887829220270402e-03
6 3.838630034285687e-03
6 4.420782258521150e-03
2 1.215171743274290e-02
2 1.215279031082644e-02
2 1.215171743274290e-02
2 1.215279031082644e-02
5 2.101556197399693e-04
5 2.395454329998365e-04
5 1.681244957919755e-03
5 1.916363463998692e-03
5 5.674201732979173e-03
6 4.651715186039400e-03
6 5.039393559425090e-03
6 1.574679337523427e-03
6 3.787198427236050e-03
6 5.018426841352475e-03
6 3.139483267486555e-03
6 4.375275728948205e-03
6 4.710331971854566e-03
6 2.958919570774259e-03
6 4.783971386895272e-03
6 5.538495706788606e-03
6 4.370974672719179e-03
6 5.169820216608105e-03
6 5.378761054371444e-03
6 4.261622991748367e-03
6 4.973572607074114e-03
3 5.550651227442582e-03
6 4.694479724616001e-03
6 5.318106204346064e-03
6 5.486025665858011e-03
6 4.615542685431007e-03
6 4.959010960688620e-03
3 5.550651227442582e-03
6 4.700454396326071e-03
6 5.299885570253639e-03
6 5.463184963601138e-03
6 4.615785063939002e-03
2 1.525472369086841e-02
2 1.548165025689311e-02
2 1.525472369086841e-02
2 1.548165025689311e-02
5 2.068850141192831e-03
5 3.452317864457610e-03
5 3.452317864457612e-03
5 2.069473102386246e-03
5 6.144956326640269e-03
5 1.060738549698064e-02
5 1.060738549698064e-02
5 6.147246678560770e-03
6 8.837246975226564e-03
6 9.407155124938543e-03
5 1.666237395629438e-02
5 1.666237395629438e-02
6 9.407155124938544e-03
6 8.837246975226570e-03
6 9.631596465683810e-03
6 9.344947437603265e-03
6 8.904406635702473e-03
6 8.904406635702473e-03
6 9.344947437603265e-03
6 9.631596465683810e-03
6 9.659881286729028e-03
3 9.345966477361830e-03
6 8.960776478309127e-03
6 8.960776478309127e-03
3 9.345966477361831e-03
6 9.659881286729028e-03
2 9.659512987501385e-03
2 1.825067514838088e-02
2 1.825067514838088e-02
2 9.660445999784039e-03
2 9.659512987501385e-03
2 1.825067514838088e-02
2 1.825067514838088e-02
2 9.660445999784039e-03
4 6.406476689502832e-05
4 4.103031904492308e-04
4 3.651260390637182e-04
4 9.499873360360529e-05
4 6.981474377121253e-05
4 2.642709226926790e-04
4 2.681401549230809e-04
4 2.480442499773448e-05
4 1.393672141757885e-03
4 2.361685091854687e-03
4 1.755147732736778e-03
4 1.731741884240522e-03
4 8.678903683529520e-04
4 2.101584995014956e-03
4 2.101215720298482e-03
4 2.055746507716369e-03
4 2.173458054541161e-03
4 2.165353487734043e-03
4 2.036738720888994e-03
4 6.274256772075815e-06
4 7.569713274443037e-06
4 1.648967657163877e-06
4 6.789555687408362e-04
4 1.622749979465447e-03
4 8.549566565388017e-04
4 1.872507294835548e-03
4 1.874566860816420e-03
4 1.927239988019988e-03
4 1.664411550677026e-03
4 1.930183659757145e-03
4 1.725493454881730e-03
4 2.084801300999654e-05
4 1.565066165163323e-05
4 1.404986476535915e-04
4 1.938042874478968e-04
4 2.084801300999655e-05
4 1.404986476535915e-04
4 1.938042874478968e-04
4 1.565066165163322e-05
4 8.048168234752643e-04
4 1.996777012607721e-03
4 1.996777012607720e-03
4 8.048168234752641e-04
4 1.913098250949459e-03
4 1.942658976531421e-03
4 1.954325684235510e-03
4 1.954325684235509e-03
4 1.942658976531421e-03
4 1.913098250949459e-03
4 3.638724460982918e-06
4 5.790718028768518e-06
4 3.959492100447796e-04
4 5.643934641907497e-04
4 7.109179329458355e-04
4 1.890638435066517e-03
4 2.132367749576473e-03
4 2.033071672811050e-03
4 1.162785576856244e-03
4 1.805276386695642e-03
4 2.041020402378470e-03
4 1.121418368566107e-03
4 1.884260932298388e-03
4 1.997932017859573e-03
4 1.894914587335493e-03
4 2.090956925570842e-03
4 2.067249011724054e-03
4 2.116869937834696e-03
4 2.214038544654867e-03
4 2.239231664909282e-03
4 2.256904336286024e-03
4 2.318916569294718e-03
4 2.307276491951114e-03
4 2.331347953734816e-03
4 2.366677801440856e-03
4 2.377774673919567e-03
4 8.605316283549040e-06
4 8.857932245261381e-06
4 9.176701666141821e-04
4 8.255517117370133e-04
4 3.098809999121308e-04
4 1.069883390552345e-03
4 2.857631209403155e-03
4 3.093497919348538e-03
4 1.449444828855736e-03
4 2.196211953751586e-03
4 2.334491494751583e-03
4 2.573405873661844e-03
4 2.797378589174370e-03
4 2.403735803065033e-03
4 2.586376790118034e-03
4 2.867811213862492e-03
4 2.511647449170644e-03
4 2.574160277662285e-03
4 2.649066379075820e-03
4 2.712241471414095e-03
4 2.805400282897599e-03
4 2.755804679192190e-03
4 2.824877626550296e-03
4 2.756156327542095e-03
4 1.048940234656364e-04
4 9.056855860570320e-04
4 4.113833822208286e-04
4 8.067031894828136e-05
4 9.997711061883754e-04
4 2.373439638419302e-03
4 1.837900234641897e-03
4 2.845085946505023e-03
4 7.469751296573589e-04
4 2.296295577153861e-03
4 3.218812641204060e-03
4 2.882078109705415e-03
4 2.577037591773887e-03
4 2.577469257009244e-03
4 1.885738423131065e-03
4 2.926415787723407e-03
4 3.429367612523888e-03
4 3.243679553579946e-03
4 3.067373796015305e-03
4 3.065861187348031e-03
4 2.732264156262160e-03
4 2.765352791117859e-03
4 3.015458879742315e-03
4 3.430838059412841e-03
4 3.280183993503867e-03
4 3.129936682056617e-03
4 3.129324533583275e-03
4 2.902013982873776e-03
4 3.631562329667916e-04
4 1.615864909736901e-04
4 1.058690189176628e-03
4 1.754505916481535e-03
4 1.587537096595578e-03
4 2.368187095648883e-03
4 4.396556041586505e-03
4 3.698373268236840e-03
4 1.527650959057999e-03
4 2.965672198350706e-03
4 3.103816142851552e-03
4 3.113303773672510e-03
4 2.856919242567066e-03
4 2.892545201802935e-03
4 3.117181839079177e-03
4 3.087388404544345e-03
4 3.001228916784186e-03
4 3.058567922252694e-03
4 2.695436642911861e-03
4 2.716033665410979e-03
4 3.068345957467475e-03
4 3.008791287279812e-03
4 2.582670889791779e-03
4 2.606914463845660e-03
4 3.049414539050214e-03
1 3.119043329625145e-03
4 2.919482758103213e-03
1 3.024180063898187e-03
4 2.782444366286680e-03
4 2.793597840726905e-03
4 3.786983892325863e-04
4 3.764653785914900e-04
4 1.943746341561563e-03
4 1.903849536763636e-03
4 1.398717574997180e-03
4 2.644001566637177e-03
4 1.998982233718628e-03
4 2.160497042445827e-03
4 1.493153184421872e-03
4 1.493153184421873e-03
4 2.160497042445828e-03
4 1.998982233718627e-03
4 2.644001566637177e-03
4 1.399339477994417e-03
4 1.903849536763635e-03
4 1.943746341561564e-03
4 2.473291563407018e-03
4 2.328283192095612e-03
4 2.363640753524506e-03
4 2.363640753524506e-03
4 2.328283192095611e-03
4 2.473291563407018e-03
4 3.764335447205782e-04
4 3.764335447205785e-04
4 1.484146462655166e-03
4 2.511953638752846e-03
4 2.511953638752846e-03
4 1.484146462655166e-03
4 1.903052581608736e-03
4 1.881314565147423e-03
1 1.895398807100598e-03
4 1.881314565147422e-03
1 1.895398807100598e-03
4 1.903052581608736e-03
4 6.345476879216448e-04
4 6.347309383970669e-04
4 1.545896135188043e-03
4 1.809478781673851e-03
4 1.701429843421923e-03
4 1.701429843421922e-03
4 1.809478781673852e-03
4 1.544110099351506e-03
4 1.912031518732831e-03
4 1.954819554214163e-03
4 1.938168128488984e-03
4 1.938168128488984e-03
4 1.954819554214162e-03
4 1.912031518732831e-03
4 6.981474377121259e-05
4 2.480442499773441e-05
4 2.642709226926787e-04
4 2.681401549230806e-04
4 4.103031904492302e-04
4 3.651260390637178e-04
4 6.406476689502822e-05
4 9.499873360360531e-05
4 8.678903683529519e-04
4 1.731741884240521e-03
4 1.755147732736778e-03
4 2.361685091854687e-03
4 1.393672141757884e-03
4 2.036738720888994e-03
4 2.165353487734043e-03
4 2.173458054541162e-03
4 2.055746507716368e-03
4 2.101215720298482e-03
4 2.101584995014956e-03
4 7.570720883326298e-05
4 2.069686080954839e-05
4 4.734768246436421e-04
4 1.023570357587428e-03
4 9.132516437373164e-04
4 1.629633237140631e-03
4 3.198099191356573e-03
4 2.503543634726419e-03
4 1.294347995830083e-03
4 2.023403288314914e-03
4 1.966480950741615e-03
4 2.012177633030500e-03
4 2.017270278608987e-03
4 1.423653952926978e-03
4 2.384614559678647e-03
4 2.358768008383558e-03
4 2.357960707638030e-03
4 2.198576776597680e-03
4 2.506359204182509e-03
4 2.203576551360734e-03
4 2.463130660624147e-03
4 2.450500243015643e-03
4 2.461672485047421e-03
4 2.351703876906690e-03
1 2.522557322012621e-03
4 2.367921509784265e-03
4 1.893872233385497e-07
4 1.401132689461479e-06
4 2.513878948111806e-04
4 9.994442203634334e-04
4 2.480162001119709e-04
4 7.839216377064535e-04
4 1.375325695492756e-03
4 1.930939215479996e-03
4 1.497099449374250e-03
4 1.096375927715665e-03
4 2.148090111011790e-03
4 2.203444923121808e-03
4 2.333963379022376e-03
4 2.172878464653984e-03
4 1.627907523626126e-03
4 2.709191412164519e-03
4 2.343333786472328e-03
4 2.054510399339109e-03
4 2.572320863884663e-03
4 2.589805964064289e-03
4 2.378369258629555e-03
4 2.869558065486679e-03
4 2.706523801296728e-03
4 2.567395464841210e-03
4 2.579976916415858e-03
4 2.594851004509611e-03
4 2.474514043980780e-03
4 2.847824923707056e-03
4 2.721520369077468e-03
4 2.612963905693104e-03
4 1.698454757142386e-07
4 1.035780586439761e-06
4 1.711578923111655e-04
4 4.495619143914646e-04
4 1.921739279251004e-04
4 1.344688243343263e-03
4 2.119929226216487e-03
4 9.672484285889625e-04
4 1.663996315208277e-03
4 1.910264545889355e-03
4 1.865379655994752e-03
4 2.809095693441939e-03
4 2.020603037398089e-03
4 1.894561406566836e-03
4 1.248244954271571e-03
4 4.157836777504672e-03
4 1.952592184445844e-03
4 2.489633672734859e-03
4 2.445741955572982e-03
4 2.220047119541203e-03
4 2.676318024847618e-03
4 2.497641706246192e-03
4 2.514414576837661e-03
4 2.509170017375789e-03
1 2.481889790806783e-03
4 2.381781503997007e-03
1 2.702037007956392e-03
4 2.572156800862672e-03
4 2.579816554978057e-03
4 3.147885086949894e-06
4 4.892299575134740e-06
4 2.837213809446675e-04
4 4.043089488740709e-04
4 1.766735656073681e-03
4 1.331053715629342e-03
4 1.212955241240380e-03
4 1.059316852373586e-03
4 1.797524530842629e-03
4 3.246923517924528e-03
4 3.493263941785798e-03
4 2.182735545564587e-03
4 2.234151965629903e-03
4 2.189522541707881e-03
4 2.231912434749690e-03
4 2.233942895634833e-03
4 2.246288232415153e-03
4 2.351929984245853e-03
4 1.650261909716522e-06
4 7.303182114499457e-06
4 6.129914193328546e-06
4 8.557397606198086e-04
4 1.622749979465447e-03
4 6.790151513142287e-04
4 1.725493454881730e-03
4 1.930183659757145e-03
4 1.664411550677026e-03
4 1.927239988019988e-03
4 1.874566860816421e-03
4 1.872507294835549e-03
4 4.892299575134738e-06
4 3.147885086949896e-06
4 4.043089488740707e-04
4 2.837213809446676e-04
4 1.212955241240380e-03
4 1.059316852373587e-03
4 1.331053715629343e-03
4 1.766735656073681e-03
4 2.182735545564587e-03
4 3.493263941785797e-03
4 3.246923517924528e-03
4 1.797524530842629e-03
4 2.351929984245853e-03
4 2.246288232415153e-03
4 2.233942895634833e-03
4 2.231912434749690e-03
4 2.189522541707881e-03
4 2.234151965629904e-03
4 2.051662002212777e-05
4 7.597173108759009e-05
4 9.076110374341889e-04
4 1.023570357587427e-03
4 4.734465247191716e-04
4 1.424610330013045e-03
4 2.017270278608987e-03
4 2.012177633030499e-03
4 1.966480950741614e-03
4 2.023403288314913e-03
4 1.294347995830083e-03
4 2.503543634726417e-03
4 3.198099191356571e-03
4 1.628927182172908e-03
4 2.203576551360734e-03
4 2.506359204182509e-03
4 2.198576776597680e-03
4 2.357960707638030e-03
4 2.358768008383558e-03
4 2.384614559678647e-03
4 2.367921509784265e-03
1 2.522557322012621e-03
4 2.351703876906690e-03
4 2.461672485047421e-03
4 2.450500243015643e-03
4 2.463130660624147e-03
4 1.615864909736901e-04
4 3.631562329667916e-04
4 1.587537096595578e-03
4 1.754505916481535e-03
4 1.058690189176628e-03
4 1.527650959057999e-03
4 3.698373268236839e-03
4 4.396556041586505e-03
4 2.368187095648883e-03
4 2.582670889791780e-03
4 2.606914463845660e-03
4 2.716033665410979e-03
4 3.068345957467475e-03
4 3.008791287279811e-03
4 3.001228916784187e-03
4 3.058567922252694e-03
4 2.695436642911861e-03
4 2.892545201802935e-03
4 3.117181839079177e-03
4 3.087388404544345e-03
4 3.103816142851551e-03
4 3.113303773672509e-03
4 2.856919242567066e-03
4 2.965672198350706e-03
4 2.793597840726905e-03
4 2.782444366286679e-03
1 3.024180063898187e-03
4 2.919482758103213e-03
1 3.119043329625145e-03
4 3.049414539050214e-03
5 1.158478328538749e-04
5 1.162731641171466e-04
5 9.267826628309991e-04
5 9.301853129371724e-04
5 3.127891487054623e-03
5 3.139375431162957e-03
6 2.622662778001839e-03
6 4.384169178129353e-03
6 4.384169178129351e-03
6 2.620369456734902e-03
6 3.856363916466022e-03
6 6.950274084707914e-03
6 6.950274084707913e-03
6 3.856363916466022e-03
6 4.399166379718612e-03
6 4.209024860463923e-03
6 4.121544095676576e-03
6 4.121544095676578e-03
6 4.209024860463924e-03
6 4.399166379718612e-03
6 4.471777582196962e-03
6 4.446817429657679e-03
6 4.356251556860879e-03
6 4.232355905490463e-03
6 4.199139486699685e-03
6 4.228329012027465e-03
6 4.228329012027465e-03
6 4.199139486699685e-03
6 4.232355905490463e-03
6 4.356251556860880e-03
6 4.446817429657679e-03
6 4.471777582196962e-03
2 1.299691323482654e-02
2 1.299784061704775e-02
2 1.299691323482654e-02
2 1.299784061704775e-02
5 1.842163402892619e-04
5 2.248748740977575e-04
5 1.473730722314095e-03
5 1.798998992782061e-03
5 4.973841187810073e-03
6 6.067912438321076e-03
6 3.865064102135616e-03
6 1.350544167715829e-03
6 4.207880783159283e-03
6 3.847101158227250e-03
6 2.687717160415182e-03
6 4.365870790270032e-03
6 3.591207002760846e-03
6 3.040725850822110e-03
6 5.033310145623590e-03
6 4.825878426687082e-03
6 3.905781552494966e-03
6 5.171654765453488e-03
6 4.566195900712666e-03
6 4.175021709255151e-03
6 5.172439211927781e-03
6 5.003897891594654e-03
6 4.418896027797969e-03
6 5.319796785938416e-03
6 4.944165088963699e-03
6 4.644576284351913e-03
6 5.155231511281603e-03
6 4.992411474381462e-03
6 4.468467355886563e-03
6 4.475623268269845e-03
6 5.301065836804805e-03
6 5.070262337356712e-03
6 4.871955858883325e-03
6 4.828246470563500e-03
6 4.565762209631850e-03
2 1.468824444027362e-02
2 1.501017052895818e-02
2 1.468824444027362e-02
2 1.501017052895818e-02
4 1.344608952993820e-04
4 7.204022438769967e-05
4 3.687773972061929e-05
4 8.244079824147978e-04
4 2.112821576874955e-03
4 1.526800627599453e-03
4 2.510440023422754e-03
4 2.666402443032287e-03
4 2.768691504771911e-03
4 1.945754010382156e-03
4 2.321723895870825e-03
4 2.757706671102938e-03
4 3.477015666307582e-03
4 3.541814792762977e-03
4 3.602119475975062e-03
4 3.226505060707315e-03
4 3.393671247010994e-03
4 3.534767076129260e-03
4 3.546115475633959e-03
4 3.545270137585276e-03
4 3.617378674418036e-03
4 3.574051170039168e-03
4 3.733756117184763e-03
4 3.587346235860244e-03
4 3.348510771671261e-03
4 3.363550783459867e-03
4 3.588052324846110e-03
4 3.406980260632411e-03
4 3.528744317912933e-03
4 6.261662558226928e-05
4 1.665632581134366e-04
4 6.851130275669950e-04
4 6.261662558226931e-05
4 1.143569007812833e-03
4 2.694220652255816e-03
4 1.879972359659840e-03
4 1.879992869696008e-03
4 1.143569007812833e-03
4 2.456305365349056e-03
4 2.441581143698814e-03
4 2.875741687431089e-03
4 2.826445381393379e-03
4 2.516823541464618e-03
4 2.875735839501544e-03
4 2.826441907270755e-03
4 2.516840881408390e-03
4 2.725905625278436e-03
4 2.725910240754773e-03
4 2.456451968829875e-03
4 2.441714281431025e-03
4 2.677688420271438e-03
4 2.740273495069542e-03
4 2.740279584687984e-03
4 2.840399201298999e-03
4 2.840401369705226e-03
4 2.677704640392671e-03
4 5.731841020448136e-06
4 3.634433570450132e-06
4 5.622809730218246e-04
4 3.967744074063830e-04
4 1.997932017859572e-03
4 1.884260932298388e-03
4 1.122063893242726e-03
4 2.041020402378469e-03
4 1.805276386695642e-03
4 1.162785576856245e-03
4 2.033071672811051e-03
4 2.132367749576473e-03
4 1.890638435066516e-03
4 7.108211853814691e-04
4 2.239231664909281e-03
4 2.214038544654867e-03
4 2.116869937834696e-03
4 2.067249011724053e-03
4 2.090956925570842e-03
4 1.895354838495561e-03
4 2.377774673919567e-03
4 2.366677801440856e-03
4 2.331347953734816e-03
4 2.307276491951114e-03
4 2.318916569294718e-03
4 2.256904336286023e-03
4 1.401132689461480e-06
4 1.893872233385497e-07
4 2.480162001119709e-04
4 9.994442203634334e-04
4 2.513878948111807e-04
4 1.096375927715665e-03
4 1.497099449374250e-03
4 1.930939215479997e-03
4 1.375325695492756e-03
4 7.839216377064536e-04
4 2.054510399339109e-03
4 2.343333786472328e-03
4 2.709191412164518e-03
4 1.627907523626126e-03
4 2.333963379022376e-03
4 2.172878464653984e-03
4 2.148090111011790e-03
4 2.203444923121808e-03
4 2.567395464841210e-03
4 2.706523801296728e-03
4 2.869558065486679e-03
4 2.378369258629555e-03
4 2.589805964064289e-03
4 2.572320863884663e-03
4 2.612963905693104e-03
4 2.721520369077468e-03
4 2.847824923707056e-03
4 2.474514043980780e-03
4 2.594851004509611e-03
4 2.579976916415858e-03
4 1.084986163653687e-06
4 1.683309179561403e-07
4 1.922949982074587e-04
4 4.495619143914644e-04
4 1.708250443552490e-04
4 9.671844845851604e-04
4 2.119929226216486e-03
4 1.344393481059091e-03
4 1.951674576273753e-03
4 4.157836777504671e-03
4 1.248244954271571e-03
4 1.894561406566836e-03
4 2.020603037398089e-03
4 2.809095693441938e-03
4 1.865379655994751e-03
4 1.910264545889354e-03
4 1.666073053389946e-03
4 2.514414576837661e-03
4 2.497641706246192e-03
4 2.676318024847618e-03
4 2.220047119541203e-03
4 2.489637282180178e-03
4 2.445741955572983e-03
4 2.579816554978057e-03
4 2.572156800862672e-03
1 2.702037007956390e-03
4 2.381791631561169e-03
4 2.509169987539502e-03
1 2.481840638373126e-03
4 8.857932245261381e-06
4 8.605316283549040e-06
4 3.098809999121307e-04
4 8.255517117370132e-04
4 9.176701666141821e-04
4 1.449444828855736e-03
4 3.093497919348538e-03
4 2.857631209403156e-03
4 1.069883390552345e-03
4 2.511647449170644e-03
4 2.574160277662285e-03
4 2.586376790118033e-03
4 2.867811213862493e-03
4 2.403735803065033e-03
4 2.573405873661845e-03
4 2.797378589174370e-03
4 2.334491494751583e-03
4 2.196211953751586e-03
4 2.756156327542095e-03
4 2.824877626550296e-03
4 2.755804679192190e-03
4 2.805400282897599e-03
4 2.712241471414095e-03
4 2.649066379075820e-03
4 3.657899777371557e-05
4 7.266991005456474e-05
4 1.287710510098524e-04
4 1.510489816146554e-03
4 2.112821576874954e-03
4 8.259931253120746e-04
4 2.757706671102938e-03
4 2.321723895870825e-03
4 1.945754010382156e-03
4 2.768691504771910e-03
4 2.666402443032286e-03
4 2.509324080467585e-03
4 3.534767076129260e-03
4 3.393671247010995e-03
4 3.226505060707316e-03
4 3.602119475975062e-03
4 3.541814792762977e-03
4 3.477015666307583e-03
4 3.528744317912933e-03
4 3.406980260632411e-03
4 3.588052324846111e-03
4 3.363550783459866e-03
4 3.348510771671261e-03
4 3.587346235860245e-03
4 3.733756117184763e-03
4 3.574051170039168e-03
4 3.617378674418036e-03
4 3.545270137585276e-03
4 3.546115475633959e-03
5 2.879034602351404e-04
5 2.879034602351404e-04
5 2.303227681881123e-03
5 2.303227681881123e-03
6 2.589304469077361e-03
6 3.970982519249079e-03
6 4.646431876299331e-03
6 4.646431876299330e-03
6 2.589304469077361e-03
6 3.970982519249078e-03
6 5.000945748587731e-03
6 8.990358666787695e-03
6 8.990358666787691e-03
6 5.000945748587731e-03
6 5.617815549197797e-03
6 5.416412875859831e-03
6 5.203683142742815e-03
6 5.416412875859831e-03
6 5.203683142742813e-03
6 5.617815549197797e-03
6 5.728341389925432e-03
3 5.420318759640712e-03
6 5.343271058580542e-03
3 5.419874699585010e-03
6 5.343271058580543e-03
6 5.728341389925432e-03
6 5.729189548009661e-03
3 5.420318759640712e-03
6 5.375588096495243e-03
3 5.419874699585010e-03
6 5.375588096495239e-03
6 5.729189548009661e-03
2 1.639006550701072e-02
2 1.639006550701072e-02
2 1.639006550701072e-02
2 1.639006550701072e-02
5 7.933917724615283e-04
5 3.290996837976487e-03
5 3.290996837976486e-03
5 7.915697885975957e-04
5 2.635039370272710e-03
5 9.821890908295557e-03
5 9.821890908295557e-03
5 2.631037194702011e-03
5 4.717151214073443e-03
6 6.383788041222121e-03
6 1.049775299193826e-02
6 7.063611815672520e-03
6 7.063611815672521e-03
6 1.049775299193827e-02
6 6.383788041222120e-03
5 4.715539278780686e-03
6 6.226352072974347e-03
6 7.871929190956143e-03
6 8.723454268004619e-03
6 8.723454268004617e-03
6 7.871929190956140e-03
6 6.226352072974346e-03
6 6.753181704720733e-03
6 8.193023298292254e-03
6 8.982396888139718e-03
6 8.982396888139718e-03
6 8.193023298292254e-03
6 6.753181704720732e-03
6 6.846577892387435e-03
6 8.294441284188750e-03
6 9.071411824144058e-03
6 9.071411824144058e-03
6 8.294441284188750e-03
6 6.846577892387436e-03
6 6.854271131047599e-03
6 8.365116987402145e-03
6 9.107763078945662e-03
6 9.107763078945662e-03
6 8.365116987402145e-03
6 6.854271131047599e-03
2 6.854668516134226e-03
2 1.721612342534857e-02
2 1.721612342534857e-02
2 6.853039218574696e-03
2 6.854668516134226e-03
2 1.721612342534857e-02
2 1.721612342534857e-02
2 6.853039218574696e-03
5 2.248748740977575e-04
5 1.842163402892619e-04
5 1.798998992782061e-03
5 1.473730722314095e-03
6 1.350544167715829e-03
6 6.067912438321074e-03
6 3.865064102135616e-03
5 4.973841187810072e-03
6 3.040725850822110e-03
6 3.591207002760846e-03
6 4.365870790270032e-03
6 2.687717160415182e-03
6 3.847101158227251e-03
6 4.207880783159284e-03
6 4.175021709255152e-03
6 4.566195900712666e-03
6 5.171654765453487e-03
6 3.905781552494966e-03
6 4.825878426687082e-03
6 5.033310145623590e-03
6 4.644576284351913e-03
6 4.944165088963700e-03
6 5.319796785938416e-03
6 4.418896027797969e-03
6 5.003897891594655e-03
6 5.172439211927782e-03
6 4.828246470563500e-03
6 4.565762209631850e-03
6 5.070262337356712e-03
6 4.871955858883325e-03
6 5.301065836804805e-03
6 4.468467355886563e-03
6 4.475623268269846e-03
6 4.992411474381462e-03
6 5.155231511281603e-03
2 1.501017052895818e-02
2 1.468824444027362e-02
2 1.501017052895818e-02
2 1.468824444027362e-02
4 8.071036237349249e-05
4 4.113833822208280e-04
4 9.056855860570316e-04
4 1.050147611559509e-04
4 7.474093671617116e-04
4 2.845085946505022e-03
4 1.837900234641897e-03
4 2.373439638419302e-03
4 1.000598792539819e-03
4 1.886155959039642e-03
4 2.577469257009244e-03
4 2.577037591773887e-03
4 2.882078109705415e-03
4 3.218812641204060e-03
4 2.296295577153861e-03
4 2.765352791117859e-03
4 2.732264156262159e-03
4 3.065861187348030e-03
4 3.067373796015304e-03
4 3.243679553579946e-03
4 3.429367612523888e-03
4 2.926415787723406e-03
4 2.902013982873776e-03
4 3.129324533583275e-03
4 3.129936682056616e-03
4 3.280183993503867e-03
4 3.430838059412842e-03
4 3.015458879742315e-03
4 1.530112145309947e-06
4 1.857043697755330e-05
4 2.043441573146546e-05
4 2.318651529636921e-06
4 1.857043697755330e-05
4 2.043441573146546e-05
4 1.530112145309947e-06
4 2.318651529636921e-06
4 7.745886962451852e-04
4 1.406053641580236e-03
4 1.406054446252234e-03
4 2.599884884890615e-03
4 7.745886962451853e-04
4 1.952112051707349e-03
4 2.077101339728588e-03
4 2.077100825630478e-03
4 2.071962519666430e-03
4 2.071951049239121e-03
4 1.951969367517760e-03
4 1.529976446284720e-06
4 1.532864012089358e-06
4 1.697535313732398e-04
4 8.388407772355641e-04
4 6.563174473654265e-04
4 6.563174473654249e-04
4 8.388407772355626e-04
4 1.697457477594217e-04
4 1.154943390638830e-03
4 1.625404173113764e-03
4 1.597752081568457e-03
4 1.597752081568458e-03
4 1.625404173113764e-03
4 1.154911230860637e-03
4 2.039567424190768e-03
4 2.147879520990118e-03
4 2.140571045271950e-03
4 2.140571045271950e-03
4 2.147879520990117e-03
4 2.039567424190768e-03
4 1.333867851644196e-06
4 1.333867851644196e-06
4 5.706922947777999e-04
4 5.706922947778000e-04
4 1.065550663713378e-03
4 2.437995428090725e-03
4 2.437995428090725e-03
4 1.065550663713378e-03
4 2.018211976653014e-03
4 2.059533574866477e-03
4 2.072188593495161e-03
4 2.072188593495161e-03
4 2.059533574866477e-03
4 2.018211976653014e-03
4 5.550468112403452e-04
4 1.030955809467901e-03
4 1.815426692316266e-03
4 1.915437318897359e-03
4 1.796689984865675e-03
4 1.959805378329159e-03
4 1.889464504982542e-03
4 1.894787359184665e-03
4 1.190185721202817e-03
4 2.664820376757456e-03
4 2.664820376757456e-03
4 1.190185721202817e-03
4 1.856592599327715e-03
4 1.863351883812732e-03
1 1.883498389141531e-03
4 1.863351883812732e-03
1 1.883498389141531e-03
4 1.856592599327715e-03
4 8.578420325430410e-04
4 1.616341438610261e-03
4 9.403451275887606e-04
4 8.628903326466391e-04
4 1.833067912441615e-03
4 1.836491399251125e-03
1 1.830542308836480e-03
4 1.815744451911077e-03
1 1.810953160580736e-03
4 1.833067912441615e-03
4 1.062956405050659e-03
4 1.475416302416960e-03
4 1.730578344827558e-03
4 1.730578344827558e-03
4 1.475416302416960e-03
4 1.062956405050659e-03
4 1.042181699753257e-03
4 5.555085391569407e-04
4 1.894787359184665e-03
4 1.889464504982543e-03
4 1.959805378329159e-03
4 1.796689984865675e-03
4 1.915437318897358e-03
4 1.815426692316266e-03
