5 1.716711896004024e-02
5 9.502611488137058e-03
5 1.231203904557509e-02
5 1.231203904557509e-02
5 1.716711896004024e-02
5 9.502611488137056e-03
5 2.276609948556451e-02
5 1.438520344938633e-02
5 1.763686816635620e-02
5 1.763686816635620e-02
5 2.276609948556451e-02
5 1.438520344938633e-02
6 2.260041219511910e-02
6 2.477121235371630e-02
5 1.619477856216689e-02
5 1.898963535959770e-02
5 1.898963535959771e-02
6 2.260041219511910e-02
6 2.477121235371630e-02
5 1.619477856216689e-02
2 2.343343742603714e-02
6 1.647779416425907e-02
6 1.911901505615022e-02
6 1.911901505615022e-02
2 2.343343742603713e-02
6 1.647779416425907e-02
2 2.343343742603714e-02
2 1.648108795179524e-02
2 1.911804131880202e-02
2 1.911804131880202e-02
2 2.343343742603713e-02
2 1.648108795179524e-02
2 2.343343742603714e-02
2 1.648108795179524e-02
2 1.911804131880202e-02
2 1.911804131880202e-02
2 2.343343742603713e-02
2 1.648108795179524e-02
5 1.298358887289806e-03
5 3.608875038960657e-03
5 3.608875038960658e-03
5 1.298549339256583e-03
5 4.101754655353370e-03
5 1.082258443113877e-02
5 1.082258443113878e-02
5 4.102519750741198e-03
5 6.772665963481913e-03
6 9.255300012791304e-03
6 8.696339484411749e-03
6 7.275311699128490e-03
6 7.275311699128490e-03
6 8.696339484411749e-03
6 9.255300012791300e-03
5 6.774394825026143e-03
6 7.983641885292603e-03
6 1.008735692796897e-02
6 7.928026619135711e-03
6 7.928026619135709e-03
6 1.008735692796897e-02
6 7.983641885292606e-03
6 8.157742975275479e-03
3 1.009070057744932e-02
6 8.105586311769216e-03
6 8.105586311769216e-03
3 1.009070057744933e-02
6 8.157742975275479e-03
2 8.162167221734788e-03
2 1.821020573116380e-02
2 1.821020573116381e-02
2 8.162469768989126e-03
2 8.162167221734788e-03
2 1.821020573116380e-02
2 1.821020573116381e-02
2 8.162469768989126e-03
5 2.423187065842530e-04
5 2.111771257913727e-04
5 1.938549652674024e-03
5 1.689417006330981e-03
6 1.569898751822136e-03
6 4.638726944886479e-03
6 5.011705351537147e-03
5 5.701782396367058e-03
6 2.952600419820586e-03
6 4.707610423697705e-03
6 4.374742471090803e-03
6 3.127864589886814e-03
6 5.029773772324568e-03
6 3.775986718391250e-03
6 4.261211381721696e-03
6 5.381107668439832e-03
6 5.176579744418226e-03
6 4.371248386516688e-03
6 5.538524621195468e-03
6 4.783529464564867e-03
6 4.621717503359137e-03
6 5.498044165782597e-03
6 5.327095138760393e-03
6 4.696254786913488e-03
3 5.550157576430123e-03
6 4.982124007835611e-03
6 4.643553327430003e-03
6 5.505816604503192e-03
6 5.336880334940498e-03
6 4.714919802019505e-03
3 5.550157576430123e-03
6 4.994602002790788e-03
2 1.548617598168867e-02
2 1.525909869110735e-02
2 1.548617598168867e-02
2 1.525909869110735e-02
5 8.312697294296657e-05
5 8.312418427381325e-05
5 6.650157835437325e-04
5 6.649934741905060e-04
5 2.244428269460098e-03
5 2.244352975392958e-03
6 1.940053439777953e-03
6 3.360268090812055e-03
6 3.360268090812055e-03
6 1.939966147146523e-03
6 3.191134307777321e-03
6 5.766708461142711e-03
6 5.766708461142712e-03
6 3.191134307777321e-03
6 3.882910457031665e-03
6 3.734631437358833e-03
6 3.628446598675637e-03
6 3.628446598675637e-03
6 3.734631437358835e-03
6 3.882910457031666e-03
6 4.087501981069775e-03
6 3.982326017674267e-03
6 3.900082304019728e-03
6 3.900082304019728e-03
6 3.982326017674262e-03
6 4.087501981069772e-03
6 4.103695533948590e-03
6 4.002268211700309e-03
6 3.921546690757820e-03
6 3.921546690757820e-03
6 4.002268211700309e-03
6 4.103695533948590e-03
2 1.202669565729347e-02
2 1.202659318964877e-02
2 1.202669565729347e-02
2 1.202659318964877e-02
5 6.252388286550566e-05
5 6.252388286550569e-05
5 5.001910629240453e-04
5 5.001910629240455e-04
5 1.688144837368653e-03
5 1.688144837368653e-03
6 1.734437358777401e-03
6 2.260381269607981e-03
6 2.260381269607981e-03
6 1.734437358777401e-03
6 2.995364936883038e-03
6 4.237537381489779e-03
6 4.237537381489779e-03
6 2.995364936883038e-03
6 3.757771077365581e-03
6 6.194166318667697e-03
6 6.194166318667696e-03
6 3.757771077365581e-03
6 3.987371617602649e-03
6 3.556910057571356e-03
6 3.693144225055562e-03
6 3.673432681512246e-03
6 3.568500774030758e-03
6 3.675770963803513e-03
6 3.667721481360048e-03
6 3.568500774030758e-03
6 3.675770963803513e-03
6 3.667721481360048e-03
6 3.556910057571356e-03
6 3.693144225055562e-03
6 3.673432681512246e-03
6 3.987371617602649e-03
6 4.004961309277144e-03
3 3.676143905399290e-03
6 3.565673534478964e-03
3 3.676140312688604e-03
6 3.565673534478964e-03
6 4.004961309277144e-03
2 1.124569879551279e-02
2 1.124569879551279e-02
2 1.124569879551279e-02
2 1.124569879551279e-02
5 8.284827978514491e-05
5 8.286527765131387e-05
5 6.627862382811593e-04
5 6.629222212105110e-04
5 2.236903554198912e-03
5 2.237362496585475e-03
6 2.460770233856767e-03
6 2.836387696273764e-03
6 2.836387696273762e-03
6 2.460647361258239e-03
6 3.975802053271517e-03
6 5.275620462775856e-03
6 5.275620462775858e-03
6 3.975802053271514e-03
6 4.407094812634755e-03
6 3.654584344696051e-03
6 3.636260844105704e-03
6 3.636260844105704e-03
6 3.654584344696051e-03
6 4.407094812634755e-03
6 4.433114449601229e-03
6 3.844048658185111e-03
6 3.886074957101498e-03
6 3.866816331682428e-03
6 3.837787994469933e-03
6 3.837787994469933e-03
6 3.866816331682428e-03
6 3.886074957101497e-03
6 3.844048658185110e-03
6 4.433114449601229e-03
2 1.215010100120381e-02
2 1.215017679995420e-02
2 1.215010100120381e-02
2 1.215017679995420e-02
5 2.111771257913726e-04
5 2.423187065842530e-04
5 1.689417006330981e-03
5 1.938549652674024e-03
5 5.701782396367058e-03
6 4.638726944886476e-03
6 5.011705351537147e-03
6 1.569898751822136e-03
6 3.775986718391250e-03
6 5.029773772324568e-03
6 3.127864589886814e-03
6 4.374742471090803e-03
6 4.707610423697705e-03
6 2.952600419820586e-03
6 4.783529464564867e-03
6 5.538524621195468e-03
6 4.371248386516688e-03
6 5.176579744418226e-03
6 5.381107668439832e-03
6 4.261211381721696e-03
6 4.982124007835611e-03
3 5.550157576430123e-03
6 4.696254786913488e-03
6 5.327095138760393e-03
6 5.498044165782597e-03
6 4.621717503359137e-03
6 4.994602002790788e-03
3 5.550157576430123e-03
6 4.714919802019505e-03
6 5.336880334940498e-03
6 5.505816604503192e-03
6 4.643553327430003e-03
2 1.525909869110735e-02
2 1.548617598168866e-02
2 1.525909869110735e-02
2 1.548617598168866e-02
5 2.098440537515418e-03
5 3.466754664933798e-03
5 3.466754664933797e-03
5 2.099792033211507e-03
5 6.194903113315687e-03
5 1.065118865161642e-02
5 1.065118865161641e-02
5 6.195334922407140e-03
6 8.841588690173393e-03
6 9.403526705745496e-03
5 1.672955694786971e-02
5 1.672955694786971e-02
6 9.403526705745494e-03
6 8.841588690173393e-03
6 9.660027390702380e-03
6 9.338970996558097e-03
6 8.902823328512690e-03
6 8.902823328512690e-03
6 9.338970996558097e-03
6 9.660027390702380e-03
6 9.686695902532471e-03
3 9.344773508627034e-03
6 8.931737931643972e-03
6 8.931737931643972e-03
3 9.344773508627030e-03
6 9.686695902532471e-03
2 9.686868250687559e-03
2 1.827799957108416e-02
2 1.827799957108417e-02
2 9.687604964772835e-03
2 9.686868250687559e-03
2 1.827799957108416e-02
2 1.827799957108417e-02
2 9.687604964772835e-03
4 6.461123548788709e-05
4 4.358825033060935e-04
4 3.830396603840568e-04
4 9.698685018458617e-05
4 8.086465094343299e-05
4 2.894135291593323e-04
4 2.919653335256290e-04
4 2.485662853599821e-05
4 1.390488021721465e-03
4 2.362268917544277e-03
4 1.756058348704857e-03
4 1.731671785406605e-03
4 8.681594799269029e-04
4 2.104852543420276e-03
4 2.105975422290041e-03
4 2.054497439940110e-03
4 2.179574619231875e-03
4 2.170997241231517e-03
4 2.035052172689384e-03
4 9.257062267639863e-06
4 1.158933633505880e-05
4 1.665982168118234e-06
4 6.778281249553475e-04
4 1.620262449445373e-03
4 8.557010367124157e-04
4 1.869926644665458e-03
4 1.872724814036646e-03
4 1.923854689175471e-03
4 1.652659904457201e-03
4 1.924975773283847e-03
4 1.710368530178908e-03
4 2.571434588477265e-05
4 1.567497993069136e-05
4 1.670138486619484e-04
4 2.310973322673654e-04
4 2.571434588477265e-05
4 1.670138486619486e-04
4 2.310973322673657e-04
4 1.567497993069138e-05
4 8.041709477331756e-04
4 1.996120741261962e-03
4 1.996120741261962e-03
4 8.041709477331754e-04
4 1.909118815318455e-03
4 1.939688727081900e-03
4 1.951242501140871e-03
4 1.951242501140871e-03
4 1.939688727081900e-03
4 1.909118815318455e-03
4 3.674592546818031e-06
4 5.873298841151695e-06
4 3.980253934581107e-04
4 5.613317704186941e-04
4 7.144176826007435e-04
4 1.883101120366311e-03
4 2.123402853868041e-03
4 2.021886317459693e-03
4 1.157054346650452e-03
4 1.777406501519193e-03
4 2.015510235324037e-03
4 1.113915636293627e-03
4 1.858142698374388e-03
4 1.968623202475059e-03
4 1.893556273687027e-03
4 2.091083643791315e-03
4 2.067305409484984e-03
4 2.116360590379486e-03
4 2.212988626351197e-03
4 2.238128637295710e-03
4 2.267364792475276e-03
4 2.332398787611505e-03
4 2.319726182860421e-03
4 2.340103189817792e-03
4 2.378848248969447e-03
4 2.388974822526447e-03
4 1.123735794789697e-05
4 1.187827436881540e-05
4 9.124973945173792e-04
4 8.279659903442650e-04
4 3.104520073130044e-04
4 1.069001194576940e-03
4 2.858207093532652e-03
4 3.095908858709188e-03
4 1.448532707493869e-03
4 2.197590138850435e-03
4 2.331568722787847e-03
4 2.573411638445117e-03
4 2.795409280077231e-03
4 2.401482035695633e-03
4 2.587371278385423e-03
4 2.864527129533436e-03
4 2.509081523540168e-03
4 2.577229912588521e-03
4 2.658346268755288e-03
4 2.724037464418056e-03
4 2.822592066477020e-03
4 2.768351783517243e-03
4 2.843668898799829e-03
4 2.773464445720331e-03
4 1.057843034618343e-04
4 9.044232140618025e-04
4 4.196079838677711e-04
4 8.071064378257149e-05
4 9.995554041141103e-04
4 2.365638163563302e-03
4 1.835945509655796e-03
4 2.811880911075387e-03
4 7.468254816520809e-04
4 2.294104689424158e-03
4 3.220391903841474e-03
4 2.886306892232248e-03
4 2.579492314317719e-03
4 2.579392876427434e-03
4 1.885759646037993e-03
4 2.938558119578716e-03
4 3.447918664547233e-03
4 3.263854621877331e-03
4 3.086803173462253e-03
4 3.082908476253776e-03
4 2.734936037369203e-03
4 2.773388749426898e-03
4 3.049881315365418e-03
4 3.486301647415677e-03
4 3.322216054411113e-03
4 3.175100884896027e-03
4 3.176770763383096e-03
4 2.930742243994808e-03
4 3.576360233879049e-04
4 1.620014024524039e-04
4 1.054871557018613e-03
4 1.755825948119956e-03
4 1.578387083020278e-03
4 2.365002450511198e-03
4 4.401470058017280e-03
4 3.700577297578014e-03
4 1.526753166166561e-03
4 2.976456214896237e-03
4 3.131673038957007e-03
4 3.139171253811261e-03
4 2.861473175866381e-03
4 2.898071967535413e-03
4 3.141178310972042e-03
4 3.117684987068462e-03
4 3.028798812525461e-03
4 3.074065201818253e-03
4 2.700193509487539e-03
4 2.723324593745895e-03
4 3.082929912313744e-03
4 3.035988670853306e-03
4 2.580507333554351e-03
4 2.609916709720337e-03
4 3.074719438862302e-03
1 3.118321674721752e-03
4 2.936962488883643e-03
1 3.023909028395422e-03
4 2.799527494293179e-03
4 2.813078400584542e-03
4 3.794949151341456e-04
4 3.795110100311812e-04
4 1.922624319742720e-03
4 1.883055911284713e-03
4 1.392527898763704e-03
4 2.634056325692152e-03
4 1.982988641715866e-03
4 2.154006629826052e-03
4 1.488037768742013e-03
4 1.488037768742013e-03
4 2.154006629826053e-03
4 1.982988641715866e-03
4 2.634056325692153e-03
4 1.392316322968698e-03
4 1.883055911284713e-03
4 1.922624319742720e-03
4 2.474077622096033e-03
4 2.329469204807355e-03
4 2.363207673849083e-03
4 2.363207673849083e-03
4 2.329469204807356e-03
4 2.474077622096032e-03
4 3.744812131082931e-04
4 3.744812131082930e-04
4 1.479293505639720e-03
4 2.497524199030465e-03
4 2.497524199030465e-03
4 1.479293505639719e-03
4 1.908777218426868e-03
4 1.886264902562897e-03
1 1.895367841040504e-03
4 1.886264902562898e-03
1 1.895367841040504e-03
4 1.908777218426868e-03
4 6.378587771252094e-04
4 6.380731756640439e-04
4 1.547453640230212e-03
4 1.810371460666699e-03
4 1.699730416404713e-03
4 1.699730416404713e-03
4 1.810371460666698e-03
4 1.547820452511538e-03
4 1.920868858397361e-03
4 1.963869587855278e-03
4 1.947053694289138e-03
4 1.947053694289137e-03
4 1.963869587855278e-03
4 1.920868858397361e-03
4 8.086465094343298e-05
4 2.485662853599821e-05
4 2.894135291593323e-04
4 2.919653335256290e-04
4 4.358825033060936e-04
4 3.830396603840568e-04
4 6.461123548788709e-05
4 9.698685018458619e-05
4 8.681594799269023e-04
4 1.731671785406605e-03
4 1.756058348704857e-03
4 2.362268917544277e-03
4 1.390488021721465e-03
4 2.035052172689384e-03
4 2.170997241231517e-03
4 2.179574619231875e-03
4 2.054497439940110e-03
4 2.105975422290041e-03
4 2.104852543420276e-03
4 7.825969765949700e-05
4 2.087109191320022e-05
4 4.745716018482691e-04
4 1.026906398077074e-03
4 9.126671110668804e-04
4 1.624912928322047e-03
4 3.192450091541220e-03
4 2.492739081287208e-03
4 1.291319485813896e-03
4 2.001892975936555e-03
4 1.941394026050871e-03
4 1.991664907966385e-03
4 1.997912404730647e-03
4 1.416238713848738e-03
4 2.386590906566175e-03
4 2.360962446622347e-03
4 2.356725877860100e-03
4 2.197212152208487e-03
4 2.513585494577056e-03
4 2.198318742366881e-03
4 2.481025095504105e-03
4 2.471879460995159e-03
4 2.487826729617133e-03
4 2.365790859332726e-03
1 2.522407098746952e-03
4 2.386686474675042e-03
4 1.980553363615987e-07
4 3.312852475906862e-06
4 2.542501482329667e-04
4 9.961613884497480e-04
4 2.476991873448462e-04
4 7.886198726842580e-04
4 1.382988479682189e-03
4 1.926524795849410e-03
4 1.496803662648567e-03
4 1.095097029214719e-03
4 2.134546667739233e-03
4 2.192394612706519e-03
4 2.324721231526721e-03
4 2.160059107488660e-03
4 1.624298004503933e-03
4 2.718624003327867e-03
4 2.344112733028465e-03
4 2.053190573119517e-03
4 2.579790401742190e-03
4 2.597078542542308e-03
4 2.381262291830052e-03
4 2.888106888209121e-03
4 2.714873104057627e-03
4 2.570409356956035e-03
4 2.610781398542987e-03
4 2.624377767097217e-03
4 2.497878198054855e-03
4 2.901554704864479e-03
4 2.771257520069168e-03
4 2.651600461419464e-03
4 1.735344569268452e-07
4 2.040111041279886e-06
4 1.711117530762609e-04
4 4.498779326047315e-04
4 1.925687201764137e-04
4 1.342185302874286e-03
4 2.116110520474584e-03
4 9.655559132312576e-04
4 1.647608259183024e-03
4 1.865967080599411e-03
4 1.825739086983828e-03
4 2.782520072697850e-03
4 1.976012597866641e-03
4 1.855120283002082e-03
4 1.241324476239837e-03
4 4.162906181450707e-03
4 1.951536561538755e-03
4 2.493826319724962e-03
4 2.447023291540041e-03
4 2.219080136064939e-03
4 2.685676326385054e-03
4 2.503374032487076e-03
4 2.520408831572119e-03
4 2.531237324535838e-03
1 2.481739465358822e-03
4 2.397142304686031e-03
1 2.702058033420128e-03
4 2.601211344509783e-03
4 2.612624483292871e-03
4 3.171252927189396e-06
4 5.006465035593904e-06
4 2.834467600407631e-04
4 4.063545523616324e-04
4 1.762509409875399e-03
4 1.337390952388206e-03
4 1.204772837910499e-03
4 1.052954298734980e-03
4 1.794450333705471e-03
4 3.244125641552726e-03
4 3.491936251638860e-03
4 2.182673925215348e-03
4 2.242757882841161e-03
4 2.195468749174893e-03
4 2.236962310038564e-03
4 2.238679293700725e-03
4 2.254283610909505e-03
4 2.360678665566348e-03
4 1.666229440846938e-06
4 1.135000571257810e-05
4 9.169432312934911e-06
4 8.556379083772288e-04
4 1.620262449445373e-03
4 6.778196750000078e-04
4 1.710368530178908e-03
4 1.924975773283847e-03
4 1.652659904457202e-03
4 1.923854689175471e-03
4 1.872724814036646e-03
4 1.869926644665458e-03
4 5.006465035593903e-06
4 3.171252927189396e-06
4 4.063545523616325e-04
4 2.834467600407632e-04
4 1.204772837910499e-03
4 1.052954298734980e-03
4 1.337390952388206e-03
4 1.762509409875399e-03
4 2.182673925215348e-03
4 3.491936251638860e-03
4 3.244125641552725e-03
4 1.794450333705471e-03
4 2.360678665566349e-03
4 2.254283610909505e-03
4 2.238679293700725e-03
4 2.236962310038564e-03
4 2.195468749174893e-03
4 2.242757882841161e-03
4 2.086233876650918e-05
4 7.829809736239513e-05
4 9.127748926176386e-04
4 1.026906398077074e-03
4 4.745646701217257e-04
4 1.416217192007321e-03
4 1.997912404730647e-03
4 1.991664907966387e-03
4 1.941394026050872e-03
4 2.001892975936555e-03
4 1.291319485813896e-03
4 2.492739081287208e-03
4 3.192450091541220e-03
4 1.624978592081341e-03
4 2.198318742366881e-03
4 2.513585494577057e-03
4 2.197212152208488e-03
4 2.356725877860100e-03
4 2.360962446622346e-03
4 2.386590906566174e-03
4 2.386686474675042e-03
1 2.522407098746952e-03
4 2.365790859332726e-03
4 2.487826729617133e-03
4 2.471879460995158e-03
4 2.481025095504105e-03
4 1.620014024524039e-04
4 3.576360233879048e-04
4 1.578387083020278e-03
4 1.755825948119956e-03
4 1.054871557018612e-03
4 1.526753166166561e-03
4 3.700577297578014e-03
4 4.401470058017280e-03
4 2.365002450511198e-03
4 2.580507333554350e-03
4 2.609916709720337e-03
4 2.723324593745895e-03
4 3.082929912313743e-03
4 3.035988670853306e-03
4 3.028798812525461e-03
4 3.074065201818252e-03
4 2.700193509487538e-03
4 2.898071967535413e-03
4 3.141178310972042e-03
4 3.117684987068462e-03
4 3.131673038957007e-03
4 3.139171253811261e-03
4 2.861473175866381e-03
4 2.976456214896237e-03
4 2.813078400584541e-03
4 2.799527494293178e-03
1 3.023909028395422e-03
4 2.936962488883644e-03
1 3.118321674721752e-03
4 3.074719438862302e-03
5 1.159933862185900e-04
5 1.159979643160876e-04
5 9.279470897487202e-04
5 9.279837145287005e-04
5 3.131821427901931e-03
5 3.131945036534363e-03
6 2.615151443077305e-03
6 4.377862083356446e-03
6 4.377862083356446e-03
6 2.615287355142424e-03
6 3.853017403178967e-03
6 6.955212457863692e-03
6 6.955212457863688e-03
6 3.853017403178968e-03
6 4.398358946326275e-03
6 4.206576420917220e-03
6 4.122137645159561e-03
6 4.122137645159565e-03
6 4.206576420917218e-03
6 4.398358946326278e-03
6 4.479628152872390e-03
6 4.460036971952450e-03
6 4.350208027369697e-03
6 4.248047095291721e-03
6 4.211730814657848e-03
6 4.236297558281082e-03
6 4.236297558281083e-03
6 4.211730814657848e-03
6 4.248047095291721e-03
6 4.350208027369697e-03
6 4.460036971952450e-03
6 4.479628152872390e-03
2 1.299161033245156e-02
2 1.299152553970820e-02
2 1.299161033245156e-02
2 1.299152553970820e-02
5 1.869163736889392e-04
5 2.265357844382579e-04
5 1.495330989511513e-03
5 1.812286275506063e-03
5 5.046742089601361e-03
6 6.006141780228940e-03
6 3.855858452131589e-03
6 1.343080249311248e-03
6 4.189768564027041e-03
6 3.835063243013460e-03
6 2.670902726760690e-03
6 4.360821878942429e-03
6 3.583005981412419e-03
6 3.036500551208672e-03
6 5.033904566198271e-03
6 4.828301502415740e-03
6 3.905621561797887e-03
6 5.180090134673278e-03
6 4.558961477503451e-03
6 4.164841790854973e-03
6 5.180809809494594e-03
6 5.010495974018312e-03
6 4.420375298555028e-03
6 5.327596801167507e-03
6 4.936525479223033e-03
6 4.627447715384198e-03
6 5.190420702912562e-03
6 5.022012972800028e-03
6 4.484222314029699e-03
6 4.490144877084091e-03
6 5.337504603256191e-03
6 5.061467236041886e-03
6 4.908041515828169e-03
6 4.790881094435273e-03
6 4.583395392229049e-03
2 1.469860966994239e-02
2 1.500504787856001e-02
2 1.469860966994239e-02
2 1.500504787856001e-02
4 1.785564558560755e-04
4 7.467084034267919e-05
4 3.783399072865872e-05
4 8.218957168110722e-04
4 2.095970858494678e-03
4 1.541296868302998e-03
4 2.506735982988575e-03
4 2.667135486773748e-03
4 2.762916959817088e-03
4 1.942970862854802e-03
4 2.312961144499665e-03
4 2.751952414244316e-03
4 3.485103053187134e-03
4 3.553898789593760e-03
4 3.605974420313465e-03
4 3.231388328453774e-03
4 3.386133804953432e-03
4 3.547836106132478e-03
4 3.603190961574747e-03
4 3.602698929714287e-03
4 3.677771367845460e-03
4 3.644054000555014e-03
4 3.778101125054471e-03
4 3.665192585611794e-03
4 3.395411647295809e-03
4 3.407199256825051e-03
4 3.601881454233332e-03
4 3.463091859855654e-03
4 3.595237363278110e-03
4 6.299245849205198e-05
4 1.658142557199182e-04
4 6.723664840716462e-04
4 6.299245849205196e-05
4 1.143030632875664e-03
4 2.695441569504936e-03
4 1.875674669212173e-03
4 1.875674570419763e-03
4 1.143030632875664e-03
4 2.455058300399580e-03
4 2.443154360144588e-03
4 2.881546488593862e-03
4 2.842337809070279e-03
4 2.518828811565085e-03
4 2.881546507622903e-03
4 2.842337721548062e-03
4 2.518832213975633e-03
4 2.731792554086611e-03
4 2.731792585551427e-03
4 2.455083469771809e-03
4 2.443178216226603e-03
4 2.692921682298079e-03
4 2.748981807311372e-03
4 2.748982704999576e-03
4 2.865479945707815e-03
4 2.865480552119219e-03
4 2.692920773049347e-03
4 5.869474943684742e-06
4 3.674876475345731e-06
4 5.615210957531379e-04
4 3.980371292366436e-04
4 1.968623202475059e-03
4 1.858142698374387e-03
4 1.114132098037937e-03
4 2.015510235324037e-03
4 1.777406501519194e-03
4 1.157054346650452e-03
4 2.021886317459692e-03
4 2.123402853868042e-03
4 1.883101120366311e-03
4 7.144232502755473e-04
4 2.238128637295710e-03
4 2.212988626351198e-03
4 2.116360590379485e-03
4 2.067305409484984e-03
4 2.091083643791315e-03
4 1.893495834243902e-03
4 2.388974822526447e-03
4 2.378848248969447e-03
4 2.340103189817792e-03
4 2.319726182860421e-03
4 2.332398787611506e-03
4 2.267364792475276e-03
4 3.312852475906860e-06
4 1.980553363615987e-07
4 2.476991873448463e-04
4 9.961613884497482e-04
4 2.542501482329667e-04
4 1.095097029214719e-03
4 1.496803662648566e-03
4 1.926524795849410e-03
4 1.382988479682189e-03
4 7.886198726842583e-04
4 2.053190573119517e-03
4 2.344112733028465e-03
4 2.718624003327868e-03
4 1.624298004503933e-03
4 2.324721231526721e-03
4 2.160059107488660e-03
4 2.134546667739234e-03
4 2.192394612706519e-03
4 2.570409356956035e-03
4 2.714873104057627e-03
4 2.888106888209121e-03
4 2.381262291830052e-03
4 2.597078542542308e-03
4 2.579790401742190e-03
4 2.651600461419464e-03
4 2.771257520069169e-03
4 2.901554704864478e-03
4 2.497878198054854e-03
4 2.624377767097217e-03
4 2.610781398542987e-03
4 2.122578145965123e-06
4 1.733774045529182e-07
4 1.925641618853799e-04
4 4.498779326047318e-04
4 1.711270543239943e-04
4 9.655409348145945e-04
4 2.116110520474584e-03
4 1.342283448290289e-03
4 1.951650856089310e-03
4 4.162906181450707e-03
4 1.241324476239837e-03
4 1.855120283002083e-03
4 1.976012597866641e-03
4 2.782520072697852e-03
4 1.825739086983828e-03
4 1.865967080599410e-03
4 1.647582501476227e-03
4 2.520408831572118e-03
4 2.503374032487076e-03
4 2.685676326385055e-03
4 2.219080136064938e-03
4 2.493850605062925e-03
4 2.447023291540043e-03
4 2.612624483292871e-03
4 2.601211344509783e-03
1 2.702058033420128e-03
4 2.397145194992850e-03
4 2.531239730163724e-03
1 2.481740376926560e-03
4 1.187827436881540e-05
4 1.123735794789697e-05
4 3.104520073130044e-04
4 8.279659903442649e-04
4 9.124973945173792e-04
4 1.448532707493869e-03
4 3.095908858709188e-03
4 2.858207093532653e-03
4 1.069001194576940e-03
4 2.509081523540168e-03
4 2.577229912588522e-03
4 2.587371278385423e-03
4 2.864527129533436e-03
4 2.401482035695633e-03
4 2.573411638445117e-03
4 2.795409280077231e-03
4 2.331568722787848e-03
4 2.197590138850435e-03
4 2.773464445720330e-03
4 2.843668898799829e-03
4 2.768351783517243e-03
4 2.822592066477020e-03
4 2.724037464418056e-03
4 2.658346268755288e-03
4 3.780310755328782e-05
4 7.455093065842722e-05
4 1.716221710400903e-04
4 1.540877134704863e-03
4 2.095970858494679e-03
4 8.218553834156227e-04
4 2.751952414244317e-03
4 2.312961144499666e-03
4 1.942970862854801e-03
4 2.762916959817088e-03
4 2.667135486773747e-03
4 2.506676927622805e-03
4 3.547836106132478e-03
4 3.386133804953432e-03
4 3.231388328453773e-03
4 3.605974420313464e-03
4 3.553898789593760e-03
4 3.485103053187133e-03
4 3.595237363278109e-03
4 3.463091859855655e-03
4 3.601881454233332e-03
4 3.407199256825052e-03
4 3.395411647295809e-03
4 3.665192585611794e-03
4 3.778101125054472e-03
4 3.644054000555014e-03
4 3.677771367845460e-03
4 3.602698929714286e-03
4 3.603190961574748e-03
5 2.934054382144041e-04
5 2.934054382144041e-04
5 2.347243505715233e-03
5 2.347243505715232e-03
6 2.585486524577865e-03
6 3.973708348708285e-03
6 4.665890596359283e-03
6 4.665890596359286e-03
6 2.585486524577864e-03
6 3.973708348708285e-03
6 4.988411076009082e-03
6 9.029520681544254e-03
6 9.029520681544254e-03
6 4.988411076009082e-03
6 5.594815196036766e-03
6 5.409931424082341e-03
6 5.181084835676443e-03
6 5.409931424082342e-03
6 5.181084835676446e-03
6 5.594815196036766e-03
6 5.695152289294855e-03
3 5.419826971837230e-03
6 5.296620189674219e-03
3 5.419815628826689e-03
6 5.296620189674221e-03
6 5.695152289294855e-03
6 5.706785283109886e-03
3 5.419826971837230e-03
6 5.307078315024453e-03
3 5.419815628826689e-03
6 5.307078315024453e-03
6 5.706785283109888e-03
2 1.642485235842866e-02
2 1.642485235842865e-02
2 1.642485235842866e-02
2 1.642485235842865e-02
5 7.916647736484965e-04
5 3.255420640769409e-03
5 3.255420640769410e-03
5 7.917355136634631e-04
5 2.629854968166051e-03
5 9.753291841786768e-03
5 9.753291841786763e-03
5 2.630074679084766e-03
5 4.709364393910758e-03
6 6.359109475093686e-03
6 1.051573098897425e-02
6 7.038731672476495e-03
6 7.038731672476493e-03
6 1.051573098897425e-02
6 6.359109475093687e-03
5 4.709716432910279e-03
6 6.225558110264606e-03
6 7.869002096743656e-03
6 8.705354692331196e-03
6 8.705354692331196e-03
6 7.869002096743663e-03
6 6.225558110264601e-03
6 6.752608092648605e-03
6 8.151071455099022e-03
6 8.932896523405240e-03
6 8.932896523405240e-03
6 8.151071455099022e-03
6 6.752608092648606e-03
6 6.845670101316936e-03
6 8.195621015379392e-03
6 8.977401134992026e-03
6 8.977401134992026e-03
6 8.195621015379392e-03
6 6.845670101316936e-03
6 6.851789018256849e-03
6 8.200116721353139e-03
6 8.987448666463853e-03
6 8.987448666463853e-03
6 8.200116721353139e-03
6 6.851789018256849e-03
2 6.851391278766551e-03
2 1.718617686285652e-02
2 1.718617686285651e-02
2 6.851493080400720e-03
2 6.851391278766551e-03
2 1.718617686285652e-02
2 1.718617686285651e-02
2 6.851493080400720e-03
5 2.265357844382579e-04
5 1.869163736889392e-04
5 1.812286275506063e-03
5 1.495330989511514e-03
6 1.343080249311248e-03
6 6.006141780228944e-03
6 3.855858452131591e-03
5 5.046742089601361e-03
6 3.036500551208671e-03
6 3.583005981412419e-03
6 4.360821878942429e-03
6 2.670902726760690e-03
6 3.835063243013460e-03
6 4.189768564027042e-03
6 4.164841790854974e-03
6 4.558961477503451e-03
6 5.180090134673278e-03
6 3.905621561797887e-03
6 4.828301502415740e-03
6 5.033904566198271e-03
6 4.627447715384198e-03
6 4.936525479223033e-03
6 5.327596801167507e-03
6 4.420375298555027e-03
6 5.010495974018312e-03
6 5.180809809494594e-03
6 4.790881094435273e-03
6 4.583395392229049e-03
6 5.061467236041886e-03
6 4.908041515828169e-03
6 5.337504603256191e-03
6 4.484222314029699e-03
6 4.490144877084091e-03
6 5.022012972800029e-03
6 5.190420702912562e-03
2 1.500504787856001e-02
2 1.469860966994239e-02
2 1.500504787856001e-02
2 1.469860966994239e-02
4 8.071241681682365e-05
4 4.196079838677712e-04
4 9.044232140618040e-04
4 1.057875053358548e-04
4 7.468204745925770e-04
4 2.811880911075388e-03
4 1.835945509655795e-03
4 2.365638163563303e-03
4 9.995120360361913e-04
4 1.885724097273154e-03
4 2.579392876427433e-03
4 2.579492314317719e-03
4 2.886306892232248e-03
4 3.220391903841474e-03
4 2.294104689424159e-03
4 2.773388749426900e-03
4 2.734936037369203e-03
4 3.082908476253777e-03
4 3.086803173462254e-03
4 3.263854621877329e-03
4 3.447918664547233e-03
4 2.938558119578716e-03
4 2.930742243994808e-03
4 3.176770763383096e-03
4 3.175100884896027e-03
4 3.322216054411113e-03
4 3.486301647415677e-03
4 3.049881315365418e-03
4 1.542875987492909e-06
4 2.952638631587034e-05
4 3.409333000586296e-05
4 4.488818748988274e-06
4 2.952638631587034e-05
4 3.409333000586296e-05
4 1.542875987492909e-06
4 4.488818748988274e-06
4 7.738718458525740e-04
4 1.405987649777585e-03
4 1.405987758037222e-03
4 2.628502048591090e-03
4 7.738718458525736e-04
4 1.949603911911765e-03
4 2.076924153131272e-03
4 2.076924146513540e-03
4 2.070991712901718e-03
4 2.070978692818031e-03
4 1.949557698868232e-03
4 1.666899966243428e-06
4 1.666272380256465e-06
4 1.705363115351641e-04
4 8.390826482023045e-04
4 6.665522618587109e-04
4 6.665522618587095e-04
4 8.390826482023034e-04
4 1.705364686740817e-04
4 1.154297346218681e-03
4 1.625439096484868e-03
4 1.597685730483920e-03
4 1.597685730483920e-03
4 1.625439096484868e-03
4 1.154294490500620e-03
4 2.038297506994307e-03
4 2.149355700082523e-03
4 2.142614956638059e-03
4 2.142614956638059e-03
4 2.149355700082523e-03
4 2.038297506994308e-03
4 1.410416177444234e-06
4 1.410416177444234e-06
4 5.635510512252556e-04
4 5.635510512252557e-04
4 1.065015804118737e-03
4 2.438765416479478e-03
4 2.438765416479478e-03
4 1.065015804118737e-03
4 2.017857016589538e-03
4 2.060707122325984e-03
4 2.072691107374479e-03
4 2.072691107374479e-03
4 2.060707122325984e-03
4 2.017857016589538e-03
4 5.562873996276886e-04
4 1.023099170447573e-03
4 1.812248614151064e-03
4 1.910047485168182e-03
4 1.794201733572665e-03
4 1.956734600884844e-03
4 1.887281151994456e-03
4 1.892693470159478e-03
4 1.189465552097936e-03
4 2.665110665159386e-03
4 2.665110665159386e-03
4 1.189465552097936e-03
4 1.860327239036123e-03
4 1.866157472639328e-03
1 1.883533692346915e-03
4 1.866157472639329e-03
1 1.883533692346915e-03
4 1.860327239036123e-03
4 8.632840779604058e-04
4 1.624930257703367e-03
4 9.434364744710825e-04
4 8.627320600947883e-04
4 1.832428313914088e-03
4 1.834593824048988e-03
1 1.830564288165990e-03
4 1.814905568084204e-03
1 1.810975021996571e-03
4 1.832428313914088e-03
4 1.062742988534621e-03
4 1.475484421955416e-03
4 1.730607349963289e-03
4 1.730607349963289e-03
4 1.475484421955416e-03
4 1.062742988534621e-03
4 1.021769517074910e-03
4 5.562328252466158e-04
4 1.892693470159478e-03
4 1.887281151994456e-03
4 1.956734600884844e-03
4 1.794201733572664e-03
4 1.910047485168182e-03
4 1.812248614151063e-03
