5 1.714606040608301e-02
5 9.502683749720710e-03
5 1.231694967804049e-02
5 1.231694967804049e-02
5 1.714606040608301e-02
5 9.502683749720710e-03
5 2.275091504782364e-02
5 1.438521866649059e-02
5 1.764009672224803e-02
5 1.764009672224803e-02
5 2.275091504782363e-02
5 1.438521866649060e-02
6 2.260044701372490e-02
6 2.477127650687530e-02
5 1.619479064415577e-02
5 1.899247609002440e-02
5 1.899247609002440e-02
6 2.260044701372491e-02
6 2.477127650687530e-02
5 1.619479064415577e-02
2 2.341779946177724e-02
6 1.647778880382090e-02
6 1.911958569070231e-02
6 1.911958569070231e-02
2 2.341779946177724e-02
6 1.647778880382090e-02
2 2.341779946177724e-02
2 1.648113070970133e-02
2 1.912161506694249e-02
2 1.912161506694249e-02
2 2.341779946177724e-02
2 1.648113070970133e-02
2 2.341779946177724e-02
2 1.648113070970133e-02
2 1.912161506694249e-02
2 1.912161506694249e-02
2 2.341779946177724e-02
2 1.648113070970133e-02
5 1.298590561814504e-03
5 3.597939787077127e-03
5 3.597939787077131e-03
5 1.298595123274798e-03
5 4.102252579551174e-03
5 1.080489351428550e-02
5 1.080489351428553e-02
5 4.102250168494555e-03
5 6.772821551649779e-03
6 9.255261229306947e-03
6 8.697429831077633e-03
6 7.275864720088376e-03
6 7.275864720088382e-03
6 8.697429831077616e-03
6 9.255261229306949e-03
5 6.772769648752315e-03
6 7.983407218349243e-03
6 1.008609892499642e-02
6 7.927750857741231e-03
6 7.927750857741223e-03
6 1.008609892499642e-02
6 7.983407218349231e-03
6 8.158010752718364e-03
3 1.009198462343713e-02
6 8.105768528923533e-03
6 8.105768528923533e-03
3 1.009198462343714e-02
6 8.158010752718364e-03
2 8.162380671613016e-03
2 1.820126257457628e-02
2 1.820126257457631e-02
2 8.162378446364159e-03
2 8.162380671613016e-03
2 1.820126257457628e-02
2 1.820126257457631e-02
2 8.162378446364159e-03
5 2.418854462097819e-04
5 2.111907313801823e-04
5 1.935083569678255e-03
5 1.689525851041459e-03
6 1.570720472616148e-03
6 4.637056171995748e-03
6 5.013674133389804e-03
5 5.702149747264917e-03
6 2.953025795791484e-03
6 4.707309745509549e-03
6 4.374152770884192e-03
6 3.127690783285856e-03
6 5.028169049812905e-03
6 3.775988829694213e-03
6 4.261165563175304e-03
6 5.381075868536016e-03
6 5.176396292822573e-03
6 4.371236948795333e-03
6 5.538506641560138e-03
6 4.783623768309238e-03
6 4.621739862463092e-03
6 5.497864551491120e-03
6 5.326891949524403e-03
6 4.696061728935057e-03
3 5.550211552331455e-03
6 4.982078253683801e-03
6 4.644019484961884e-03
6 5.505050791801532e-03
6 5.336115894460598e-03
6 4.714305027153452e-03
3 5.550211552331455e-03
6 4.994620437501988e-03
2 1.548516333705523e-02
2 1.525908913827674e-02
2 1.548516333705523e-02
2 1.525908913827674e-02
5 8.311582853611646e-05
5 8.311471844560439e-05
5 6.649266282889317e-04
5 6.649177475648351e-04
5 2.244127370475143e-03
5 2.244097398031321e-03
6 1.940854460085465e-03
6 3.362586380389291e-03
6 3.362586380389290e-03
6 1.940850425965020e-03
6 3.191123710012779e-03
6 5.767028835824256e-03
6 5.767028835824258e-03
6 3.191123710012784e-03
6 3.882922334582273e-03
6 3.734624916727374e-03
6 3.628419895780427e-03
6 3.628419895780429e-03
6 3.734624916727379e-03
6 3.882922334582277e-03
6 4.087203569447786e-03
6 3.982101004707589e-03
6 3.899977425358380e-03
6 3.899977425358384e-03
6 3.982101004707584e-03
6 4.087203569447782e-03
6 4.103225785582422e-03
6 4.002281133972212e-03
6 3.921141406426536e-03
6 3.921141406426536e-03
6 4.002281133972212e-03
6 4.103225785582422e-03
2 1.202662830189967e-02
2 1.202662447356429e-02
2 1.202662830189967e-02
2 1.202662447356429e-02
5 6.251061762621843e-05
5 6.251061762621843e-05
5 5.000849410097475e-04
5 5.000849410097475e-04
5 1.687786675907897e-03
5 1.687786675907898e-03
6 1.735091023633222e-03
6 2.263736658263398e-03
6 2.263736658263398e-03
6 1.735091023633222e-03
6 2.995297585753483e-03
6 4.237625745769646e-03
6 4.237625745769641e-03
6 2.995297585753483e-03
6 3.757747036115226e-03
6 6.194156662071918e-03
6 6.194156662071911e-03
6 3.757747036115226e-03
6 3.987194054638452e-03
6 3.556473797318633e-03
6 3.693027083492363e-03
6 3.673407692126148e-03
6 3.568047480793943e-03
6 3.675700992678577e-03
6 3.667692279455546e-03
6 3.568047480793943e-03
6 3.675700992678577e-03
6 3.667692279455546e-03
6 3.556473797318633e-03
6 3.693027083492363e-03
6 3.673407692126148e-03
6 3.987194054638452e-03
6 4.004137712186413e-03
3 3.676128712134480e-03
6 3.565272738702349e-03
3 3.676128483447764e-03
6 3.565272627572205e-03
6 4.004137712186413e-03
2 1.124555842820534e-02
2 1.124555842820534e-02
2 1.124555842820534e-02
2 1.124555842820534e-02
5 8.285146519743877e-05
5 8.285104490335768e-05
5 6.628117215795101e-04
5 6.628083592268614e-04
5 2.236989560330847e-03
5 2.236978212390656e-03
6 2.461044590327373e-03
6 2.838440814954882e-03
6 2.838440814954884e-03
6 2.461017931188365e-03
6 3.975794614406849e-03
6 5.275663477167990e-03
6 5.275663477167979e-03
6 3.975794614406848e-03
6 4.407018146019200e-03
6 3.654484980460341e-03
6 3.636163784916800e-03
6 3.636163784916800e-03
6 3.654484980460343e-03
6 4.407018146019200e-03
6 4.432951928635684e-03
6 3.844051057468277e-03
6 3.885903574726568e-03
6 3.866702872068819e-03
6 3.837781858700191e-03
6 3.837781858700191e-03
6 3.866702872068820e-03
6 3.885903574726568e-03
6 3.844051057468276e-03
6 4.432951928635684e-03
2 1.215017507411462e-02
2 1.215017157488642e-02
2 1.215017507411462e-02
2 1.215017157488642e-02
5 2.111907313801822e-04
5 2.418854462097818e-04
5 1.689525851041457e-03
5 1.935083569678254e-03
5 5.702149747264920e-03
6 4.637056171995737e-03
6 5.013674133389811e-03
6 1.570720472616148e-03
6 3.775988829694213e-03
6 5.028169049812905e-03
6 3.127690783285856e-03
6 4.374152770884192e-03
6 4.707309745509549e-03
6 2.953025795791484e-03
6 4.783623768309238e-03
6 5.538506641560138e-03
6 4.371236948795333e-03
6 5.176396292822573e-03
6 5.381075868536016e-03
6 4.261165563175304e-03
6 4.982078253683801e-03
3 5.550211552331455e-03
6 4.696061728935057e-03
6 5.326891949524403e-03
6 5.497864551491120e-03
6 4.621739862463092e-03
6 4.994620437501988e-03
3 5.550211552331455e-03
6 4.714305027153452e-03
6 5.336115894460598e-03
6 5.505050791801532e-03
6 4.644019484961884e-03
2 1.525908913827674e-02
2 1.548516333705523e-02
2 1.525908913827674e-02
2 1.548516333705523e-02
5 2.096709708065163e-03
5 3.466449502551675e-03
5 3.466449502551676e-03
5 2.096282651864871e-03
5 6.190854272270472e-03
5 1.064997420869518e-02
5 1.064997420869517e-02
5 6.190614612095584e-03
6 8.841451805550342e-03
6 9.404935264189077e-03
5 1.672683841616324e-02
5 1.672683841616325e-02
6 9.404935264189103e-03
6 8.841451805550359e-03
6 9.658284906909915e-03
6 9.339275180470032e-03
6 8.902845600699122e-03
6 8.902845600699122e-03
6 9.339275180470032e-03
6 9.658284906909915e-03
6 9.685163987499287e-03
3 9.344959478052198e-03
6 8.932409585844257e-03
6 8.932409585844257e-03
3 9.344959478052204e-03
6 9.685163987499287e-03
2 9.685265213757390e-03
2 1.827736883056647e-02
2 1.827736883056649e-02
2 9.685020075458111e-03
2 9.685265213757390e-03
2 1.827736883056647e-02
2 1.827736883056649e-02
2 9.685020075458111e-03
4 6.461949738679854e-05
4 4.311596411672018e-04
4 3.781013737642877e-04
4 9.676174079136651e-05
4 8.108376655290937e-05
4 2.869717114930514e-04
4 2.885578548676580e-04
4 2.485700992056621e-05
4 1.390332739001158e-03
4 2.361729307605053e-03
4 1.755955272341616e-03
4 1.731663693345796e-03
4 8.681450718188788e-04
4 2.104813043414431e-03
4 2.105951785828306e-03
4 2.054646138037599e-03
4 2.179563664830808e-03
4 2.170985318068497e-03
4 2.035246199682472e-03
4 1.012855404654736e-05
4 1.239671162096214e-05
4 1.666254424893593e-06
4 6.778649053970050e-04
4 1.620346627068239e-03
4 8.557066882869664e-04
4 1.869481563441614e-03
4 1.872466901981022e-03
4 1.923527626526746e-03
4 1.650434200531901e-03
4 1.925078430928332e-03
4 1.707451600958040e-03
4 2.649300991223067e-05
4 1.567454781109550e-05
4 1.681593938713638e-04
4 2.237588873374077e-04
4 2.649300991223066e-05
4 1.681593938713637e-04
4 2.237588873374077e-04
4 1.567454781109550e-05
4 8.042095539909094e-04
4 1.996157509833692e-03
4 1.996157509833691e-03
4 8.042095539909094e-04
4 1.908578301189177e-03
4 1.939161019613824e-03
4 1.950729650823579e-03
4 1.950729650823579e-03
4 1.939161019613824e-03
4 1.908578301189177e-03
4 3.675793045082817e-06
4 5.873604890694585e-06
4 3.979430027173768e-04
4 5.613238976679243e-04
4 7.147075024965440e-04
4 1.883177973694196e-03
4 2.123506286660878e-03
4 2.021593825402393e-03
4 1.157087318366086e-03
4 1.774742678680770e-03
4 2.014579169129877e-03
4 1.113315606982182e-03
4 1.855378039614300e-03
4 1.968357310523774e-03
4 1.893455319768636e-03
4 2.090981108827059e-03
4 2.067224864281447e-03
4 2.116268251922041e-03
4 2.212929848189788e-03
4 2.238079336579964e-03
4 2.267388899682167e-03
4 2.332472969170595e-03
4 2.319784226269312e-03
4 2.339983243654618e-03
4 2.378777375001580e-03
4 2.388851641312435e-03
4 1.130417143947091e-05
4 1.197293930717421e-05
4 9.122011436954961e-04
4 8.280509391956919e-04
4 3.105052561528227e-04
4 1.069055750153784e-03
4 2.858057678488770e-03
4 3.095703859984552e-03
4 1.448547387537280e-03
4 2.197604650163971e-03
4 2.330998249157773e-03
4 2.573177605941770e-03
4 2.794340703284215e-03
4 2.400948125300075e-03
4 2.587186295779972e-03
4 2.863496262960769e-03
4 2.508764268583900e-03
4 2.576738046608470e-03
4 2.658451037822629e-03
4 2.724251824581601e-03
4 2.822645920258864e-03
4 2.768486054819011e-03
4 2.843746417451577e-03
4 2.773575815680133e-03
4 1.057916560717664e-04
4 9.037181664872493e-04
4 4.190804816207334e-04
4 8.070207960165133e-05
4 9.993195969454373e-04
4 2.365604920476279e-03
4 1.835876495156018e-03
4 2.813196534908481e-03
4 7.468260420704502e-04
4 2.294092037167664e-03
4 3.220217861366863e-03
4 2.886282024924462e-03
4 2.579529380144312e-03
4 2.579403344529424e-03
4 1.885776153453112e-03
4 2.938486792641039e-03
4 3.447757673015904e-03
4 3.263723290141709e-03
4 3.087039070800453e-03
4 3.083069562600663e-03
4 2.734394564481355e-03
4 2.772751346358340e-03
4 3.050402304516519e-03
4 3.486173367616671e-03
4 3.321938549826663e-03
4 3.176090911971273e-03
4 3.177988741877010e-03
4 2.931228701280697e-03
4 3.586511453860240e-04
4 1.619686404665201e-04
4 1.054667025803963e-03
4 1.756160765082673e-03
4 1.578381500131350e-03
4 2.364864559619682e-03
4 4.401309939756465e-03
4 3.700443382481347e-03
4 1.526776558178236e-03
4 2.976456994942255e-03
4 3.131568954727571e-03
4 3.138629712661187e-03
4 2.861264843740791e-03
4 2.897644574692122e-03
4 3.140555723550662e-03
4 3.117917841321350e-03
4 3.028962451204995e-03
4 3.073234665008145e-03
4 2.700042169283570e-03
4 2.723015261979777e-03
4 3.082057540317982e-03
4 3.036214572901191e-03
4 2.579968228325509e-03
4 2.609379640325404e-03
4 3.074328537340437e-03
1 3.118308696509307e-03
4 2.936574382164630e-03
1 3.023906598385011e-03
4 2.799589394929164e-03
4 2.813268056943970e-03
4 3.794162471225720e-04
4 3.794178859862993e-04
4 1.923961010291597e-03
4 1.882053125124407e-03
4 1.392283539133971e-03
4 2.635117100820710e-03
4 1.982493883583973e-03
4 2.153854240639824e-03
4 1.487800150447567e-03
4 1.487800150447568e-03
4 2.153854240639825e-03
4 1.982493883583973e-03
4 2.635117100820711e-03
4 1.392297115418316e-03
4 1.882053125124405e-03
4 1.923961010291598e-03
4 2.473992576066794e-03
4 2.329394208542503e-03
4 2.363159701978247e-03
4 2.363159701978246e-03
4 2.329394208542500e-03
4 2.473992576066794e-03
4 3.745939747927967e-04
4 3.745939747927967e-04
4 1.477613067136138e-03
4 2.494845890650946e-03
4 2.494845890650945e-03
4 1.477613067136137e-03
4 1.908736915763660e-03
4 1.886230736664289e-03
1 1.895368257943089e-03
4 1.886230736664289e-03
1 1.895368257943089e-03
4 1.908736915763660e-03
4 6.378563568070565e-04
4 6.378275813331009e-04
4 1.547502526708108e-03
4 1.809955355371676e-03
4 1.699435843387100e-03
4 1.699435843387098e-03
4 1.809955355371677e-03
4 1.547459136593525e-03
4 1.920871456351730e-03
4 1.963840601391586e-03
4 1.947035312047644e-03
4 1.947035312047644e-03
4 1.963840601391586e-03
4 1.920871456351730e-03
4 8.108376655290943e-05
4 2.485700992056624e-05
4 2.869717114930518e-04
4 2.885578548676585e-04
4 4.311596411672021e-04
4 3.781013737642878e-04
4 6.461949738679859e-05
4 9.676174079136649e-05
4 8.681450718188785e-04
4 1.731663693345796e-03
4 1.755955272341616e-03
4 2.361729307605054e-03
4 1.390332739001157e-03
4 2.035246199682472e-03
4 2.170985318068497e-03
4 2.179563664830809e-03
4 2.054646138037599e-03
4 2.105951785828306e-03
4 2.104813043414430e-03
4 7.807305000207335e-05
4 2.087150614300066e-05
4 4.749731804093055e-04
4 1.027805771321367e-03
4 9.126813979594014e-04
4 1.625132971261058e-03
4 3.192642699864863e-03
4 2.493276446906611e-03
4 1.291917362979569e-03
4 2.001876677396707e-03
4 1.939882959876344e-03
4 1.991975906261183e-03
4 1.999352940062448e-03
4 1.416048390307005e-03
4 2.386524166377876e-03
4 2.360869979562573e-03
4 2.356492668195114e-03
4 2.196887411966093e-03
4 2.513578391473942e-03
4 2.197838733939594e-03
4 2.480745321836837e-03
4 2.471805663375263e-03
4 2.488003015629523e-03
4 2.365625789225148e-03
1 2.522409931856647e-03
4 2.386709672091166e-03
4 1.988723734876031e-07
4 3.986261842132641e-06
4 2.542393198012125e-04
4 9.956643579992484e-04
4 2.476939053763384e-04
4 7.891205255450408e-04
4 1.383778217294703e-03
4 1.926529858307217e-03
4 1.496976791742754e-03
4 1.095108686545136e-03
4 2.133627652120425e-03
4 2.192200991656660e-03
4 2.323768618645717e-03
4 2.158997954329673e-03
4 1.624361865580090e-03
4 2.718580869333443e-03
4 2.344049985210270e-03
4 2.053307685516219e-03
4 2.579813800714865e-03
4 2.597080813487308e-03
4 2.381239947013565e-03
4 2.888186300719283e-03
4 2.714733923903174e-03
4 2.570167071566179e-03
4 2.610931797318230e-03
4 2.624408052019457e-03
4 2.497933624002331e-03
4 2.902014613366307e-03
4 2.772165354272206e-03
4 2.652117790479724e-03
4 1.737043035003681e-07
4 2.445636420694768e-06
4 1.710986548220076e-04
4 4.499634924469054e-04
4 1.925897943591639e-04
4 1.342206060037664e-03
4 2.116276872521407e-03
4 9.655789576985510e-04
4 1.646832177545140e-03
4 1.858975855618776e-03
4 1.818763521039789e-03
4 2.783384201701566e-03
4 1.968433366090669e-03
4 1.847727532968156e-03
4 1.243374057199254e-03
4 4.162965802782300e-03
4 1.951733320350173e-03
4 2.493801810307784e-03
4 2.446843699907906e-03
4 2.218762181511474e-03
4 2.685718634342630e-03
4 2.503363526245415e-03
4 2.520404696963303e-03
4 2.531171462231513e-03
1 2.481731362737270e-03
4 2.397081773929575e-03
1 2.702051438322594e-03
4 2.601162644567652e-03
4 2.612790068458360e-03
4 3.171822179711691e-06
4 5.010863162435381e-06
4 2.834456348701807e-04
4 4.060785372881255e-04
4 1.762596965477973e-03
4 1.338633717234568e-03
4 1.204725572172279e-03
4 1.052604179206443e-03
4 1.794235273122798e-03
4 3.243838902672568e-03
4 3.491656945627294e-03
4 2.182612757622389e-03
4 2.242743244614093e-03
4 2.195334679157744e-03
4 2.236715594352002e-03
4 2.238401477746451e-03
4 2.254087133602585e-03
4 2.360534049228015e-03
4 1.666268099869021e-06
4 1.240453027633372e-05
4 1.010553568861799e-05
4 8.557093551608482e-04
4 1.620346627068237e-03
4 6.778659428644566e-04
4 1.707451600958039e-03
4 1.925078430928331e-03
4 1.650434200531900e-03
4 1.923527626526745e-03
4 1.872466901981022e-03
4 1.869481563441612e-03
4 5.010863162435383e-06
4 3.171822179711693e-06
4 4.060785372881254e-04
4 2.834456348701806e-04
4 1.204725572172279e-03
4 1.052604179206443e-03
4 1.338633717234568e-03
4 1.762596965477974e-03
4 2.182612757622389e-03
4 3.491656945627294e-03
4 3.243838902672570e-03
4 1.794235273122798e-03
4 2.360534049228015e-03
4 2.254087133602585e-03
4 2.238401477746451e-03
4 2.236715594352002e-03
4 2.195334679157745e-03
4 2.242743244614092e-03
4 2.087140422497438e-05
4 7.806938773187922e-05
4 9.126774571713482e-04
4 1.027805771321367e-03
4 4.749731700761235e-04
4 1.416049896906886e-03
4 1.999352940062448e-03
4 1.991975906261184e-03
4 1.939882959876344e-03
4 2.001876677396710e-03
4 1.291917362979569e-03
4 2.493276446906612e-03
4 3.192642699864862e-03
4 1.625140771320164e-03
4 2.197838733939593e-03
4 2.513578391473942e-03
4 2.196887411966093e-03
4 2.356492668195115e-03
4 2.360869979562573e-03
4 2.386524166377874e-03
4 2.386709672091167e-03
1 2.522409931856645e-03
4 2.365625789225148e-03
4 2.488003015629524e-03
4 2.471805663375263e-03
4 2.480745321836837e-03
4 1.619686404665201e-04
4 3.586511453860239e-04
4 1.578381500131351e-03
4 1.756160765082672e-03
4 1.054667025803963e-03
4 1.526776558178236e-03
4 3.700443382481346e-03
4 4.401309939756462e-03
4 2.364864559619682e-03
4 2.579968228325509e-03
4 2.609379640325404e-03
4 2.723015261979777e-03
4 3.082057540317982e-03
4 3.036214572901192e-03
4 3.028962451204994e-03
4 3.073234665008145e-03
4 2.700042169283570e-03
4 2.897644574692122e-03
4 3.140555723550662e-03
4 3.117917841321350e-03
4 3.131568954727571e-03
4 3.138629712661187e-03
4 2.861264843740791e-03
4 2.976456994942255e-03
4 2.813268056943970e-03
4 2.799589394929164e-03
1 3.023906598385011e-03
4 2.936574382164630e-03
1 3.118308696509307e-03
4 3.074328537340437e-03
5 1.160304126081129e-04
5 1.160296061182338e-04
5 9.282433008649031e-04
5 9.282368489458702e-04
5 3.132821140419051e-03
5 3.132799365192312e-03
6 2.615464896905889e-03
6 4.378238211968598e-03
6 4.378238211968597e-03
6 2.615471705283205e-03
6 3.852951568486238e-03
6 6.955357117917212e-03
6 6.955357117917210e-03
6 3.852951568486235e-03
6 4.398213750744467e-03
6 4.206418450887701e-03
6 4.122109520849813e-03
6 4.122109520849815e-03
6 4.206418450887700e-03
6 4.398213750744469e-03
6 4.478615368523515e-03
6 4.459842459265504e-03
6 4.349026436846383e-03
6 4.248102693530104e-03
6 4.211653130626567e-03
6 4.236111128733061e-03
6 4.236111128733061e-03
6 4.211653130626568e-03
6 4.248102693530104e-03
6 4.349026436846383e-03
6 4.459842459265504e-03
6 4.478615368523515e-03
2 1.299168382937873e-02
2 1.299168146461580e-02
2 1.299168382937873e-02
2 1.299168146461580e-02
5 1.868514888302124e-04
5 2.262542072333114e-04
5 1.494811910641699e-03
5 1.810033657866491e-03
5 5.044990198415736e-03
6 6.006259600896236e-03
6 3.856915960419543e-03
6 1.343965985910712e-03
6 4.190951511626794e-03
6 3.835246875566048e-03
6 2.670323616864213e-03
6 4.360381875520790e-03
6 3.583075138655909e-03
6 3.036509533633784e-03
6 5.033867844642399e-03
6 4.827956028305018e-03
6 3.905595506152729e-03
6 5.179738651439740e-03
6 4.559107770446821e-03
6 4.165057027403090e-03
6 5.180586509398850e-03
6 5.010333917931310e-03
6 4.420302094446148e-03
6 5.327196075704394e-03
6 4.935710577480061e-03
6 4.627178981699190e-03
6 5.189721082068006e-03
6 5.021468781870993e-03
6 4.483861148673867e-03
6 4.489761828135662e-03
6 5.336152259260987e-03
6 5.057169294400449e-03
6 4.908710590180218e-03
6 4.787373790053379e-03
6 4.582939482419845e-03
2 1.469786119671554e-02
2 1.500454378083357e-02
2 1.469786119671554e-02
2 1.500454378083357e-02
4 1.815514497398150e-04
4 7.446424421204047e-05
4 3.786674687161965e-05
4 8.215445115087331e-04
4 2.096599980935385e-03
4 1.540939793197578e-03
4 2.506686669750147e-03
4 2.667063556837479e-03
4 2.762880622321325e-03
4 1.943149580653269e-03
4 2.313395760984404e-03
4 2.751576856251890e-03
4 3.485058986808319e-03
4 3.554037059825428e-03
4 3.605142815375840e-03
4 3.231439453966542e-03
4 3.385373157757557e-03
4 3.547842894831201e-03
4 3.602869719875414e-03
4 3.602273091217737e-03
4 3.677320285432919e-03
4 3.644540096119574e-03
4 3.774049854131223e-03
4 3.666459520400693e-03
4 3.395755015316956e-03
4 3.406659201009458e-03
4 3.597618004132175e-03
4 3.463356574337083e-03
4 3.596091894460889e-03
4 6.299639181806152e-05
4 1.658208141092854e-04
4 6.723807745340672e-04
4 6.299639181806156e-05
4 1.142996371751080e-03
4 2.695449847192075e-03
4 1.875379039964858e-03
4 1.875378763002082e-03
4 1.142996371751079e-03
4 2.455101586196798e-03
4 2.443327466214733e-03
4 2.881193209908490e-03
4 2.842374894699602e-03
4 2.518631590105949e-03
4 2.881193211443880e-03
4 2.842374899834190e-03
4 2.518632005522878e-03
4 2.731765737692498e-03
4 2.731765745767402e-03
4 2.455103481143038e-03
4 2.443329241825325e-03
4 2.692985654460093e-03
4 2.748765939575006e-03
4 2.748765942462408e-03
4 2.865751412422484e-03
4 2.865751431274240e-03
4 2.692985691765398e-03
4 5.873548585648619e-06
4 3.675827495959584e-06
4 5.613270690813119e-04
4 3.979408785489186e-04
4 1.968357310523773e-03
4 1.855378039614302e-03
4 1.113316424674827e-03
4 2.014579169129877e-03
4 1.774742678680768e-03
4 1.157087318366086e-03
4 2.021593825402392e-03
4 2.123506286660877e-03
4 1.883177973694196e-03
4 7.147069567912055e-04
4 2.238079336579963e-03
4 2.212929848189787e-03
4 2.116268251922041e-03
4 2.067224864281446e-03
4 2.090981108827060e-03
4 1.893459194686411e-03
4 2.388851641312435e-03
4 2.378777375001580e-03
4 2.339983243654619e-03
4 2.319784226269312e-03
4 2.332472969170595e-03
4 2.267388899682167e-03
4 3.986261842132643e-06
4 1.988723734876029e-07
4 2.476939053763384e-04
4 9.956643579992477e-04
4 2.542393198012123e-04
4 1.095108686545136e-03
4 1.496976791742755e-03
4 1.926529858307217e-03
4 1.383778217294703e-03
4 7.891205255450408e-04
4 2.053307685516219e-03
4 2.344049985210270e-03
4 2.718580869333443e-03
4 1.624361865580090e-03
4 2.323768618645717e-03
4 2.158997954329673e-03
4 2.133627652120425e-03
4 2.192200991656660e-03
4 2.570167071566179e-03
4 2.714733923903174e-03
4 2.888186300719283e-03
4 2.381239947013565e-03
4 2.597080813487308e-03
4 2.579813800714865e-03
4 2.652117790479724e-03
4 2.772165354272206e-03
4 2.902014613366307e-03
4 2.497933624002331e-03
4 2.624408052019457e-03
4 2.610931797318230e-03
4 2.472273974876753e-06
4 1.736952499777076e-07
4 1.925897527041082e-04
4 4.499634924469054e-04
4 1.710987049263246e-04
4 9.655804075043365e-04
4 2.116276872521407e-03
4 1.342201179047977e-03
4 1.951726623517681e-03
4 4.162965802782305e-03
4 1.243374057199253e-03
4 1.847727532968156e-03
4 1.968433366090670e-03
4 2.783384201701566e-03
4 1.818763521039788e-03
4 1.858975855618776e-03
4 1.646815965385247e-03
4 2.520404696963303e-03
4 2.503363526245415e-03
4 2.685718634342632e-03
4 2.218763231325781e-03
4 2.493802198720381e-03
4 2.446844705178110e-03
4 2.612790068458359e-03
4 2.601162644567652e-03
1 2.702051438322595e-03
4 2.397081867205113e-03
4 2.531171488873810e-03
1 2.481731409699069e-03
4 1.197293930717422e-05
4 1.130417143947091e-05
4 3.105052561528227e-04
4 8.280509391956914e-04
4 9.122011436954964e-04
4 1.448547387537280e-03
4 3.095703859984551e-03
4 2.858057678488769e-03
4 1.069055750153783e-03
4 2.508764268583900e-03
4 2.576738046608470e-03
4 2.587186295779973e-03
4 2.863496262960769e-03
4 2.400948125300075e-03
4 2.573177605941770e-03
4 2.794340703284215e-03
4 2.330998249157773e-03
4 2.197604650163971e-03
4 2.773575815680133e-03
4 2.843746417451577e-03
4 2.768486054819012e-03
4 2.822645920258865e-03
4 2.724251824581601e-03
4 2.658451037822629e-03
4 3.786385638707393e-05
4 7.445809009306946e-05
4 1.803894161570308e-04
4 1.540919120856182e-03
4 2.096599980935386e-03
4 8.215394998334782e-04
4 2.751576856251889e-03
4 2.313395760984405e-03
4 1.943149580653269e-03
4 2.762880622321327e-03
4 2.667063556837479e-03
4 2.506700012130263e-03
4 3.547842894831202e-03
4 3.385373157757558e-03
4 3.231439453966540e-03
4 3.605142815375839e-03
4 3.554037059825430e-03
4 3.485058986808319e-03
4 3.596091894460889e-03
4 3.463356574337083e-03
4 3.597618004132175e-03
4 3.406659201009459e-03
4 3.395755015316956e-03
4 3.666459520400693e-03
4 3.774049854131223e-03
4 3.644540096119574e-03
4 3.677320285432918e-03
4 3.602273091217738e-03
4 3.602869719875414e-03
5 2.931094472164256e-04
5 2.931094472164254e-04
5 2.344875577731405e-03
5 2.344875577731403e-03
6 2.585720962948122e-03
6 3.969405693489693e-03
6 4.666302741216744e-03
6 4.666302741216752e-03
6 2.585720962948123e-03
6 3.969405693489693e-03
6 4.988756916235964e-03
6 9.027905612936737e-03
6 9.027905612936744e-03
6 4.988756916235963e-03
6 5.595426413962832e-03
6 5.410078671174538e-03
6 5.181579763431521e-03
6 5.410079108770947e-03
6 5.181580441725775e-03
6 5.595426413962832e-03
6 5.693822806209391e-03
3 5.419884730894543e-03
6 5.296879387540606e-03
3 5.419885926424546e-03
6 5.296879679334426e-03
6 5.693822806209391e-03
6 5.699380438796309e-03
3 5.419884730894543e-03
6 5.302449277823217e-03
3 5.419885926424546e-03
6 5.302449563804756e-03
6 5.699380438796309e-03
2 1.642329550461308e-02
2 1.642329550461307e-02
2 1.642329550461308e-02
2 1.642329550461307e-02
5 7.916855460743384e-04
5 3.259696233090149e-03
5 3.259696233090146e-03
5 7.916847827399707e-04
5 2.629925547694333e-03
5 9.757771618952913e-03
5 9.757771618952917e-03
5 2.629921838579853e-03
5 4.709495049955454e-03
6 6.360844330956838e-03
6 1.051273124844932e-02
6 7.039854032714515e-03
6 7.039854032714517e-03
6 1.051273124844931e-02
6 6.360844330956836e-03
5 4.709485228949606e-03
6 6.226224995080840e-03
6 7.869474634092053e-03
6 8.706625620445239e-03
6 8.706625620445239e-03
6 7.869474634092044e-03
6 6.226224995080837e-03
6 6.752599964219193e-03
6 8.154868238433885e-03
6 8.936862455432966e-03
6 8.936862455432966e-03
6 8.154868238433885e-03
6 6.752599964219193e-03
6 6.845626574747539e-03
6 8.202266377284566e-03
6 8.980168704091848e-03
6 8.980168704091848e-03
6 8.202266377284566e-03
6 6.845626574747539e-03
6 6.851448012454026e-03
6 8.203361176126906e-03
6 8.981445140590674e-03
6 8.981445140590674e-03
6 8.203361176126907e-03
6 6.851448012454026e-03
2 6.851448944248498e-03
2 1.718937993707399e-02
2 1.718937993707399e-02
2 6.851446674625748e-03
2 6.851448944248498e-03
2 1.718937993707399e-02
2 1.718937993707399e-02
2 6.851446674625748e-03
5 2.262542072333114e-04
5 1.868514888302123e-04
5 1.810033657866491e-03
5 1.494811910641699e-03
6 1.343965985910712e-03
6 6.006259600896236e-03
6 3.856915960419544e-03
5 5.044990198415735e-03
6 3.036509533633784e-03
6 3.583075138655908e-03
6 4.360381875520791e-03
6 2.670323616864214e-03
6 3.835246875566048e-03
6 4.190951511626794e-03
6 4.165057027403089e-03
6 4.559107770446820e-03
6 5.179738651439740e-03
6 3.905595506152729e-03
6 4.827956028305018e-03
6 5.033867844642398e-03
6 4.627178981699190e-03
6 4.935710577480063e-03
6 5.327196075704393e-03
6 4.420302094446149e-03
6 5.010333917931310e-03
6 5.180586509398850e-03
6 4.787373790053379e-03
6 4.582939482419845e-03
6 5.057169294400449e-03
6 4.908710590180218e-03
6 5.336152259260988e-03
6 4.483861148673868e-03
6 4.489761828135662e-03
6 5.021468781870992e-03
6 5.189721082068006e-03
2 1.500454378083356e-02
2 1.469786119671554e-02
2 1.500454378083356e-02
2 1.469786119671554e-02
4 8.070208230636420e-05
4 4.190804816207331e-04
4 9.037181664872495e-04
4 1.057916185689271e-04
4 7.468255294890472e-04
4 2.813196534908478e-03
4 1.835876495156018e-03
4 2.365604920476281e-03
4 9.993187303136814e-04
4 1.885776908517772e-03
4 2.579403344529425e-03
4 2.579529380144313e-03
4 2.886282024924463e-03
4 3.220217861366863e-03
4 2.294092037167662e-03
4 2.772751346358340e-03
4 2.734394564481353e-03
4 3.083069562600665e-03
4 3.087039070800453e-03
4 3.263723290141711e-03
4 3.447757673015904e-03
4 2.938486792641040e-03
4 2.931228701280698e-03
4 3.177988741877010e-03
4 3.176090911971273e-03
4 3.321938549826663e-03
4 3.486173367616671e-03
4 3.050402304516518e-03
4 1.543294673580711e-06
4 3.442753259559648e-05
4 4.003849532408261e-05
4 5.424540539162497e-06
4 3.442753259559647e-05
4 4.003849532408260e-05
4 1.543294673580711e-06
4 5.424540539162497e-06
4 7.739238580117824e-04
4 1.405988626827230e-03
4 1.405988629802276e-03
4 2.625142953686247e-03
4 7.739238580117826e-04
4 1.949130357017137e-03
4 2.076911473193917e-03
4 2.076911473129510e-03
4 2.070903258720182e-03
4 2.070901405983205e-03
4 1.949122406057708e-03
4 1.678092035991544e-06
4 1.677784392820242e-06
4 1.705108419130200e-04
4 8.384116791182246e-04
4 6.664584092183811e-04
4 6.664584092183818e-04
4 8.384116791182248e-04
4 1.705108085341139e-04
4 1.154306183410530e-03
4 1.625423196382249e-03
4 1.597673710403681e-03
4 1.597673710403683e-03
4 1.625423196382248e-03
4 1.154306940560030e-03
4 2.037777060124304e-03
4 2.149346671315505e-03
4 2.142606338069257e-03
4 2.142606338069258e-03
4 2.149346671315507e-03
4 2.037777060124304e-03
4 1.414233344450876e-06
4 1.414233344450876e-06
4 5.632517011896133e-04
4 5.632517011896136e-04
4 1.065036354726455e-03
4 2.438706869357008e-03
4 2.438706869357009e-03
4 1.065036354726455e-03
4 2.017334477244656e-03
4 2.060639016804968e-03
4 2.072623440670229e-03
4 2.072623440670229e-03
4 2.060639016804968e-03
4 2.017334477244656e-03
4 5.562802819401972e-04
4 1.026421694239748e-03
4 1.811502312028797e-03
4 1.910187073649712e-03
4 1.793602960483554e-03
4 1.956948934802391e-03
4 1.886910855598566e-03
4 1.892314137382551e-03
4 1.188456813774849e-03
4 2.663207619973552e-03
4 2.663207619973552e-03
4 1.188456813774849e-03
4 1.860292173106201e-03
4 1.866114148801567e-03
1 1.883533801982802e-03
4 1.866114148801567e-03
1 1.883533801982802e-03
4 1.860292173106201e-03
4 8.624769262660050e-04
4 1.624787679918861e-03
4 9.433648909922152e-04
4 8.624250991363400e-04
4 1.832389002849045e-03
4 1.834557462808367e-03
1 1.830564236274769e-03
4 1.814873401408158e-03
1 1.810974978568896e-03
4 1.832389002849045e-03
4 1.062746996527849e-03
4 1.475383578322562e-03
4 1.731664853369487e-03
4 1.731664853369487e-03
4 1.475383578322562e-03
4 1.062746996527849e-03
4 1.026479656104439e-03
4 5.562836853053499e-04
4 1.892314137382549e-03
4 1.886910855598566e-03
4 1.956948934802390e-03
4 1.793602960483556e-03
4 1.910187073649713e-03
4 1.811502312028797e-03
