5 1.714635776699450e-02
5 9.502675191611742e-03
5 1.231665934496202e-02
5 1.231665934496202e-02
5 1.714635776699450e-02
5 9.502675191611739e-03
5 2.275113316630148e-02
5 1.438521354070522e-02
5 1.763990369390677e-02
5 1.763990369390677e-02
5 2.275113316630149e-02
5 1.438521354070522e-02
6 2.260044538029223e-02
6 2.477127374813477e-02
5 1.619478598659170e-02
5 1.899240483570733e-02
5 1.899240483570733e-02
6 2.260044538029222e-02
6 2.477127374813477e-02
5 1.619478598659171e-02
2 2.341792305043305e-02
6 1.647778885815993e-02
6 1.911954447939099e-02
6 1.911954447939099e-02
2 2.341792305043305e-02
6 1.647778885815993e-02
2 2.341792305043305e-02
2 1.648112457843890e-02
2 1.912140583210944e-02
2 1.912140583210944e-02
2 2.341792305043305e-02
2 1.648112457843890e-02
2 2.341792305043305e-02
2 1.648112457843890e-02
2 1.912140583210944e-02
2 1.912140583210944e-02
2 2.341792305043305e-02
2 1.648112457843890e-02
5 1.298585199270884e-03
5 3.598958803093403e-03
5 3.598958803093404e-03
5 1.298584368278699e-03
5 4.102233582587331e-03
5 1.080631926036373e-02
5 1.080631926036373e-02
5 4.102233159871954e-03
5 6.772784328205010e-03
6 9.255268681705684e-03
6 8.697669167825025e-03
6 7.275881468258460e-03
6 7.275881468258463e-03
6 8.697669167825052e-03
6 9.255268681705698e-03
5 6.772789904915507e-03
6 7.983436120895710e-03
6 1.008608072484903e-02
6 7.927783925153864e-03
6 7.927783925153874e-03
6 1.008608072484903e-02
6 7.983436120895712e-03
6 8.157993095388684e-03
3 1.009175719114948e-02
6 8.105759943346098e-03
6 8.105759943346098e-03
3 1.009175719114948e-02
6 8.157993095388684e-03
2 8.162373498904200e-03
2 1.820199603264664e-02
2 1.820199603264665e-02
2 8.162373108709412e-03
2 8.162373498904200e-03
2 1.820199603264664e-02
2 1.820199603264665e-02
2 8.162373108709412e-03
5 2.419429406496119e-04
5 2.111906771569966e-04
5 1.935543525196895e-03
5 1.689525417255973e-03
6 1.570773788069498e-03
6 4.636921931965368e-03
6 5.013712574501527e-03
5 5.702148283238908e-03
6 2.953000702336173e-03
6 4.707287686857671e-03
6 4.374144774065803e-03
6 3.127694674549714e-03
6 5.028326330831110e-03
6 3.776004028987684e-03
6 4.261157786488040e-03
6 5.381063385372021e-03
6 5.176411867480723e-03
6 4.371236624652311e-03
6 5.538505313366110e-03
6 4.783608082642330e-03
6 4.621730618042379e-03
6 5.497872981333324e-03
6 5.326894864915560e-03
6 4.696050833511158e-03
3 5.550208829830585e-03
6 4.982074150201615e-03
6 4.644025930872300e-03
6 5.505093769639752e-03
6 5.336132323749227e-03
6 4.714282768935020e-03
3 5.550208829830585e-03
6 4.994594545311445e-03
2 1.548526830412222e-02
2 1.525908605676159e-02
2 1.548526830412222e-02
2 1.525908605676159e-02
5 8.311477251052928e-05
5 8.311478043900341e-05
5 6.649181800842342e-04
5 6.649182435120273e-04
5 2.244098857784291e-03
5 2.244099071853094e-03
6 1.940777146136493e-03
6 3.362447294411012e-03
6 3.362447294411008e-03
6 1.940777369582414e-03
6 3.191127015498051e-03
6 5.767027379035517e-03
6 5.767027379035517e-03
6 3.191127015498055e-03
6 3.882925950597522e-03
6 3.734627003897462e-03
6 3.628419079036427e-03
6 3.628419079036421e-03
6 3.734627003897458e-03
6 3.882925950597519e-03
6 4.087235955588712e-03
6 3.982123654986905e-03
6 3.899977258236645e-03
6 3.899977258236649e-03
6 3.982123654986905e-03
6 4.087235955588721e-03
6 4.103203503967950e-03
6 4.002269809163355e-03
6 3.921134126569283e-03
6 3.921134126569283e-03
6 4.002269809163355e-03
6 4.103203503967950e-03
2 1.202662742819438e-02
2 1.202662756673824e-02
2 1.202662742819438e-02
2 1.202662756673824e-02
5 6.250956502323424e-05
5 6.250956502323421e-05
5 5.000765201858739e-04
5 5.000765201858737e-04
5 1.687758255627325e-03
5 1.687758255627326e-03
6 1.735018742222498e-03
6 2.263690350524596e-03
6 2.263690350524600e-03
6 1.735018742222498e-03
6 2.995299202901140e-03
6 4.237627339463054e-03
6 4.237627339463052e-03
6 2.995299202901140e-03
6 3.757747166729197e-03
6 6.194156871395161e-03
6 6.194156871395163e-03
6 3.757747166729197e-03
6 3.987193589438156e-03
6 3.556387800143178e-03
6 3.693024635964872e-03
6 3.673404640237093e-03
6 3.567959578129807e-03
6 3.675697662062829e-03
6 3.667689134929130e-03
6 3.567959578129807e-03
6 3.675697662062829e-03
6 3.667689134929130e-03
6 3.556387800143178e-03
6 3.693024635964872e-03
6 3.673404640237093e-03
6 3.987193589438156e-03
6 4.004130969462990e-03
3 3.676128769075256e-03
6 3.565278260958511e-03
3 3.676128771247989e-03
6 3.565278255922900e-03
6 4.004130969462990e-03
2 1.124555878295475e-02
2 1.124555878295474e-02
2 1.124555878295475e-02
2 1.124555878295474e-02
5 8.285147145507818e-05
5 8.285146289538345e-05
5 6.628117716406254e-04
5 6.628117031630675e-04
5 2.236989729287112e-03
5 2.236989498175353e-03
6 2.461009444094764e-03
6 2.838443624158892e-03
6 2.838443624158889e-03
6 2.461011108022110e-03
6 3.975790870233683e-03
6 5.275663344128062e-03
6 5.275663344128059e-03
6 3.975790870233687e-03
6 4.407009937672639e-03
6 3.654490389785636e-03
6 3.636167543422810e-03
6 3.636167543422813e-03
6 3.654490389785641e-03
6 4.407009937672639e-03
6 4.432945153138862e-03
6 3.844050096562048e-03
6 3.885904188466174e-03
6 3.866701833522563e-03
6 3.837780756896269e-03
6 3.837780756896270e-03
6 3.866701833522563e-03
6 3.885904188466174e-03
6 3.844050096562048e-03
6 4.432945153138862e-03
2 1.215017381085685e-02
2 1.215017384253840e-02
2 1.215017381085685e-02
2 1.215017384253840e-02
5 2.111906771569968e-04
5 2.419429406496119e-04
5 1.689525417255974e-03
5 1.935543525196895e-03
5 5.702148283238911e-03
6 4.636921931965372e-03
6 5.013712574501519e-03
6 1.570773788069498e-03
6 3.776004028987684e-03
6 5.028326330831110e-03
6 3.127694674549714e-03
6 4.374144774065803e-03
6 4.707287686857671e-03
6 2.953000702336173e-03
6 4.783608082642330e-03
6 5.538505313366110e-03
6 4.371236624652311e-03
6 5.176411867480723e-03
6 5.381063385372021e-03
6 4.261157786488040e-03
6 4.982074150201615e-03
3 5.550208829830585e-03
6 4.696050833511158e-03
6 5.326894864915560e-03
6 5.497872981333324e-03
6 4.621730618042379e-03
6 4.994594545311445e-03
3 5.550208829830585e-03
6 4.714282768935020e-03
6 5.336132323749227e-03
6 5.505093769639752e-03
6 4.644025930872300e-03
2 1.525908605676161e-02
2 1.548526830412221e-02
2 1.525908605676161e-02
2 1.548526830412221e-02
5 2.096591412389049e-03
5 3.466422552311648e-03
5 3.466422552311650e-03
5 2.096645753666345e-03
5 6.190977829412534e-03
5 1.064996488366401e-02
5 1.064996488366401e-02
5 6.190964213835572e-03
6 8.841475131606236e-03
6 9.404821926992348e-03
5 1.672703900568323e-02
5 1.672703900568324e-02
6 9.404821926992322e-03
6 8.841475131606226e-03
6 9.658339643480405e-03
6 9.339264169417988e-03
6 8.902845428694043e-03
6 8.902845428694043e-03
6 9.339264169417988e-03
6 9.658339643480405e-03
6 9.685226923325737e-03
3 9.344952255471807e-03
6 8.932411335607413e-03
6 8.932411335607413e-03
3 9.344952255471828e-03
6 9.685226923325737e-03
2 9.685225349154820e-03
2 1.827736125585164e-02
2 1.827736125585163e-02
2 9.685252921446123e-03
2 9.685225349154820e-03
2 1.827736125585164e-02
2 1.827736125585163e-02
2 9.685252921446123e-03
4 6.461909947963566e-05
4 4.306451333319810e-04
4 3.780803289912157e-04
4 9.676617908809154e-05
4 8.096955409556838e-05
4 2.864589632612854e-04
4 2.878990211101512e-04
4 2.485700234045250e-05
4 1.390356465061289e-03
4 2.361847331687302e-03
4 1.755959321611493e-03
4 1.731662377527156e-03
4 8.681456812437961e-04
4 2.104804047787516e-03
4 2.105949908719780e-03
4 2.054632588860236e-03
4 2.179556469845966e-03
4 2.170982262460278e-03
4 2.035209291894163e-03
4 1.023384116968336e-05
4 1.236312124740066e-05
4 1.666247152280776e-06
4 6.778637761376615e-04
4 1.620342926478126e-03
4 8.557048786340888e-04
4 1.869401124686562e-03
4 1.872441312037820e-03
4 1.923495554550862e-03
4 1.649982515555447e-03
4 1.924843534835717e-03
4 1.706861993705506e-03
4 2.655350644546812e-05
4 1.567452214881374e-05
4 1.673870907577708e-04
4 2.219973448023167e-04
4 2.655350644546816e-05
4 1.673870907577706e-04
4 2.219973448023163e-04
4 1.567452214881370e-05
4 8.042085633353539e-04
4 1.996157472680331e-03
4 1.996157472680333e-03
4 8.042085633353540e-04
4 1.908476630867281e-03
4 1.939064529337397e-03
4 1.950636023416076e-03
4 1.950636023416076e-03
4 1.939064529337397e-03
4 1.908476630867281e-03
4 3.675818320924193e-06
4 5.873437960831349e-06
4 3.979458317958934e-04
4 5.613276805138003e-04
4 7.147203892273672e-04
4 1.883261349701662e-03
4 2.123593558178848e-03
4 2.021623969218918e-03
4 1.157218696739020e-03
4 1.774605892242268e-03
4 2.014219778543884e-03
4 1.113278388241127e-03
4 1.855291512988405e-03
4 1.968320316796700e-03
4 1.893458940535569e-03
4 2.090980026440963e-03
4 2.067220357913261e-03
4 2.116264280277713e-03
4 2.212928584044304e-03
4 2.238077915510749e-03
4 2.267370504585753e-03
4 2.332462086177402e-03
4 2.319776723487439e-03
4 2.339971260638664e-03
4 2.378768956612912e-03
4 2.388843833577350e-03
4 1.128973086245799e-05
4 1.191578385880715e-05
4 9.122179398569144e-04
4 8.280496673121089e-04
4 3.105087933942213e-04
4 1.069058098298808e-03
4 2.858072226084364e-03
4 3.095712010814746e-03
4 1.448546047384275e-03
4 2.197601636416984e-03
4 2.330949119446668e-03
4 2.573115863191839e-03
4 2.794214837573710e-03
4 2.400902827580962e-03
4 2.587132771868604e-03
4 2.863393283650789e-03
4 2.508732281715302e-03
4 2.576644314067092e-03
4 2.658436019522804e-03
4 2.724246229414435e-03
4 2.822647179656045e-03
4 2.768475979559548e-03
4 2.843747342084014e-03
4 2.773573893384684e-03
4 1.057904421242956e-04
4 9.033057623571921e-04
4 4.190536986976791e-04
4 8.070168955730195e-05
4 9.993185409799021e-04
4 2.365632009093081e-03
4 1.835866202744778e-03
4 2.813210156223293e-03
4 7.468260256512714e-04
4 2.294106864648228e-03
4 3.220200180833362e-03
4 2.886279651387750e-03
4 2.579527158164752e-03
4 2.579401613543494e-03
4 1.885775249357166e-03
4 2.938481590359474e-03
4 3.447749447555846e-03
4 3.263720878794994e-03
4 3.087043321510328e-03
4 3.083064622824631e-03
4 2.734311424790506e-03
4 2.772620768818798e-03
4 3.050406841218850e-03
4 3.486129651423336e-03
4 3.321911805681837e-03
4 3.176112544476028e-03
4 3.178021054993089e-03
4 2.931235157336540e-03
4 3.585268484827174e-04
4 1.619691625616258e-04
4 1.054655009422435e-03
4 1.756211345050518e-03
4 1.578399968933994e-03
4 2.364873534488962e-03
4 4.401306790660129e-03
4 3.700455879206048e-03
4 1.526778820092056e-03
4 2.976452780867500e-03
4 3.131560723299763e-03
4 3.138613125280335e-03
4 2.861223847379208e-03
4 2.897599967874250e-03
4 3.140541090048148e-03
4 3.117923525833760e-03
4 3.028959699943743e-03
4 3.073230511290854e-03
4 2.699987277478388e-03
4 2.722950678144473e-03
4 3.082056064684188e-03
4 3.036217921210166e-03
4 2.579877279468924e-03
4 2.609211774107458e-03
4 3.074314319454872e-03
1 3.118309348469579e-03
4 2.936566895691611e-03
1 3.023907408280673e-03
4 2.799586492705136e-03
4 2.813267589180153e-03
4 3.794192047452054e-04
4 3.794192192079606e-04
4 1.924102721850505e-03
4 1.882149718024322e-03
4 1.392282532163300e-03
4 2.635097042295975e-03
4 1.982521826427367e-03
4 2.153645730343969e-03
4 1.487815712111021e-03
4 1.487815712111022e-03
4 2.153645730343972e-03
4 1.982521826427368e-03
4 2.635097042295978e-03
4 1.392282969711873e-03
4 1.882149718024322e-03
4 1.924102721850504e-03
4 2.473992855637385e-03
4 2.329392552169813e-03
4 2.363155699016669e-03
4 2.363155699016668e-03
4 2.329392552169811e-03
4 2.473992855637385e-03
4 3.745893362567037e-04
4 3.745893362567037e-04
4 1.477386045196310e-03
4 2.494333094450445e-03
4 2.494333094450445e-03
4 1.477386045196310e-03
4 1.908737181699265e-03
4 1.886230958330380e-03
1 1.895368256098037e-03
4 1.886230958330380e-03
1 1.895368256098037e-03
4 1.908737181699265e-03
4 6.378166666028650e-04
4 6.378172163793305e-04
4 1.547486436929355e-03
4 1.809927784409055e-03
4 1.699385881848082e-03
4 1.699385881848083e-03
4 1.809927784409054e-03
4 1.547489995175379e-03
4 1.920871482842798e-03
4 1.963840771687191e-03
4 1.947035423832544e-03
4 1.947035423832544e-03
4 1.963840771687191e-03
4 1.920871482842798e-03
4 8.096955409556838e-05
4 2.485700234045252e-05
4 2.864589632612852e-04
4 2.878990211101513e-04
4 4.306451333319807e-04
4 3.780803289912157e-04
4 6.461909947963563e-05
4 9.676617908809162e-05
4 8.681456812437960e-04
4 1.731662377527156e-03
4 1.755959321611493e-03
4 2.361847331687302e-03
4 1.390356465061289e-03
4 2.035209291894163e-03
4 2.170982262460279e-03
4 2.179556469845967e-03
4 2.054632588860236e-03
4 2.105949908719780e-03
4 2.104804047787517e-03
4 7.807769975572148e-05
4 2.087144715598044e-05
4 4.750397321766095e-04
4 1.027915714948436e-03
4 9.126776041495019e-04
4 1.625138602148955e-03
4 3.192636199131018e-03
4 2.493397040778614e-03
4 1.292089359651556e-03
4 2.001815788154089e-03
4 1.939902622947275e-03
4 1.992064784780900e-03
4 1.999344498420301e-03
4 1.416081249063978e-03
4 2.386520424677262e-03
4 2.360864692318984e-03
4 2.356487086126841e-03
4 2.196864932250805e-03
4 2.513576909466234e-03
4 2.197810650794003e-03
4 2.480738970946178e-03
4 2.471799913612197e-03
4 2.487997121796001e-03
4 2.365621971988192e-03
1 2.522409958298356e-03
4 2.386701562832822e-03
4 1.989372469174605e-07
4 4.018456989939435e-06
4 2.542274691854290e-04
4 9.956572483296262e-04
4 2.476945084958176e-04
4 7.891511124326167e-04
4 1.383820626051463e-03
4 1.926538195708461e-03
4 1.497000065460066e-03
4 1.095109147019472e-03
4 2.133552728123243e-03
4 2.192085772563089e-03
4 2.323561381986237e-03
4 2.158845922142895e-03
4 1.624470487705040e-03
4 2.718556247498932e-03
4 2.344049118971814e-03
4 2.053302969203459e-03
4 2.579810717802315e-03
4 2.597078372062252e-03
4 2.381236172850652e-03
4 2.888183314043417e-03
4 2.714730309200001e-03
4 2.570160305238297e-03
4 2.610931531054617e-03
4 2.624406476606714e-03
4 2.497931308921031e-03
4 2.902004457597110e-03
4 2.772176432230391e-03
4 2.652119587366336e-03
4 1.737074466845363e-07
4 2.481798905755244e-06
4 1.710988630392125e-04
4 4.499684226675797e-04
4 1.925926825867874e-04
4 1.342207077800980e-03
4 2.116272455913714e-03
4 9.655797206913326e-04
4 1.647058333499845e-03
4 1.857980848369479e-03
4 1.817617695252838e-03
4 2.784044632613082e-03
4 1.967194211760485e-03
4 1.846355901554833e-03
4 1.244359253083898e-03
4 4.162946014336226e-03
4 1.951722056246577e-03
4 2.493793121004686e-03
4 2.446795297465876e-03
4 2.218727567623266e-03
4 2.685695719695856e-03
4 2.503358372010110e-03
4 2.520400051650611e-03
4 2.531171164654629e-03
1 2.481731457167515e-03
4 2.397078925518123e-03
1 2.702051455974381e-03
4 2.601152682893113e-03
4 2.612782629609484e-03
4 3.171826137783693e-06
4 5.010710916703328e-06
4 2.834457537404191e-04
4 4.060834994426328e-04
4 1.762598147803407e-03
4 1.338817967862560e-03
4 1.204831653401841e-03
4 1.052642774985424e-03
4 1.794238731277428e-03
4 3.243831216733746e-03
4 3.491639523872603e-03
4 2.182609476131405e-03
4 2.242719385423403e-03
4 2.195251746932964e-03
4 2.236703750174360e-03
4 2.238337440758363e-03
4 2.254073315351223e-03
4 2.360527451886792e-03
4 1.666247074394962e-06
4 1.237842040851052e-05
4 1.024113053664534e-05
4 8.557047671624718e-04
4 1.620342926478125e-03
4 6.778637318264474e-04
4 1.706861993705508e-03
4 1.924843534835717e-03
4 1.649982515555444e-03
4 1.923495554550860e-03
4 1.872441312037819e-03
4 1.869401124686560e-03
4 5.010710916703327e-06
4 3.171826137783689e-06
4 4.060834994426328e-04
4 2.834457537404193e-04
4 1.204831653401841e-03
4 1.052642774985423e-03
4 1.338817967862559e-03
4 1.762598147803407e-03
4 2.182609476131405e-03
4 3.491639523872605e-03
4 3.243831216733748e-03
4 1.794238731277428e-03
4 2.360527451886792e-03
4 2.254073315351223e-03
4 2.238337440758363e-03
4 2.236703750174360e-03
4 2.195251746932964e-03
4 2.242719385423404e-03
4 2.087145070993276e-05
4 7.807766728098530e-05
4 9.126778257608995e-04
4 1.027915714948435e-03
4 4.750397377650421e-04
4 1.416080870405579e-03
4 1.999344498420301e-03
4 1.992064784780899e-03
4 1.939902622947275e-03
4 2.001815788154086e-03
4 1.292089359651557e-03
4 2.493397040778616e-03
4 3.192636199131019e-03
4 1.625137754113111e-03
4 2.197810650794001e-03
4 2.513576909466234e-03
4 2.196864932250804e-03
4 2.356487086126843e-03
4 2.360864692318982e-03
4 2.386520424677261e-03
4 2.386701562832821e-03
1 2.522409958298359e-03
4 2.365621971988191e-03
4 2.487997121796001e-03
4 2.471799913612197e-03
4 2.480738970946178e-03
4 1.619691625616258e-04
4 3.585268484827177e-04
4 1.578399968933995e-03
4 1.756211345050520e-03
4 1.054655009422434e-03
4 1.526778820092056e-03
4 3.700455879206049e-03
4 4.401306790660123e-03
4 2.364873534488962e-03
4 2.579877279468924e-03
4 2.609211774107458e-03
4 2.722950678144472e-03
4 3.082056064684188e-03
4 3.036217921210166e-03
4 3.028959699943743e-03
4 3.073230511290854e-03
4 2.699987277478388e-03
4 2.897599967874250e-03
4 3.140541090048148e-03
4 3.117923525833760e-03
4 3.131560723299763e-03
4 3.138613125280335e-03
4 2.861223847379208e-03
4 2.976452780867501e-03
4 2.813267589180153e-03
4 2.799586492705136e-03
1 3.023907408280673e-03
4 2.936566895691611e-03
1 3.118309348469579e-03
4 3.074314319454872e-03
5 1.160247837647086e-04
5 1.160247106078953e-04
5 9.281982701176688e-04
5 9.281976848631619e-04
5 3.132669161647135e-03
5 3.132667186413170e-03
6 2.615465205891132e-03
6 4.378244310647709e-03
6 4.378244310647705e-03
6 2.615464099779904e-03
6 3.852949865888476e-03
6 6.955337906834004e-03
6 6.955337906834010e-03
6 3.852949865888476e-03
6 4.398211518771774e-03
6 4.206420119247979e-03
6 4.122106477666756e-03
6 4.122106477666755e-03
6 4.206420119247979e-03
6 4.398211518771772e-03
6 4.478605661935980e-03
6 4.459828117728112e-03
6 4.349050830259856e-03
6 4.248097594001432e-03
6 4.211643535628597e-03
6 4.236102220181876e-03
6 4.236102220181876e-03
6 4.211643535628597e-03
6 4.248097594001431e-03
6 4.349050830259856e-03
6 4.459828117728112e-03
6 4.478605661935980e-03
2 1.299167012329738e-02
2 1.299167016925542e-02
2 1.299167012329738e-02
2 1.299167016925542e-02
5 1.868455137210333e-04
5 2.262551555931601e-04
5 1.494764109768266e-03
5 1.810041244745282e-03
5 5.044828870467898e-03
6 6.005699689167838e-03
6 3.856973882221224e-03
6 1.344055892791957e-03
6 4.190936161890456e-03
6 3.835260000890660e-03
6 2.670322668736894e-03
6 4.360340839596981e-03
6 3.583091070933703e-03
6 3.036506642883316e-03
6 5.033863490915781e-03
6 4.827953475238927e-03
6 3.905595267026934e-03
6 5.179729808996610e-03
6 4.559101164028460e-03
6 4.165071385890509e-03
6 5.180575926631307e-03
6 5.010327543754636e-03
6 4.420298680104575e-03
6 5.327167070754348e-03
6 4.935805537207003e-03
6 4.627314901779053e-03
6 5.189654328157670e-03
6 5.021422113289909e-03
6 4.483837679152176e-03
6 4.489740905515034e-03
6 5.336046999926392e-03
6 5.057489253114292e-03
6 4.908648555304467e-03
6 4.787951598907678e-03
6 4.582937262136656e-03
2 1.469786415651052e-02
2 1.500456575498582e-02
2 1.469786415651052e-02
2 1.500456575498582e-02
4 1.813974883890449e-04
4 7.449633383831695e-05
4 3.786698075404171e-05
4 8.215363650341573e-04
4 2.096797773872072e-03
4 1.540986837897213e-03
4 2.506693647745130e-03
4 2.667070014007054e-03
4 2.762905406921016e-03
4 1.943227031924493e-03
4 2.313534499062443e-03
4 2.751487393818424e-03
4 3.485043913217057e-03
4 3.554027743641031e-03
4 3.605167404572034e-03
4 3.231424791921199e-03
4 3.385424736009803e-03
4 3.547814739161129e-03
4 3.602861167530354e-03
4 3.602223342136111e-03
4 3.677315473777457e-03
4 3.644504914794764e-03
4 3.774078301356300e-03
4 3.666445627144512e-03
4 3.395762520943463e-03
4 3.406625770063401e-03
4 3.597828777215900e-03
4 3.463332983577906e-03
4 3.596102206681147e-03
4 6.299614874369018e-05
4 1.658211208935269e-04
4 6.724239758715904e-04
4 6.299614874369023e-05
4 1.142997123583718e-03
4 2.695454406443788e-03
4 1.875353062678539e-03
4 1.875352748228393e-03
4 1.142997123583718e-03
4 2.455079497175394e-03
4 2.443271172357472e-03
4 2.881197832499999e-03
4 2.842374281852219e-03
4 2.518586882880400e-03
4 2.881197831539975e-03
4 2.842374272740543e-03
4 2.518587167388602e-03
4 2.731762004408569e-03
4 2.731762005255016e-03
4 2.455080103910472e-03
4 2.443271719695534e-03
4 2.692984612459203e-03
4 2.748766328471067e-03
4 2.748766329801102e-03
4 2.865753891976698e-03
4 2.865753901066092e-03
4 2.692984615631254e-03
4 5.873448122918762e-06
4 3.675818947272884e-06
4 5.613272663682996e-04
4 3.979458170855351e-04
4 1.968320316796699e-03
4 1.855291512988403e-03
4 1.113276297857353e-03
4 2.014219778543883e-03
4 1.774605892242268e-03
4 1.157218696739018e-03
4 2.021623969218919e-03
4 2.123593558178850e-03
4 1.883261349701660e-03
4 7.147204032869708e-04
4 2.238077915510752e-03
4 2.212928584044306e-03
4 2.116264280277714e-03
4 2.067220357913263e-03
4 2.090980026440963e-03
4 1.893459043869794e-03
4 2.388843833577350e-03
4 2.378768956612912e-03
4 2.339971260638664e-03
4 2.319776723487440e-03
4 2.332462086177402e-03
4 2.267370504585753e-03
4 4.018456989939434e-06
4 1.989372469174603e-07
4 2.476945084958176e-04
4 9.956572483296260e-04
4 2.542274691854286e-04
4 1.095109147019472e-03
4 1.497000065460067e-03
4 1.926538195708461e-03
4 1.383820626051464e-03
4 7.891511124326166e-04
4 2.053302969203459e-03
4 2.344049118971814e-03
4 2.718556247498932e-03
4 1.624470487705040e-03
4 2.323561381986237e-03
4 2.158845922142895e-03
4 2.133552728123243e-03
4 2.192085772563089e-03
4 2.570160305238296e-03
4 2.714730309200001e-03
4 2.888183314043417e-03
4 2.381236172850652e-03
4 2.597078372062252e-03
4 2.579810717802315e-03
4 2.652119587366336e-03
4 2.772176432230391e-03
4 2.902004457597110e-03
4 2.497931308921031e-03
4 2.624406476606714e-03
4 2.610931531054617e-03
4 2.481589446437437e-06
4 1.737072645202718e-07
4 1.925926908375330e-04
4 4.499684226675799e-04
4 1.710988450439705e-04
4 9.655796465974079e-04
4 2.116272455913716e-03
4 1.342207082478071e-03
4 1.951721975307843e-03
4 4.162946014336226e-03
4 1.244359253083899e-03
4 1.846355901554832e-03
4 1.967194211760488e-03
4 2.784044632613081e-03
4 1.817617695252836e-03
4 1.857980848369478e-03
4 1.647051643135937e-03
4 2.520400051650612e-03
4 2.503358372010112e-03
4 2.685695719695859e-03
4 2.218727798144298e-03
4 2.493793041630378e-03
4 2.446795626171017e-03
4 2.612782629609485e-03
4 2.601152682893113e-03
1 2.702051455974379e-03
4 2.397078915730592e-03
4 2.531171163960394e-03
1 2.481731453132701e-03
4 1.191578385880714e-05
4 1.128973086245801e-05
4 3.105087933942213e-04
4 8.280496673121085e-04
4 9.122179398569148e-04
4 1.448546047384274e-03
4 3.095712010814746e-03
4 2.858072226084364e-03
4 1.069058098298807e-03
4 2.508732281715301e-03
4 2.576644314067092e-03
4 2.587132771868604e-03
4 2.863393283650790e-03
4 2.400902827580962e-03
4 2.573115863191840e-03
4 2.794214837573710e-03
4 2.330949119446668e-03
4 2.197601636416984e-03
4 2.773573893384685e-03
4 2.843747342084015e-03
4 2.768475979559549e-03
4 2.822647179656046e-03
4 2.724246229414436e-03
4 2.658436019522804e-03
4 3.786692379257507e-05
4 7.449603016713622e-05
4 1.813004943635869e-04
4 1.540994639879628e-03
4 2.096797773872070e-03
4 8.215367880681818e-04
4 2.751487393818426e-03
4 2.313534499062441e-03
4 1.943227031924492e-03
4 2.762905406921013e-03
4 2.667070014007050e-03
4 2.506692809203056e-03
4 3.547814739161129e-03
4 3.385424736009802e-03
4 3.231424791921198e-03
4 3.605167404572035e-03
4 3.554027743641030e-03
4 3.485043913217059e-03
4 3.596102206681146e-03
4 3.463332983577906e-03
4 3.597828777215900e-03
4 3.406625770063401e-03
4 3.395762520943462e-03
4 3.666445627144512e-03
4 3.774078301356300e-03
4 3.644504914794764e-03
4 3.677315473777457e-03
4 3.602223342136112e-03
4 3.602861167530354e-03
5 2.930909099291219e-04
5 2.930909099291222e-04
5 2.344727279432975e-03
5 2.344727279432978e-03
6 2.585735998240226e-03
6 3.968591407778540e-03
6 4.666354455580009e-03
6 4.666354455580004e-03
6 2.585735998240226e-03
6 3.968591407778540e-03
6 4.988706164048866e-03
6 9.027926897468886e-03
6 9.027926897468883e-03
6 4.988706164048866e-03
6 5.595420035882166e-03
6 5.410074103181216e-03
6 5.181543162430171e-03
6 5.410074067055144e-03
6 5.181543396810131e-03
6 5.595420035882166e-03
6 5.694104166950921e-03
3 5.419882449906600e-03
6 5.297164059171554e-03
3 5.419882409396707e-03
6 5.297164085257043e-03
6 5.694104166950921e-03
6 5.700021765627620e-03
3 5.419882449906600e-03
6 5.303462379123559e-03
3 5.419882409396707e-03
6 5.303462405771378e-03
6 5.700021765627620e-03
2 1.642332704148685e-02
2 1.642332704148684e-02
2 1.642332704148685e-02
2 1.642332704148684e-02
5 7.916846474113772e-04
5 3.258757601537812e-03
5 3.258757601537818e-03
5 7.916845958145703e-04
5 2.629923337271260e-03
5 9.757374765446020e-03
5 9.757374765446013e-03
5 2.629923196569052e-03
5 4.709493191018288e-03
6 6.360933481252065e-03
6 1.051326844702871e-02
6 7.039953841609148e-03
6 7.039953841609149e-03
6 1.051326844702874e-02
6 6.360933481252086e-03
5 4.709493022229607e-03
6 6.226217167560329e-03
6 7.869428009879505e-03
6 8.706354952859069e-03
6 8.706354952859069e-03
6 7.869428009879513e-03
6 6.226217167560338e-03
6 6.752599468883312e-03
6 8.154645521753184e-03
6 8.936620139092790e-03
6 8.936620139092790e-03
6 8.154645521753184e-03
6 6.752599468883314e-03
6 6.845626359341633e-03
6 8.202590195172769e-03
6 8.980754047875536e-03
6 8.980754047875536e-03
6 8.202590195172769e-03
6 6.845626359341633e-03
6 6.851447529415745e-03
6 8.205777989930859e-03
6 8.983670256239340e-03
6 8.983670256239340e-03
6 8.205777989930859e-03
6 6.851447529415745e-03
2 6.851447727859744e-03
2 1.718882539700325e-02
2 1.718882539700325e-02
2 6.851447684891764e-03
2 6.851447727859744e-03
2 1.718882539700325e-02
2 1.718882539700325e-02
2 6.851447684891764e-03
5 2.262551555931603e-04
5 1.868455137210335e-04
5 1.810041244745283e-03
5 1.494764109768268e-03
6 1.344055892791957e-03
6 6.005699689167836e-03
6 3.856973882221228e-03
5 5.044828870467899e-03
6 3.036506642883316e-03
6 3.583091070933703e-03
6 4.360340839596981e-03
6 2.670322668736895e-03
6 3.835260000890660e-03
6 4.190936161890456e-03
6 4.165071385890509e-03
6 4.559101164028461e-03
6 5.179729808996610e-03
6 3.905595267026934e-03
6 4.827953475238927e-03
6 5.033863490915781e-03
6 4.627314901779054e-03
6 4.935805537207003e-03
6 5.327167070754350e-03
6 4.420298680104575e-03
6 5.010327543754636e-03
6 5.180575926631307e-03
6 4.787951598907678e-03
6 4.582937262136655e-03
6 5.057489253114291e-03
6 4.908648555304467e-03
6 5.336046999926392e-03
6 4.483837679152176e-03
6 4.489740905515035e-03
6 5.021422113289908e-03
6 5.189654328157670e-03
2 1.500456575498582e-02
2 1.469786415651053e-02
2 1.500456575498582e-02
2 1.469786415651053e-02
4 8.070168849371293e-05
4 4.190536986976791e-04
4 9.033057623571913e-04
4 1.057904374813893e-04
4 7.468260401773025e-04
4 2.813210156223296e-03
4 1.835866202744777e-03
4 2.365632009093082e-03
4 9.993186704419278e-04
4 1.885775257644566e-03
4 2.579401613543493e-03
4 2.579527158164749e-03
4 2.886279651387747e-03
4 3.220200180833362e-03
4 2.294106864648225e-03
4 2.772620768818801e-03
4 2.734311424790504e-03
4 3.083064622824629e-03
4 3.087043321510326e-03
4 3.263720878794997e-03
4 3.447749447555847e-03
4 2.938481590359475e-03
4 2.931235157336539e-03
4 3.178021054993089e-03
4 3.176112544476027e-03
4 3.321911805681838e-03
4 3.486129651423336e-03
4 3.050406841218850e-03
4 1.543300820871707e-06
4 3.550463702801761e-05
4 4.082902380073733e-05
4 5.615296158407238e-06
4 3.550463702801761e-05
4 4.082902380073733e-05
4 1.543300820871707e-06
4 5.615296158407236e-06
4 7.739216928051373e-04
4 1.405988125690567e-03
4 1.405988125934564e-03
4 2.625352046262791e-03
4 7.739216928051372e-04
4 1.949063994993437e-03
4 2.076910866118314e-03
4 2.076910866116029e-03
4 2.070887838470580e-03
4 2.070886476905984e-03
4 1.949056442355262e-03
4 1.678363572187547e-06
4 1.678349459602880e-06
4 1.705028134083756e-04
4 8.384081899939914e-04
4 6.663499479807273e-04
4 6.663499479807263e-04
4 8.384081899939900e-04
4 1.705028131505368e-04
4 1.154304440624485e-03
4 1.625423003057137e-03
4 1.597673313482292e-03
4 1.597673313482292e-03
4 1.625423003057136e-03
4 1.154304425839265e-03
4 2.037667527902738e-03
4 2.149345613941257e-03
4 2.142605807810974e-03
4 2.142605807810976e-03
4 2.149345613941258e-03
4 2.037667527902739e-03
4 1.414250858539096e-06
4 1.414250858539095e-06
4 5.632940438503034e-04
4 5.632940438503032e-04
4 1.065035387002190e-03
4 2.438707868525472e-03
4 2.438707868525469e-03
4 1.065035387002190e-03
4 2.017219363734923e-03
4 2.060633883250826e-03
4 2.072618571347822e-03
4 2.072618571347822e-03
4 2.060633883250826e-03
4 2.017219363734923e-03
4 5.562789154627742e-04
4 1.025887063322494e-03
4 1.811381014761566e-03
4 1.910005868798731e-03
4 1.793508282465929e-03
4 1.956885485417594e-03
4 1.886862514294697e-03
4 1.892258160093548e-03
4 1.188495008770597e-03
4 2.662957580558521e-03
4 2.662957580558521e-03
4 1.188495008770597e-03
4 1.860292446378448e-03
4 1.866114595782859e-03
1 1.883533793212165e-03
4 1.866114595782859e-03
1 1.883533793212165e-03
4 1.860292446378448e-03
4 8.625988727596202e-04
4 1.624769588541165e-03
4 9.433653066888551e-04
4 8.626030882633323e-04
4 1.832389810620387e-03
4 1.834558480536310e-03
1 1.830564236018399e-03
4 1.814874061324522e-03
1 1.810974978183629e-03
4 1.832389810620387e-03
4 1.062745736292102e-03
4 1.475372702045906e-03
4 1.731369690031259e-03
4 1.731369690031259e-03
4 1.475372702045906e-03
4 1.062745736292102e-03
4 1.025889674473675e-03
4 5.562788006384914e-04
4 1.892258160093549e-03
4 1.886862514294698e-03
4 1.956885485417596e-03
4 1.793508282465928e-03
4 1.910005868798731e-03
4 1.811381014761564e-03
