5 1.714664318827845e-02
5 9.502675599702639e-03
5 1.231666441030710e-02
5 1.231666441030710e-02
5 1.714664318827845e-02
5 9.502675599702639e-03
5 2.275134436859391e-02
5 1.438521378160414e-02
5 1.763990867941170e-02
5 1.763990867941170e-02
5 2.275134436859391e-02
5 1.438521378160414e-02
6 2.260044542119783e-02
6 2.477127381637532e-02
5 1.619478623592000e-02
5 1.899238383800643e-02
5 1.899238383800642e-02
6 2.260044542119783e-02
6 2.477127381637532e-02
5 1.619478623592000e-02
2 2.341817097891464e-02
6 1.647778885767054e-02
6 1.911954628060876e-02
6 1.911954628060875e-02
2 2.341817097891464e-02
6 1.647778885767054e-02
2 2.341817097891464e-02
2 1.648112487325283e-02
2 1.912140899695016e-02
2 1.912140899695015e-02
2 2.341817097891464e-02
2 1.648112487325284e-02
2 2.341817097891464e-02
2 1.648112487325283e-02
2 1.912140899695016e-02
2 1.912140899695015e-02
2 2.341817097891464e-02
2 1.648112487325284e-02
5 1.298584753798485e-03
5 3.598875643627064e-03
5 3.598875643627072e-03
5 1.298584807830191e-03
5 4.102233005160579e-03
5 1.080619345791210e-02
5 1.080619345791210e-02
5 4.102233070802339e-03
5 6.772785739036294e-03
6 9.255268262209827e-03
6 8.697696696785910e-03
6 7.275880579220656e-03
6 7.275880579220633e-03
6 8.697696696785870e-03
6 9.255268262209819e-03
5 6.772785548138791e-03
6 7.983432059900264e-03
6 1.008609941726002e-02
6 7.927779449111097e-03
6 7.927779449111102e-03
6 1.008609941726002e-02
6 7.983432059900285e-03
6 8.157993564678860e-03
3 1.009178949006881e-02
6 8.105760030452590e-03
6 8.105760030452590e-03
3 1.009178949006883e-02
6 8.157993564678860e-03
2 8.162373244634197e-03
2 1.820194060016299e-02
2 1.820194060016296e-02
2 8.162373273591473e-03
2 8.162373244634197e-03
2 1.820194060016299e-02
2 1.820194060016296e-02
2 8.162373273591473e-03
5 2.419362758600094e-04
5 2.111906057998694e-04
5 1.935490206880075e-03
5 1.689524846398955e-03
6 1.570776555326211e-03
6 4.636887712143214e-03
6 5.013713849707257e-03
5 5.702146356596489e-03
6 2.953005549941488e-03
6 4.707281561672686e-03
6 4.374139871854329e-03
6 3.127694826674039e-03
6 5.028318629446919e-03
6 3.776003543459607e-03
6 4.261157404123543e-03
6 5.381065476674454e-03
6 5.176411101581289e-03
6 4.371236634777079e-03
6 5.538505301396964e-03
6 4.783608579362037e-03
6 4.621729449353262e-03
6 5.497874993832735e-03
6 5.326896317956660e-03
6 4.696050185300228e-03
3 5.550208908392138e-03
6 4.982074119515963e-03
6 4.644026001463158e-03
6 5.505098846363809e-03
6 5.336135641780770e-03
6 4.714282766055733e-03
3 5.550208908392138e-03
6 4.994593809265220e-03
2 1.548525958312195e-02
2 1.525908598539164e-02
2 1.548525958312195e-02
2 1.525908598539164e-02
5 8.311480612303401e-05
5 8.311480772624971e-05
5 6.649184489842721e-04
5 6.649184618099977e-04
5 2.244099765321918e-03
5 2.244099808608746e-03
6 1.940773989211521e-03
6 3.362440111415557e-03
6 3.362440111415557e-03
6 1.940774059882617e-03
6 3.191127205977418e-03
6 5.767027161275437e-03
6 5.767027161275431e-03
6 3.191127205977428e-03
6 3.882925702573852e-03
6 3.734626854071021e-03
6 3.628419081938813e-03
6 3.628419081938809e-03
6 3.734626854071021e-03
6 3.882925702573856e-03
6 4.087235280644568e-03
6 3.982123184183073e-03
6 3.899977371375817e-03
6 3.899977371375813e-03
6 3.982123184183066e-03
6 4.087235280644572e-03
6 4.103204150182979e-03
6 4.002269920781979e-03
6 3.921134824629299e-03
6 3.921134824629299e-03
6 4.002269920781979e-03
6 4.103204150182979e-03
2 1.202662757442425e-02
2 1.202662757493003e-02
2 1.202662757442425e-02
2 1.202662757493003e-02
5 6.250958164090060e-05
5 6.250958164090060e-05
5 5.000766531272048e-04
5 5.000766531272048e-04
5 1.687758704304316e-03
5 1.687758704304317e-03
6 1.735015184456846e-03
6 2.263680679122278e-03
6 2.263680679122272e-03
6 1.735015184456846e-03
6 2.995299343043580e-03
6 4.237627327545370e-03
6 4.237627327545373e-03
6 2.995299343043580e-03
6 3.757747173434763e-03
6 6.194156870993088e-03
6 6.194156870993087e-03
6 3.757747173434763e-03
6 3.987193751589869e-03
6 3.556365207975706e-03
6 3.693023576312170e-03
6 3.673403616018571e-03
6 3.567936080474502e-03
6 3.675696613043192e-03
6 3.667688110927055e-03
6 3.567936080474502e-03
6 3.675696613043192e-03
6 3.667688110927055e-03
6 3.556365207975706e-03
6 3.693023576312170e-03
6 3.673403616018571e-03
6 3.987193751589869e-03
6 4.004132361254267e-03
3 3.676128778288619e-03
6 3.565278878345987e-03
3 3.676128778625564e-03
6 3.565278878336749e-03
6 4.004132361254267e-03
2 1.124555893969983e-02
2 1.124555893969984e-02
2 1.124555893969983e-02
2 1.124555893969984e-02
5 8.285146333074870e-05
5 8.285146321510542e-05
5 6.628117066459896e-04
5 6.628117057208433e-04
5 2.236989509930218e-03
5 2.236989506807842e-03
6 2.461006382274701e-03
6 2.838441590059949e-03
6 2.838441590059952e-03
6 2.461006755706838e-03
6 3.975791019809087e-03
6 5.275663355829890e-03
6 5.275663355829895e-03
6 3.975791019809089e-03
6 4.407008628054469e-03
6 3.654492450737990e-03
6 3.636169297926701e-03
6 3.636169297926689e-03
6 3.654492450737977e-03
6 4.407008628054469e-03
6 4.432945161267602e-03
6 3.844050059084649e-03
6 3.885904267365625e-03
6 3.866701847721710e-03
6 3.837780720042237e-03
6 3.837780720042237e-03
6 3.866701847721710e-03
6 3.885904267365625e-03
6 3.844050059084649e-03
6 4.432945161267602e-03
2 1.215017376071040e-02
2 1.215017376149862e-02
2 1.215017376071040e-02
2 1.215017376149862e-02
5 2.111906057998695e-04
5 2.419362758600096e-04
5 1.689524846398956e-03
5 1.935490206880077e-03
5 5.702146356596477e-03
6 4.636887712143196e-03
6 5.013713849707268e-03
6 1.570776555326211e-03
6 3.776003543459607e-03
6 5.028318629446919e-03
6 3.127694826674039e-03
6 4.374139871854329e-03
6 4.707281561672686e-03
6 2.953005549941488e-03
6 4.783608579362037e-03
6 5.538505301396964e-03
6 4.371236634777079e-03
6 5.176411101581289e-03
6 5.381065476674454e-03
6 4.261157404123543e-03
6 4.982074119515963e-03
3 5.550208908392138e-03
6 4.696050185300228e-03
6 5.326896317956660e-03
6 5.497874993832735e-03
6 4.621729449353262e-03
6 4.994593809265220e-03
3 5.550208908392138e-03
6 4.714282766055733e-03
6 5.336135641780770e-03
6 5.505098846363809e-03
6 4.644026001463158e-03
2 1.525908598539165e-02
2 1.548525958312197e-02
2 1.525908598539165e-02
2 1.548525958312197e-02
5 2.096616499450346e-03
5 3.466425602506857e-03
5 3.466425602506861e-03
5 2.096610162849961e-03
5 6.190937691453723e-03
5 1.064996809421201e-02
5 1.064996809421201e-02
5 6.190943032003907e-03
6 8.841475411317478e-03
6 9.404807819363080e-03
5 1.672702600139231e-02
5 1.672702600139227e-02
6 9.404807819363094e-03
6 8.841475411317516e-03
6 9.658348350510436e-03
6 9.339264416952701e-03
6 8.902845428356967e-03
6 8.902845428356967e-03
6 9.339264416952701e-03
6 9.658348350510436e-03
6 9.685235492081305e-03
3 9.344952244989529e-03
6 8.932410582091125e-03
6 8.932410582091125e-03
3 9.344952244989544e-03
6 9.685235492081305e-03
2 9.685235477982919e-03
2 1.827736297870982e-02
2 1.827736297870984e-02
2 9.685232481143781e-03
2 9.685235477982919e-03
2 1.827736297870982e-02
2 1.827736297870984e-02
2 9.685232481143781e-03
4 6.461906162136349e-05
4 4.307282858538198e-04
4 3.781942285933312e-04
4 9.677474953972998e-05
4 8.096199434367398e-05
4 2.864833942175690e-04
4 2.879448697288160e-04
4 2.485700213193041e-05
4 1.390354735463415e-03
4 2.361834432887086e-03
4 1.755959077575082e-03
4 1.731662427396572e-03
4 8.681456345429237e-04
4 2.104804644043313e-03
4 2.105949671789268e-03
4 2.054634410559022e-03
4 2.179556988932432e-03
4 2.170981994030688e-03
4 2.035213517895396e-03
4 1.023954719228634e-05
4 1.233063331983141e-05
4 1.666246682891914e-06
4 6.778637877576182e-04
4 1.620343042886913e-03
4 8.557049354006877e-04
4 1.869393762454741e-03
4 1.872439191525768e-03
4 1.923493280059369e-03
4 1.649909598679162e-03
4 1.924849474230197e-03
4 1.706768671545238e-03
4 2.654822249615650e-05
4 1.567452245324107e-05
4 1.672394127877933e-04
4 2.223804234418904e-04
4 2.654822249615648e-05
4 1.672394127877931e-04
4 2.223804234418901e-04
4 1.567452245324102e-05
4 8.042085995759101e-04
4 1.996157558223795e-03
4 1.996157558223795e-03
4 8.042085995759102e-04
4 1.908469296968589e-03
4 1.939061044863015e-03
4 1.950632634802073e-03
4 1.950632634802073e-03
4 1.939061044863015e-03
4 1.908469296968589e-03
4 3.675818942140861e-06
4 5.873435918391390e-06
4 3.979455709202484e-04
4 5.613277090746852e-04
4 7.147201669672782e-04
4 1.883263782879415e-03
4 2.123606503428953e-03
4 2.021639199759016e-03
4 1.157256897233872e-03
4 1.774599100586471e-03
4 2.014078948021315e-03
4 1.113279218148673e-03
4 1.855313568213681e-03
4 1.968187614818068e-03
4 1.893458347263138e-03
4 2.090979868291473e-03
4 2.067220174367620e-03
4 2.116264041607077e-03
4 2.212928521717574e-03
4 2.238077860114104e-03
4 2.267370918869732e-03
4 2.332463428948594e-03
4 2.319778030222762e-03
4 2.339972267027193e-03
4 2.378768452745912e-03
4 2.388843448018050e-03
4 1.129006570907853e-05
4 1.191578741778027e-05
4 9.122181660327693e-04
4 8.280490010570099e-04
4 3.105089643713312e-04
4 1.069058297471471e-03
4 2.858072675751559e-03
4 3.095712062633164e-03
4 1.448546102895620e-03
4 2.197601720861090e-03
4 2.330948456575975e-03
4 2.573113675332356e-03
4 2.794210782694586e-03
4 2.400902755962759e-03
4 2.587131096551999e-03
4 2.863390366665541e-03
4 2.508731378140877e-03
4 2.576635582758783e-03
4 2.658436983170941e-03
4 2.724246630391656e-03
4 2.822647159020425e-03
4 2.768476313679877e-03
4 2.843747319659082e-03
4 2.773573789622271e-03
4 1.057903452531134e-04
4 9.033457514379781e-04
4 4.190583197712537e-04
4 8.070167346595995e-05
4 9.993193784173678e-04
4 2.365631608666105e-03
4 1.835865988055386e-03
4 2.813203426288538e-03
4 7.468260286802247e-04
4 2.294109040491060e-03
4 3.220199564896062e-03
4 2.886279709562604e-03
4 2.579527115818317e-03
4 2.579401532454275e-03
4 1.885775255672794e-03
4 2.938481900708849e-03
4 3.447749413159330e-03
4 3.263720205968939e-03
4 3.087043502429479e-03
4 3.083064450216481e-03
4 2.734305261906723e-03
4 2.772609144697841e-03
4 3.050406746518164e-03
4 3.486129202447638e-03
4 3.321911861092975e-03
4 3.176113030757198e-03
4 3.178022056155840e-03
4 2.931235050977182e-03
4 3.585382297918453e-04
4 1.619692031722048e-04
4 1.054653830332686e-03
4 1.756218189971738e-03
4 1.578399037163897e-03
4 2.364876232773828e-03
4 4.401306800406133e-03
4 3.700456439668228e-03
4 1.526779053489925e-03
4 2.976453021480125e-03
4 3.131560383173109e-03
4 3.138613922440004e-03
4 2.861221693153950e-03
4 2.897598102555948e-03
4 3.140542068442861e-03
4 3.117923652923582e-03
4 3.028959505842099e-03
4 3.073231778077823e-03
4 2.699985367742451e-03
4 2.722949714719819e-03
4 3.082057448061333e-03
4 3.036217943009582e-03
4 2.579875518202059e-03
4 2.609201932567975e-03
4 3.074314512039746e-03
1 3.118309364987562e-03
4 2.936566683489752e-03
1 3.023907404418906e-03
4 2.799586158583596e-03
4 2.813267514657985e-03
4 3.794189874525060e-04
4 3.794189848779831e-04
4 1.924022617542400e-03
4 1.882169636237315e-03
4 1.392281244838953e-03
4 2.635088620997669e-03
4 1.982520633205195e-03
4 2.153635046401099e-03
4 1.487821878181753e-03
4 1.487821878181752e-03
4 2.153635046401095e-03
4 1.982520633205192e-03
4 2.635088620997667e-03
4 1.392281147546824e-03
4 1.882169636237317e-03
4 1.924022617542403e-03
4 2.473992862213534e-03
4 2.329391825850579e-03
4 2.363155707572975e-03
4 2.363155707572980e-03
4 2.329391825850577e-03
4 2.473992862213534e-03
4 3.745894622957583e-04
4 3.745894622957582e-04
4 1.477310856929765e-03
4 2.494216850586447e-03
4 2.494216850586446e-03
4 1.477310856929765e-03
4 1.908737179914297e-03
4 1.886230956873034e-03
1 1.895368256048123e-03
4 1.886230956873033e-03
1 1.895368256048123e-03
4 1.908737179914297e-03
4 6.378193911648045e-04
4 6.378194805947296e-04
4 1.547486373728215e-03
4 1.809924967284496e-03
4 1.699383428573329e-03
4 1.699383428573326e-03
4 1.809924967284493e-03
4 1.547485992487152e-03
4 1.920871482920441e-03
4 1.963840770906099e-03
4 1.947035423394634e-03
4 1.947035423394633e-03
4 1.963840770906099e-03
4 1.920871482920441e-03
4 8.096199434367409e-05
4 2.485700213193041e-05
4 2.864833942175689e-04
4 2.879448697288153e-04
4 4.307282858538196e-04
4 3.781942285933315e-04
4 6.461906162136353e-05
4 9.677474953972986e-05
4 8.681456345429236e-04
4 1.731662427396573e-03
4 1.755959077575082e-03
4 2.361834432887081e-03
4 1.390354735463415e-03
4 2.035213517895396e-03
4 2.170981994030688e-03
4 2.179556988932432e-03
4 2.054634410559022e-03
4 2.105949671789269e-03
4 2.104804644043313e-03
4 7.807724341567820e-05
4 2.087144765644187e-05
4 4.750492455645560e-04
4 1.027927767849977e-03
4 9.126778696253195e-04
4 1.625136824262938e-03
4 3.192635746342372e-03
4 2.493407862256485e-03
4 1.292115082983649e-03
4 2.001748732513421e-03
4 1.939910278548843e-03
4 1.992028374121254e-03
4 1.999255994287452e-03
4 1.416085708064364e-03
4 2.386520349964504e-03
4 2.360864569871793e-03
4 2.356487032029789e-03
4 2.196863334547672e-03
4 2.513576810821593e-03
4 2.197809099941572e-03
4 2.480739089226642e-03
4 2.471799915895714e-03
4 2.487997732812120e-03
4 2.365622101383537e-03
1 2.522409957021451e-03
4 2.386703140589435e-03
4 1.989413012112680e-07
4 4.017183124942676e-06
4 2.542271316466145e-04
4 9.956595517360259e-04
4 2.476945895418124e-04
4 7.891496452059807e-04
4 1.383816812582693e-03
4 1.926540748503800e-03
4 1.497003558601462e-03
4 1.095109111451970e-03
4 2.133558940337167e-03
4 2.192085050524603e-03
4 2.323554318212006e-03
4 2.158844958495729e-03
4 1.624477372361618e-03
4 2.718558875981295e-03
4 2.344049101327080e-03
4 2.053302993299779e-03
4 2.579810577985419e-03
4 2.597078327537262e-03
4 2.381236094896348e-03
4 2.888183262808533e-03
4 2.714730478317422e-03
4 2.570159901277224e-03
4 2.610931542565181e-03
4 2.624406488478260e-03
4 2.497931666556759e-03
4 2.902004114529744e-03
4 2.772176153972981e-03
4 2.652119125063894e-03
4 1.737074614842544e-07
4 2.477088095016571e-06
4 1.710988660064164e-04
4 4.499685210386834e-04
4 1.925929128401316e-04
4 1.342206980661302e-03
4 2.116272439861513e-03
4 9.655795991621517e-04
4 1.647175330593835e-03
4 1.857885959295406e-03
4 1.817468124491268e-03
4 2.784268157654796e-03
4 1.967018969996006e-03
4 1.846136023720210e-03
4 1.244634496293347e-03
4 4.162947112971558e-03
4 1.951722495898329e-03
4 2.493792623397487e-03
4 2.446794156665424e-03
4 2.218724253013211e-03
4 2.685697015744608e-03
4 2.503358113059903e-03
4 2.520399682324263e-03
4 2.531171187238486e-03
1 2.481731463095486e-03
4 2.397079669037975e-03
1 2.702051464544625e-03
4 2.601152446381181e-03
4 2.612782324299808e-03
4 3.171825850453862e-06
4 5.010697509273473e-06
4 2.834457520990788e-04
4 4.060839433570754e-04
4 1.762598043399640e-03
4 1.338841608524518e-03
4 1.204866983352811e-03
4 1.052662601129447e-03
4 1.794236553879703e-03
4 3.243831291614353e-03
4 3.491638100383704e-03
4 2.182609321966763e-03
4 2.242722635673167e-03
4 2.195235769821736e-03
4 2.236703716895736e-03
4 2.238319170697707e-03
4 2.254073201248881e-03
4 2.360527936256943e-03
4 1.666246662064676e-06
4 1.233467249661192e-05
4 1.024107639444574e-05
4 8.557049395044080e-04
4 1.620343042886916e-03
4 6.778637899991828e-04
4 1.706768671545239e-03
4 1.924849474230199e-03
4 1.649909598679161e-03
4 1.923493280059371e-03
4 1.872439191525768e-03
4 1.869393762454746e-03
4 5.010697509273487e-06
4 3.171825850453854e-06
4 4.060839433570754e-04
4 2.834457520990783e-04
4 1.204866983352811e-03
4 1.052662601129446e-03
4 1.338841608524518e-03
4 1.762598043399642e-03
4 2.182609321966763e-03
4 3.491638100383706e-03
4 3.243831291614360e-03
4 1.794236553879703e-03
4 2.360527936256942e-03
4 2.254073201248881e-03
4 2.238319170697707e-03
4 2.236703716895736e-03
4 2.195235769821736e-03
4 2.242722635673167e-03
4 2.087144783991274e-05
4 7.807725192204820e-05
4 9.126778601276192e-04
4 1.027927767849977e-03
4 4.750492455634394e-04
4 1.416085775496505e-03
4 1.999255994287450e-03
4 1.992028374121258e-03
4 1.939910278548844e-03
4 2.001748732513421e-03
4 1.292115082983647e-03
4 2.493407862256482e-03
4 3.192635746342374e-03
4 1.625136825917284e-03
4 2.197809099941572e-03
4 2.513576810821593e-03
4 2.196863334547675e-03
4 2.356487032029784e-03
4 2.360864569871791e-03
4 2.386520349964508e-03
4 2.386703140589435e-03
1 2.522409957021454e-03
4 2.365622101383537e-03
4 2.487997732812120e-03
4 2.471799915895714e-03
4 2.480739089226641e-03
4 1.619692031722045e-04
4 3.585382297918453e-04
4 1.578399037163895e-03
4 1.756218189971741e-03
4 1.054653830332685e-03
4 1.526779053489925e-03
4 3.700456439668233e-03
4 4.401306800406117e-03
4 2.364876232773828e-03
4 2.579875518202059e-03
4 2.609201932567975e-03
4 2.722949714719819e-03
4 3.082057448061333e-03
4 3.036217943009582e-03
4 3.028959505842099e-03
4 3.073231778077823e-03
4 2.699985367742451e-03
4 2.897598102555948e-03
4 3.140542068442861e-03
4 3.117923652923582e-03
4 3.131560383173109e-03
4 3.138613922440004e-03
4 2.861221693153951e-03
4 2.976453021480125e-03
4 2.813267514657985e-03
4 2.799586158583596e-03
1 3.023907404418906e-03
4 2.936566683489752e-03
1 3.118309364987562e-03
4 3.074314512039746e-03
5 1.160246749648722e-04
5 1.160246751565755e-04
5 9.281973997189776e-04
5 9.281974012526039e-04
5 3.132666224051545e-03
5 3.132666229227540e-03
6 2.615464252451201e-03
6 4.378244361765150e-03
6 4.378244361765141e-03
6 2.615464318791331e-03
6 3.852950225501662e-03
6 6.955338585955469e-03
6 6.955338585955493e-03
6 3.852950225501669e-03
6 4.398211797593574e-03
6 4.206420302348286e-03
6 4.122106430459484e-03
6 4.122106430459477e-03
6 4.206420302348278e-03
6 4.398211797593586e-03
6 4.478608564997688e-03
6 4.459827469491937e-03
6 4.349054220576614e-03
6 4.248097359120830e-03
6 4.211643358846282e-03
6 4.236102016329540e-03
6 4.236102016329540e-03
6 4.211643358846282e-03
6 4.248097359120830e-03
6 4.349054220576614e-03
6 4.459827469491937e-03
6 4.478608564997688e-03
2 1.299167059676957e-02
2 1.299167060087653e-02
2 1.299167059676957e-02
2 1.299167060087653e-02
5 1.868454715750738e-04
5 2.262570521390755e-04
5 1.494763772600590e-03
5 1.810056417112604e-03
5 5.044827732526989e-03
6 6.005810366696441e-03
6 3.856978839332331e-03
6 1.344057962233985e-03
6 4.190923667355080e-03
6 3.835257882922775e-03
6 2.670323119091120e-03
6 4.360336586535864e-03
6 3.583102003159209e-03
6 3.036506921559157e-03
6 5.033863423406535e-03
6 4.827956441367752e-03
6 3.905595272671884e-03
6 5.179732889819809e-03
6 4.559101337223204e-03
6 4.165070562487843e-03
6 5.180575870647446e-03
6 5.010327540397335e-03
6 4.420298675185854e-03
6 5.327170085377580e-03
6 4.935804225791221e-03
6 4.627302530159728e-03
6 5.189652790924482e-03
6 5.021421213045370e-03
6 4.483837442230818e-03
6 4.489740671247463e-03
6 5.336051820365223e-03
6 5.057511240373660e-03
6 4.908650287716089e-03
6 4.787938955177520e-03
6 4.582938352295124e-03
2 1.469786452858029e-02
2 1.500456658351845e-02
2 1.469786452858029e-02
2 1.500456658351845e-02
4 1.813768860969727e-04
4 7.449564532294823e-05
4 3.786703560458555e-05
4 8.215372804297312e-04
4 2.096824098984268e-03
4 1.540996175370444e-03
4 2.506693377919584e-03
4 2.667070510521216e-03
4 2.762906082216060e-03
4 1.943238783262980e-03
4 2.313552084726085e-03
4 2.751481246555186e-03
4 3.485044172408402e-03
4 3.554028192917892e-03
4 3.605169506714430e-03
4 3.231425224216453e-03
4 3.385423315990434e-03
4 3.547812943149071e-03
4 3.602862319169297e-03
4 3.602223541848363e-03
4 3.677317121613730e-03
4 3.644504163262145e-03
4 3.774101982196109e-03
4 3.666445293855873e-03
4 3.395762792976688e-03
4 3.406626590257472e-03
4 3.597843358821665e-03
4 3.463333024824751e-03
4 3.596102475550692e-03
4 6.299614530245954e-05
4 1.658210977848976e-04
4 6.724189100164346e-04
4 6.299614530245955e-05
4 1.142997263034987e-03
4 2.695454061283764e-03
4 1.875350846318764e-03
4 1.875350812752811e-03
4 1.142997263034987e-03
4 2.455076562179134e-03
4 2.443267704996943e-03
4 2.881197595461572e-03
4 2.842374101139235e-03
4 2.518582259693725e-03
4 2.881197595073976e-03
4 2.842374094537480e-03
4 2.518582285207866e-03
4 2.731762130972814e-03
4 2.731762131006234e-03
4 2.455076588455308e-03
4 2.443267729148637e-03
4 2.692984530689485e-03
4 2.748766306743299e-03
4 2.748766306783137e-03
4 2.865753920567138e-03
4 2.865753920894280e-03
4 2.692984531402435e-03
4 5.873435844251163e-06
4 3.675818955999683e-06
4 5.613277269793352e-04
4 3.979455791422517e-04
4 1.968187614818066e-03
4 1.855313568213681e-03
4 1.113278685188133e-03
4 2.014078948021315e-03
4 1.774599100586471e-03
4 1.157256897233873e-03
4 2.021639199759020e-03
4 2.123606503428954e-03
4 1.883263782879417e-03
4 7.147201665598045e-04
4 2.238077860114104e-03
4 2.212928521717571e-03
4 2.116264041607079e-03
4 2.067220174367626e-03
4 2.090979868291472e-03
4 1.893458331423247e-03
4 2.388843448018050e-03
4 2.378768452745912e-03
4 2.339972267027193e-03
4 2.319778030222762e-03
4 2.332463428948595e-03
4 2.267370918869732e-03
4 4.017183124942674e-06
4 1.989413012112677e-07
4 2.476945895418124e-04
4 9.956595517360254e-04
4 2.542271316466144e-04
4 1.095109111451970e-03
4 1.497003558601462e-03
4 1.926540748503800e-03
4 1.383816812582694e-03
4 7.891496452059807e-04
4 2.053302993299779e-03
4 2.344049101327080e-03
4 2.718558875981295e-03
4 1.624477372361618e-03
4 2.323554318212006e-03
4 2.158844958495729e-03
4 2.133558940337166e-03
4 2.192085050524603e-03
4 2.570159901277224e-03
4 2.714730478317422e-03
4 2.888183262808533e-03
4 2.381236094896348e-03
4 2.597078327537262e-03
4 2.579810577985419e-03
4 2.652119125063894e-03
4 2.772176153972982e-03
4 2.902004114529743e-03
4 2.497931666556758e-03
4 2.624406488478260e-03
4 2.610931542565181e-03
4 2.476534132378072e-06
4 1.737074614001426e-07
4 1.925929129399081e-04
4 4.499685210386834e-04
4 1.710988659950707e-04
4 9.655795993961355e-04
4 2.116272439861513e-03
4 1.342206986379130e-03
4 1.951722521889636e-03
4 4.162947112971555e-03
4 1.244634496293349e-03
4 1.846136023720210e-03
4 1.967018969996008e-03
4 2.784268157654793e-03
4 1.817468124491263e-03
4 1.857885959295401e-03
4 1.647174120627131e-03
4 2.520399682324261e-03
4 2.503358113059903e-03
4 2.685697015744608e-03
4 2.218724252625029e-03
4 2.493792613189854e-03
4 2.446794155869879e-03
4 2.612782324299808e-03
4 2.601152446381181e-03
1 2.702051464544626e-03
4 2.397079682927631e-03
4 2.531171187290108e-03
1 2.481731463079785e-03
4 1.191578741778027e-05
4 1.129006570907852e-05
4 3.105089643713312e-04
4 8.280490010570089e-04
4 9.122181660327694e-04
4 1.448546102895620e-03
4 3.095712062633166e-03
4 2.858072675751554e-03
4 1.069058297471471e-03
4 2.508731378140878e-03
4 2.576635582758783e-03
4 2.587131096551998e-03
4 2.863390366665542e-03
4 2.400902755962759e-03
4 2.573113675332356e-03
4 2.794210782694586e-03
4 2.330948456575975e-03
4 2.197601720861090e-03
4 2.773573789622271e-03
4 2.843747319659082e-03
4 2.768476313679877e-03
4 2.822647159020426e-03
4 2.724246630391656e-03
4 2.658436983170941e-03
4 3.786703365901483e-05
4 7.449561411078525e-05
4 1.813401380287891e-04
4 1.540996531594352e-03
4 2.096824098984267e-03
4 8.215372964221006e-04
4 2.751481246555186e-03
4 2.313552084726082e-03
4 1.943238783262978e-03
4 2.762906082216061e-03
4 2.667070510521217e-03
4 2.506693399941516e-03
4 3.547812943149071e-03
4 3.385423315990435e-03
4 3.231425224216454e-03
4 3.605169506714428e-03
4 3.554028192917885e-03
4 3.485044172408395e-03
4 3.596102475550692e-03
4 3.463333024824751e-03
4 3.597843358821665e-03
4 3.406626590257473e-03
4 3.395762792976688e-03
4 3.666445293855873e-03
4 3.774101982196109e-03
4 3.644504163262145e-03
4 3.677317121613731e-03
4 3.602223541848362e-03
4 3.602862319169297e-03
5 2.930993300362042e-04
5 2.930993300362035e-04
5 2.344794640289633e-03
5 2.344794640289628e-03
6 2.585735664139829e-03
6 3.968507751925171e-03
6 4.666353638610106e-03
6 4.666353638610106e-03
6 2.585735664139828e-03
6 3.968507751925171e-03
6 4.988705543927973e-03
6 9.027911224980084e-03
6 9.027911224980104e-03
6 4.988705543927973e-03
6 5.595416437039000e-03
6 5.410074079637955e-03
6 5.181534189642872e-03
6 5.410074079635473e-03
6 5.181534189128303e-03
6 5.595416437039000e-03
6 5.694087096775853e-03
3 5.419882491204937e-03
6 5.297128460418445e-03
3 5.419882490504782e-03
6 5.297128460505692e-03
6 5.694087096775854e-03
6 5.700050873672521e-03
3 5.419882491204937e-03
6 5.303420914154412e-03
3 5.419882490504782e-03
6 5.303420914243757e-03
6 5.700050873672521e-03
2 1.642333334051592e-02
2 1.642333334051591e-02
2 1.642333334051592e-02
2 1.642333334051591e-02
5 7.916846280908573e-04
5 3.258915219815255e-03
5 3.258915219815260e-03
5 7.916846281604032e-04
5 2.629923278457286e-03
5 9.757372349370073e-03
5 9.757372349370054e-03
5 2.629923279244536e-03
5 4.709493100240091e-03
6 6.360928986605695e-03
6 1.051322769639328e-02
6 7.039950209594519e-03
6 7.039950209594514e-03
6 1.051322769639327e-02
6 6.360928986605664e-03
5 4.709493103156779e-03
6 6.226214671386965e-03
6 7.869431955166794e-03
6 8.706388414819077e-03
6 8.706388414819077e-03
6 7.869431955166770e-03
6 6.226214671386979e-03
6 6.752599459450312e-03
6 8.154639916499331e-03
6 8.936627708662640e-03
6 8.936627708662640e-03
6 8.154639916499331e-03
6 6.752599459450312e-03
6 6.845626376374023e-03
6 8.202436763967993e-03
6 8.980646591472871e-03
6 8.980646591472869e-03
6 8.202436763967993e-03
6 6.845626376374023e-03
6 6.851447601223741e-03
6 8.205390495595771e-03
6 8.983535512366940e-03
6 8.983535512366940e-03
6 8.205390495595771e-03
6 6.851447601223741e-03
2 6.851447696597113e-03
2 1.718890908195818e-02
2 1.718890908195815e-02
2 6.851447697706866e-03
2 6.851447696597113e-03
2 1.718890908195818e-02
2 1.718890908195815e-02
2 6.851447697706866e-03
5 2.262570521390756e-04
5 1.868454715750737e-04
5 1.810056417112605e-03
5 1.494763772600590e-03
6 1.344057962233985e-03
6 6.005810366696444e-03
6 3.856978839332334e-03
5 5.044827732526988e-03
6 3.036506921559157e-03
6 3.583102003159209e-03
6 4.360336586535865e-03
6 2.670323119091120e-03
6 3.835257882922775e-03
6 4.190923667355079e-03
6 4.165070562487843e-03
6 4.559101337223204e-03
6 5.179732889819808e-03
6 3.905595272671884e-03
6 4.827956441367752e-03
6 5.033863423406536e-03
6 4.627302530159728e-03
6 4.935804225791221e-03
6 5.327170085377580e-03
6 4.420298675185854e-03
6 5.010327540397335e-03
6 5.180575870647446e-03
6 4.787938955177520e-03
6 4.582938352295124e-03
6 5.057511240373660e-03
6 4.908650287716089e-03
6 5.336051820365223e-03
6 4.483837442230817e-03
6 4.489740671247463e-03
6 5.021421213045371e-03
6 5.189652790924482e-03
2 1.500456658351844e-02
2 1.469786452858031e-02
2 1.500456658351844e-02
2 1.469786452858031e-02
4 8.070167348482569e-05
4 4.190583197712534e-04
4 9.033457514379772e-04
4 1.057903452293625e-04
4 7.468260284435511e-04
4 2.813203426288543e-03
4 1.835865988055387e-03
4 2.365631608666098e-03
4 9.993193865348647e-04
4 1.885775254055384e-03
4 2.579401532454280e-03
4 2.579527115818314e-03
4 2.886279709562608e-03
4 3.220199564896062e-03
4 2.294109040491057e-03
4 2.772609144697835e-03
4 2.734305261906729e-03
4 3.083064450216483e-03
4 3.087043502429472e-03
4 3.263720205968943e-03
4 3.447749413159330e-03
4 2.938481900708850e-03
4 2.931235050977182e-03
4 3.178022056155840e-03
4 3.176113030757198e-03
4 3.321911861092975e-03
4 3.486129202447639e-03
4 3.050406746518164e-03
4 1.543300695338769e-06
4 3.551110326733448e-05
4 4.055379015748038e-05
4 5.611068959264138e-06
4 3.551110326733448e-05
4 4.055379015748038e-05
4 1.543300695338769e-06
4 5.611068959264137e-06
4 7.739217307389987e-04
4 1.405988158031745e-03
4 1.405988158035657e-03
4 2.625416386369106e-03
4 7.739217307389990e-04
4 1.949048789268040e-03
4 2.076910914714603e-03
4 2.076910914714585e-03
4 2.070885963097106e-03
4 2.070885884372801e-03
4 1.949047932403032e-03
4 1.678354296984352e-06
4 1.678353600614801e-06
4 1.705017406986597e-04
4 8.383884294137125e-04
4 6.663176158579240e-04
4 6.663176158579223e-04
4 8.383884294137121e-04
4 1.705017407223833e-04
4 1.154304505034327e-03
4 1.625423003981516e-03
4 1.597673314765396e-03
4 1.597673314765394e-03
4 1.625423003981515e-03
4 1.154304505604047e-03
4 2.037656442261414e-03
4 2.149345678445035e-03
4 2.142605825618916e-03
4 2.142605825618915e-03
4 2.149345678445031e-03
4 2.037656442261412e-03
4 1.414236739569998e-06
4 1.414236739570000e-06
4 5.632933742613567e-04
4 5.632933742613573e-04
4 1.065035487541764e-03
4 2.438708000406693e-03
4 2.438708000406694e-03
4 1.065035487541764e-03
4 2.017210491401045e-03
4 2.060633648840417e-03
4 2.072618375022624e-03
4 2.072618375022624e-03
4 2.060633648840417e-03
4 2.017210491401045e-03
4 5.562790341359773e-04
4 1.025940279489725e-03
4 1.811369256218776e-03
4 1.910018816899848e-03
4 1.793500065472458e-03
4 1.956894030740656e-03
4 1.886855294739483e-03
4 1.892251590164202e-03
4 1.188457167439090e-03
4 2.662905286489546e-03
4 2.662905286489546e-03
4 1.188457167439090e-03
4 1.860292444301419e-03
4 1.866114591690106e-03
1 1.883533793474736e-03
4 1.866114591690106e-03
1 1.883533793474736e-03
4 1.860292444301419e-03
4 8.625534889536879e-04
4 1.624775048712598e-03
4 9.433653396974199e-04
4 8.625569659422177e-04
4 1.832389798533402e-03
4 1.834558462912072e-03
1 1.830564236025455e-03
4 1.814874051671146e-03
1 1.810974978192276e-03
4 1.832389798533402e-03
4 1.062745775631581e-03
4 1.475374197634816e-03
4 1.731452874868210e-03
4 1.731452874868210e-03
4 1.475374197634816e-03
4 1.062745775631581e-03
4 1.025939047522479e-03
4 5.562790380178572e-04
4 1.892251590164202e-03
4 1.886855294739481e-03
4 1.956894030740655e-03
4 1.793500065472461e-03
4 1.910018816899850e-03
4 1.811369256218775e-03
