5 1.714656760174179e-02
5 9.502675585502333e-03
5 1.231666520875820e-02
5 1.231666520875820e-02
5 1.714656760174180e-02
5 9.502675585502331e-03
5 2.275127899251693e-02
5 1.438521377364865e-02
5 1.763990890817211e-02
5 1.763990890817211e-02
5 2.275127899251693e-02
5 1.438521377364865e-02
6 2.260044542051954e-02
6 2.477127381522563e-02
5 1.619478622706034e-02
5 1.899238713586321e-02
5 1.899238713586321e-02
6 2.260044542051954e-02
6 2.477127381522562e-02
5 1.619478622706034e-02
2 2.341810487987223e-02
6 1.647778885767378e-02
6 1.911954623570331e-02
6 1.911954623570331e-02
2 2.341810487987224e-02
6 1.647778885767377e-02
2 2.341810487987223e-02
2 1.648112486300957e-02
2 1.912140963729980e-02
2 1.912140963729979e-02
2 2.341810487987224e-02
2 1.648112486300957e-02
2 2.341810487987223e-02
2 1.648112486300957e-02
2 1.912140963729980e-02
2 1.912140963729979e-02
2 2.341810487987224e-02
2 1.648112486300957e-02
5 1.298584776435086e-03
5 3.598879270661302e-03
5 3.598879270661320e-03
5 1.298584774351406e-03
5 4.102232993479711e-03
5 1.080621035731228e-02
5 1.080621035731227e-02
5 4.102232994269033e-03
5 6.772785482742902e-03
6 9.255268280046742e-03
6 8.697699093287723e-03
6 7.275880559051778e-03
6 7.275880559051852e-03
6 8.697699093287726e-03
6 9.255268280046696e-03
5 6.772785505047985e-03
6 7.983432713653644e-03
6 1.008609543995361e-02
6 7.927780136487032e-03
6 7.927780136487069e-03
6 1.008609543995361e-02
6 7.983432713653626e-03
6 8.157993580590862e-03
3 1.009178534217814e-02
6 8.105760042576675e-03
6 8.105760042576675e-03
3 1.009178534217821e-02
6 8.157993580590862e-03
2 8.162373249674382e-03
2 1.820194343345709e-02
2 1.820194343345709e-02
2 8.162373248720442e-03
2 8.162373249674382e-03
2 1.820194343345709e-02
2 1.820194343345709e-02
2 8.162373248720442e-03
5 2.419368402968574e-04
5 2.111906012231962e-04
5 1.935494722374859e-03
5 1.689524809785570e-03
6 1.570776627694599e-03
6 4.636880494329825e-03
6 5.013714409090448e-03
5 5.702146233026296e-03
6 2.953005060988362e-03
6 4.707280470769225e-03
6 4.374139010421105e-03
6 3.127694827102920e-03
6 5.028317298050963e-03
6 3.776003498811441e-03
6 4.261157332231123e-03
6 5.381065180631811e-03
6 5.176411042974610e-03
6 4.371236634548623e-03
6 5.538505302820410e-03
6 4.783608599173877e-03
6 4.621729157168877e-03
6 5.497874716842673e-03
6 5.326896128155067e-03
6 4.696049985951355e-03
3 5.550208907755223e-03
6 4.982074118244880e-03
6 4.644025999676276e-03
6 5.505098306181909e-03
6 5.336135218554482e-03
6 4.714282782694997e-03
3 5.550208907755223e-03
6 4.994593804736320e-03
2 1.548526024150421e-02
2 1.525908598125156e-02
2 1.548526024150421e-02
2 1.525908598125156e-02
5 8.311480829938220e-05
5 8.311480831213002e-05
5 6.649184663950576e-04
5 6.649184664970401e-04
5 2.244099824083324e-03
5 2.244099824427514e-03
6 1.940774366350687e-03
6 3.362440642203965e-03
6 3.362440642203959e-03
6 1.940774366195324e-03
6 3.191127215579158e-03
6 5.767027174527278e-03
6 5.767027174527280e-03
6 3.191127215579152e-03
6 3.882925709096953e-03
6 3.734626862076017e-03
6 3.628419081672031e-03
6 3.628419081672047e-03
6 3.734626862076014e-03
6 3.882925709096949e-03
6 4.087235184803433e-03
6 3.982123113544524e-03
6 3.899977370271945e-03
6 3.899977370271937e-03
6 3.982123113544525e-03
6 4.087235184803448e-03
6 4.103204224059218e-03
6 4.002269981625195e-03
6 3.921134835266332e-03
6 3.921134835266332e-03
6 4.002269981625195e-03
6 4.103204224059218e-03
2 1.202662757406375e-02
2 1.202662757401160e-02
2 1.202662757406375e-02
2 1.202662757401160e-02
5 6.250958352523114e-05
5 6.250958352523114e-05
5 5.000766682018491e-04
5 5.000766682018491e-04
5 1.687758755181241e-03
5 1.687758755181239e-03
6 1.735015680015067e-03
6 2.263680757212441e-03
6 2.263680757212439e-03
6 1.735015680015067e-03
6 2.995299352569136e-03
6 4.237627326887118e-03
6 4.237627326887123e-03
6 2.995299352569136e-03
6 3.757747173135282e-03
6 6.194156870908638e-03
6 6.194156870908649e-03
6 3.757747173135282e-03
6 3.987193751598553e-03
6 3.556358791999579e-03
6 3.693022915917692e-03
6 3.673403047856476e-03
6 3.567929365014222e-03
6 3.675696008846618e-03
6 3.667687545422350e-03
6 3.567929365014222e-03
6 3.675696008846618e-03
6 3.667687545422350e-03
6 3.556358791999579e-03
6 3.693022915917692e-03
6 3.673403047856476e-03
6 3.987193751598553e-03
6 4.004132371194119e-03
3 3.676128778309826e-03
6 3.565278861257487e-03
3 3.676128778309760e-03
6 3.565278861264578e-03
6 4.004132371194119e-03
2 1.124555894072213e-02
2 1.124555894072212e-02
2 1.124555894072213e-02
2 1.124555894072212e-02
5 8.285146330730403e-05
5 8.285146331513918e-05
5 6.628117064584321e-04
5 6.628117065211134e-04
5 2.236989509297206e-03
5 2.236989509508762e-03
6 2.461007106261226e-03
6 2.838441554947909e-03
6 2.838441554947912e-03
6 2.461007015981650e-03
6 3.975790996563588e-03
6 5.275663355737295e-03
6 5.275663355737294e-03
6 3.975790996563601e-03
6 4.407008365573237e-03
6 3.654492827288302e-03
6 3.636169634095923e-03
6 3.636169634095927e-03
6 3.654492827288303e-03
6 4.407008365573237e-03
6 4.432945162937497e-03
6 3.844050026243815e-03
6 3.885904239033531e-03
6 3.866701823954334e-03
6 3.837780687624973e-03
6 3.837780687624973e-03
6 3.866701823954334e-03
6 3.885904239033531e-03
6 3.844050026243815e-03
6 4.432945162937497e-03
2 1.215017376191898e-02
2 1.215017376192283e-02
2 1.215017376191898e-02
2 1.215017376192283e-02
5 2.111906012231962e-04
5 2.419368402968575e-04
5 1.689524809785570e-03
5 1.935494722374860e-03
5 5.702146233026291e-03
6 4.636880494329822e-03
6 5.013714409090459e-03
6 1.570776627694599e-03
6 3.776003498811441e-03
6 5.028317298050963e-03
6 3.127694827102920e-03
6 4.374139010421105e-03
6 4.707280470769225e-03
6 2.953005060988362e-03
6 4.783608599173877e-03
6 5.538505302820410e-03
6 4.371236634548623e-03
6 5.176411042974610e-03
6 5.381065180631811e-03
6 4.261157332231123e-03
6 4.982074118244880e-03
3 5.550208907755223e-03
6 4.696049985951355e-03
6 5.326896128155067e-03
6 5.497874716842673e-03
6 4.621729157168877e-03
6 4.994593804736320e-03
3 5.550208907755223e-03
6 4.714282782694997e-03
6 5.336135218554482e-03
6 5.505098306181909e-03
6 4.644025999676276e-03
2 1.525908598125156e-02
2 1.548526024150420e-02
2 1.525908598125156e-02
2 1.548526024150420e-02
5 2.096610426420412e-03
5 3.466425450836952e-03
5 3.466425450836961e-03
5 2.096610687909151e-03
5 6.190947198313975e-03
5 1.064996781837841e-02
5 1.064996781837840e-02
5 6.190946873728411e-03
6 8.841475218723723e-03
6 9.404810494148211e-03
5 1.672702612517002e-02
5 1.672702612517006e-02
6 9.404810494148182e-03
6 8.841475218723733e-03
6 9.658345635281477e-03
6 9.339264416327339e-03
6 8.902845428353940e-03
6 8.902845428353940e-03
6 9.339264416327339e-03
6 9.658345635281477e-03
6 9.685232822649405e-03
3 9.344952267169030e-03
6 8.932410617737450e-03
6 8.932410617737450e-03
3 9.344952267169049e-03
6 9.685232822649405e-03
2 9.685232813642397e-03
2 1.827736288010281e-02
2 1.827736288010280e-02
2 9.685232933889671e-03
2 9.685232813642397e-03
2 1.827736288010281e-02
2 1.827736288010280e-02
2 9.685232933889671e-03
4 6.461906127084502e-05
4 4.307432110530162e-04
4 3.781715193913771e-04
4 9.677329144920352e-05
4 8.096369333017129e-05
4 2.864808694741435e-04
4 2.879493736105316e-04
4 2.485700213375062e-05
4 1.390354673714012e-03
4 2.361835130658007e-03
4 1.755959088391812e-03
4 1.731662424059495e-03
4 8.681456345740560e-04
4 2.104804325563864e-03
4 2.105949597847833e-03
4 2.054634112452945e-03
4 2.179556738818741e-03
4 2.170981923524960e-03
4 2.035212520536304e-03
4 1.023789895498473e-05
4 1.233618394709239e-05
4 1.666246684696787e-06
4 6.778637894386592e-04
4 1.620343040458301e-03
4 8.557049338569991e-04
4 1.869390376669247e-03
4 1.872438778848007e-03
4 1.923492857227409e-03
4 1.649884940766403e-03
4 1.924837565969851e-03
4 1.706738057746537e-03
4 2.654660877321824e-05
4 1.567452246819096e-05
4 1.672409648623261e-04
4 2.224757827895540e-04
4 2.654660877321821e-05
4 1.672409648623257e-04
4 2.224757827895538e-04
4 1.567452246819096e-05
4 8.042086009345079e-04
4 1.996157558443240e-03
4 1.996157558443244e-03
4 8.042086009345077e-04
4 1.908465201417329e-03
4 1.939058079107195e-03
4 1.950629738179573e-03
4 1.950629738179573e-03
4 1.939058079107195e-03
4 1.908465201417329e-03
4 3.675818942664692e-06
4 5.873436183136357e-06
4 3.979455943476290e-04
4 5.613276924017966e-04
4 7.147199980517558e-04
4 1.883262364449726e-03
4 2.123606968207019e-03
4 2.021642754680409e-03
4 1.157268250280634e-03
4 1.774588025658582e-03
4 2.014055196208852e-03
4 1.113280208239113e-03
4 1.855313306042860e-03
4 1.968161317566784e-03
4 1.893458316139159e-03
4 2.090979866157070e-03
4 2.067220160725431e-03
4 2.116264028377038e-03
4 2.212928516961980e-03
4 2.238077853170860e-03
4 2.267370072349832e-03
4 2.332462929974793e-03
4 2.319777820430562e-03
4 2.339971754326218e-03
4 2.378768143478093e-03
4 2.388843170416045e-03
4 1.129015961826803e-05
4 1.191827146417814e-05
4 9.122182069181728e-04
4 8.280489458217361e-04
4 3.105089707889201e-04
4 1.069058309880435e-03
4 2.858072680441887e-03
4 3.095712029821703e-03
4 1.448546104905327e-03
4 2.197601722838596e-03
4 2.330948710492550e-03
4 2.573111853627886e-03
4 2.794207354614451e-03
4 2.400902886229291e-03
4 2.587129439474436e-03
4 2.863387398191813e-03
4 2.508730494819458e-03
4 2.576634516780551e-03
4 2.658436896274678e-03
4 2.724246630914944e-03
4 2.822647156579176e-03
4 2.768476305440783e-03
4 2.843747317221444e-03
4 2.773573773824127e-03
4 1.057903402211026e-04
4 9.033534102105227e-04
4 4.190582717543565e-04
4 8.070167281129814e-05
4 9.993193990844389e-04
4 2.365631426046465e-03
4 1.835865871073551e-03
4 2.813204048017146e-03
4 7.468260288726408e-04
4 2.294109813015171e-03
4 3.220199370468137e-03
4 2.886279704939688e-03
4 2.579527112860810e-03
4 2.579401529027722e-03
4 1.885775255189012e-03
4 2.938481880870513e-03
4 3.447749407871855e-03
4 3.263720192950324e-03
4 3.087043492690818e-03
4 3.083064445201656e-03
4 2.734303283596507e-03
4 2.772606708281091e-03
4 3.050406727912284e-03
4 3.486129198974479e-03
4 3.321911847032987e-03
4 3.176113031028871e-03
4 3.178022069467832e-03
4 2.931235015448232e-03
4 3.585375784908723e-04
4 1.619691996601911e-04
4 1.054653651079700e-03
4 1.756219100265328e-03
4 1.578399035102140e-03
4 2.364877230157645e-03
4 4.401306784830810e-03
4 3.700456506946670e-03
4 1.526779067155527e-03
4 2.976453017815467e-03
4 3.131560328055278e-03
4 3.138613884623698e-03
4 2.861220480619462e-03
4 2.897596910172019e-03
4 3.140542080928341e-03
4 3.117923648135189e-03
4 3.028959443994081e-03
4 3.073231706717140e-03
4 2.699983794677441e-03
4 2.722948090126952e-03
4 3.082057423329197e-03
4 3.036217936540491e-03
4 2.579873142598628e-03
4 2.609198666073572e-03
4 3.074314489904306e-03
1 3.118309363025831e-03
4 2.936566628767072e-03
1 3.023907401507550e-03
4 2.799586136267142e-03
4 2.813267485113112e-03
4 3.794190092249135e-04
4 3.794190092237458e-04
4 1.924014567535325e-03
4 1.882169203570786e-03
4 1.392281180429468e-03
4 2.635089765623551e-03
4 1.982519063402147e-03
4 2.153634633799856e-03
4 1.487823334899146e-03
4 1.487823334899148e-03
4 2.153634633799849e-03
4 1.982519063402153e-03
4 2.635089765623538e-03
4 1.392281181196296e-03
4 1.882169203570783e-03
4 1.924014567535322e-03
4 2.473992859481195e-03
4 2.329392169917078e-03
4 2.363155924308508e-03
4 2.363155924308512e-03
4 2.329392169917081e-03
4 2.473992859481195e-03
4 3.745894643765297e-04
4 3.745894643765299e-04
4 1.477296417342176e-03
4 2.494187396049424e-03
4 2.494187396049424e-03
4 1.477296417342175e-03
4 1.908737179923541e-03
4 1.886230956880713e-03
1 1.895368256049229e-03
4 1.886230956880714e-03
1 1.895368256049229e-03
4 1.908737179923541e-03
4 6.378193193928150e-04
4 6.378193086102870e-04
4 1.547486358130749e-03
4 1.809923607395061e-03
4 1.699381659813517e-03
4 1.699381659813518e-03
4 1.809923607395060e-03
4 1.547486374360508e-03
4 1.920871482920608e-03
4 1.963840770907204e-03
4 1.947035423395132e-03
4 1.947035423395132e-03
4 1.963840770907204e-03
4 1.920871482920608e-03
4 8.096369333017140e-05
4 2.485700213375063e-05
4 2.864808694741434e-04
4 2.879493736105304e-04
4 4.307432110530158e-04
4 3.781715193913761e-04
4 6.461906127084503e-05
4 9.677329144920359e-05
4 8.681456345740560e-04
4 1.731662424059495e-03
4 1.755959088391812e-03
4 2.361835130658001e-03
4 1.390354673714012e-03
4 2.035212520536303e-03
4 2.170981923524960e-03
4 2.179556738818741e-03
4 2.054634112452945e-03
4 2.105949597847833e-03
4 2.104804325563864e-03
4 7.807726573418480e-05
4 2.087144766706579e-05
4 4.750505439137523e-04
4 1.027928872203876e-03
4 9.126778529161382e-04
4 1.625136883321292e-03
4 3.192635763375687e-03
4 2.493408350791640e-03
4 1.292121314596863e-03
4 2.001741317963093e-03
4 1.939905332628676e-03
4 1.992024067654589e-03
4 1.999259963060618e-03
4 1.416086618219098e-03
4 2.386520331828255e-03
4 2.360864553091359e-03
4 2.356487021621755e-03
4 2.196863198064164e-03
4 2.513576805069177e-03
4 2.197808976001669e-03
4 2.480739088437708e-03
4 2.471799910925075e-03
4 2.487997496457707e-03
4 2.365622092878639e-03
1 2.522409957039517e-03
4 2.386702843835706e-03
4 1.989414941086543e-07
4 4.014415338825230e-06
4 2.542271621965456e-04
4 9.956596195345138e-04
4 2.476945999942812e-04
4 7.891489062266971e-04
4 1.383815446060794e-03
4 1.926541453254816e-03
4 1.497004005500414e-03
4 1.095109112209862e-03
4 2.133558889247903e-03
4 2.192082389031101e-03
4 2.323547458979739e-03
4 2.158840466653151e-03
4 1.624484326299341e-03
4 2.718558825786964e-03
4 2.344049099843811e-03
4 2.053303003451888e-03
4 2.579810554489653e-03
4 2.597078309133053e-03
4 2.381236062252552e-03
4 2.888183258217755e-03
4 2.714730475426557e-03
4 2.570159843570539e-03
4 2.610931543130539e-03
4 2.624406488637217e-03
4 2.497931537417659e-03
4 2.902004115940512e-03
4 2.772175984216537e-03
4 2.652118869823767e-03
4 1.737074571372703e-07
4 2.476489213648585e-06
4 1.710988657587771e-04
4 4.499685162647185e-04
4 1.925929295037673e-04
4 1.342206981782029e-03
4 2.116272447039859e-03
4 9.655796041665288e-04
4 1.647217413658649e-03
4 1.857869525960274e-03
4 1.817451809011198e-03
4 2.784332152823887e-03
4 1.966970694568437e-03
4 1.846087079404328e-03
4 1.244725719477357e-03
4 4.162947095738946e-03
4 1.951722498176037e-03
4 2.493792541455892e-03
4 2.446793576824586e-03
4 2.218723827494128e-03
4 2.685696841930157e-03
4 2.503358073723743e-03
4 2.520399642767483e-03
4 2.531171187161623e-03
1 2.481731462904721e-03
4 2.397079515684424e-03
1 2.702051464401221e-03
4 2.601152228255590e-03
4 2.612782103636749e-03
4 3.171825841569617e-06
4 5.010697663332437e-06
4 2.834457520688751e-04
4 4.060839264983556e-04
4 1.762598044545603e-03
4 1.338844113435246e-03
4 1.204874020847632e-03
4 1.052668193218855e-03
4 1.794236719162098e-03
4 3.243831350457727e-03
4 3.491637984064390e-03
4 2.182609306397624e-03
4 2.242721641815087e-03
4 2.195231393402763e-03
4 2.236702798006831e-03
4 2.238314888846234e-03
4 2.254072270948762e-03
4 2.360527759505627e-03
4 1.666246684705758e-06
4 1.233598827781950e-05
4 1.023802522841039e-05
4 8.557049338428371e-04
4 1.620343040458304e-03
4 6.778637894712339e-04
4 1.706738057746538e-03
4 1.924837565969855e-03
4 1.649884940766404e-03
4 1.923492857227406e-03
4 1.872438778848011e-03
4 1.869390376669250e-03
4 5.010697663332428e-06
4 3.171825841569608e-06
4 4.060839264983557e-04
4 2.834457520688748e-04
4 1.204874020847632e-03
4 1.052668193218855e-03
4 1.338844113435246e-03
4 1.762598044545605e-03
4 2.182609306397625e-03
4 3.491637984064391e-03
4 3.243831350457729e-03
4 1.794236719162097e-03
4 2.360527759505627e-03
4 2.254072270948762e-03
4 2.238314888846233e-03
4 2.236702798006831e-03
4 2.195231393402765e-03
4 2.242721641815087e-03
4 2.087144767044903e-05
4 7.807726572198805e-05
4 9.126778531223356e-04
4 1.027928872203879e-03
4 4.750505439166956e-04
4 1.416086632389758e-03
4 1.999259963060621e-03
4 1.992024067654597e-03
4 1.939905332628677e-03
4 2.001741317963094e-03
4 1.292121314596862e-03
4 2.493408350791645e-03
4 3.192635763375686e-03
4 1.625136884700920e-03
4 2.197808976001662e-03
4 2.513576805069177e-03
4 2.196863198064170e-03
4 2.356487021621763e-03
4 2.360864553091365e-03
4 2.386520331828258e-03
4 2.386702843835706e-03
1 2.522409957039509e-03
4 2.365622092878639e-03
4 2.487997496457707e-03
4 2.471799910925075e-03
4 2.480739088437708e-03
4 1.619691996601913e-04
4 3.585375784908727e-04
4 1.578399035102139e-03
4 1.756219100265331e-03
4 1.054653651079700e-03
4 1.526779067155527e-03
4 3.700456506946670e-03
4 4.401306784830816e-03
4 2.364877230157645e-03
4 2.579873142598628e-03
4 2.609198666073572e-03
4 2.722948090126952e-03
4 3.082057423329197e-03
4 3.036217936540491e-03
4 3.028959443994081e-03
4 3.073231706717141e-03
4 2.699983794677440e-03
4 2.897596910172018e-03
4 3.140542080928341e-03
4 3.117923648135189e-03
4 3.131560328055278e-03
4 3.138613884623698e-03
4 2.861220480619463e-03
4 2.976453017815467e-03
4 2.813267485113112e-03
4 2.799586136267143e-03
1 3.023907401507550e-03
4 2.936566628767072e-03
1 3.118309363025831e-03
4 3.074314489904306e-03
5 1.160246894788374e-04
5 1.160246895019920e-04
5 9.281975158306989e-04
5 9.281975160159360e-04
5 3.132666615928610e-03
5 3.132666616553782e-03
6 2.615464381477511e-03
6 4.378244362928734e-03
6 4.378244362928742e-03
6 2.615464381447811e-03
6 3.852950310215596e-03
6 6.955338599896563e-03
6 6.955338599896548e-03
6 3.852950310215594e-03
6 4.398211793533197e-03
6 4.206420285138209e-03
6 4.122106428199362e-03
6 4.122106428199353e-03
6 4.206420285138210e-03
6 4.398211793533201e-03
6 4.478608563736333e-03
6 4.459827464945543e-03
6 4.349054071071601e-03
6 4.248097352900242e-03
6 4.211643363350343e-03
6 4.236102015295521e-03
6 4.236102015295521e-03
6 4.211643363350343e-03
6 4.248097352900240e-03
6 4.349054071071601e-03
6 4.459827464945543e-03
6 4.478608563736332e-03
2 1.299167061254348e-02
2 1.299167061257117e-02
2 1.299167061254348e-02
2 1.299167061257117e-02
5 1.868454631216394e-04
5 2.262564788251649e-04
5 1.494763704973115e-03
5 1.810051830601319e-03
5 5.044827504284251e-03
6 6.005833670694811e-03
6 3.856978701509291e-03
6 1.344057765995476e-03
6 4.190923923436432e-03
6 3.835257932377522e-03
6 2.670323131732626e-03
6 4.360335618334560e-03
6 3.583102980310198e-03
6 3.036506921208723e-03
6 5.033863386460425e-03
6 4.827956146418469e-03
6 3.905595272569163e-03
6 5.179732521804176e-03
6 4.559101204875127e-03
6 4.165071053445119e-03
6 5.180575879316349e-03
6 5.010327542520177e-03
6 4.420298678338739e-03
6 5.327169850985587e-03
6 4.935802906138834e-03
6 4.627302344470697e-03
6 5.189652838027992e-03
6 5.021421240324597e-03
6 4.483837468325371e-03
6 4.489740685227337e-03
6 5.336051727789831e-03
6 5.057503707173014e-03
6 4.908650377940563e-03
6 4.787931423560529e-03
6 4.582938346072098e-03
2 1.469786452601812e-02
2 1.500456611286006e-02
2 1.469786452601812e-02
2 1.500456611286006e-02
4 1.813667950878787e-04
4 7.449538975521058e-05
4 3.786703264302156e-05
4 8.215377360994287e-04
4 2.096826051286213e-03
4 1.540994614564940e-03
4 2.506693382503284e-03
4 2.667070620247810e-03
4 2.762906306971921e-03
4 1.943240822521350e-03
4 2.313554919110053e-03
4 2.751479838015564e-03
4 3.485044135110455e-03
4 3.554028161508639e-03
4 3.605169011418969e-03
4 3.231425184300608e-03
4 3.385422913413396e-03
4 3.547811918698956e-03
4 3.602862312316693e-03
4 3.602223626088568e-03
4 3.677317110530287e-03
4 3.644504239330911e-03
4 3.774099692962711e-03
4 3.666445288056033e-03
4 3.395762801022930e-03
4 3.406626661121083e-03
4 3.597840001195500e-03
4 3.463333057270462e-03
4 3.596102480408861e-03
4 6.299614536044851e-05
4 1.658210989772656e-04
4 6.724193575792899e-04
4 6.299614536044844e-05
4 1.142997250996605e-03
4 2.695454081675895e-03
4 1.875350750352703e-03
4 1.875350748742789e-03
4 1.142997250996605e-03
4 2.455076575571914e-03
4 2.443268605893105e-03
4 2.881197499552260e-03
4 2.842374054012605e-03
4 2.518581114217816e-03
4 2.881197499632522e-03
4 2.842374054711985e-03
4 2.518581115338424e-03
4 2.731762129595470e-03
4 2.731762129595965e-03
4 2.455076576206001e-03
4 2.443268606499761e-03
4 2.692984525114930e-03
4 2.748766306888443e-03
4 2.748766306886717e-03
4 2.865753917896815e-03
4 2.865753917881719e-03
4 2.692984525085421e-03
4 5.873436173159066e-06
4 3.675818942698192e-06
4 5.613276926897723e-04
4 3.979455940954094e-04
4 1.968161317566780e-03
4 1.855313306042859e-03
4 1.113280220170429e-03
4 2.014055196208854e-03
4 1.774588025658586e-03
4 1.157268250280635e-03
4 2.021642754680408e-03
4 2.123606968207018e-03
4 1.883262364449728e-03
4 7.147199980567018e-04
4 2.238077853170861e-03
4 2.212928516961980e-03
4 2.116264028377035e-03
4 2.067220160725431e-03
4 2.090979866157078e-03
4 1.893458316332642e-03
4 2.388843170416045e-03
4 2.378768143478092e-03
4 2.339971754326218e-03
4 2.319777820430562e-03
4 2.332462929974793e-03
4 2.267370072349832e-03
4 4.014415338825234e-06
4 1.989414941086539e-07
4 2.476945999942812e-04
4 9.956596195345160e-04
4 2.542271621965457e-04
4 1.095109112209863e-03
4 1.497004005500414e-03
4 1.926541453254816e-03
4 1.383815446060793e-03
4 7.891489062266971e-04
4 2.053303003451888e-03
4 2.344049099843811e-03
4 2.718558825786964e-03
4 1.624484326299342e-03
4 2.323547458979740e-03
4 2.158840466653151e-03
4 2.133558889247904e-03
4 2.192082389031101e-03
4 2.570159843570539e-03
4 2.714730475426557e-03
4 2.888183258217755e-03
4 2.381236062252553e-03
4 2.597078309133053e-03
4 2.579810554489653e-03
4 2.652118869823766e-03
4 2.772175984216537e-03
4 2.902004115940513e-03
4 2.497931537417660e-03
4 2.624406488637217e-03
4 2.610931543130539e-03
4 2.476450891557027e-06
4 1.737074573075878e-07
4 1.925929294979486e-04
4 4.499685162647196e-04
4 1.710988657656327e-04
4 9.655796041706688e-04
4 2.116272447039858e-03
4 1.342206981698112e-03
4 1.951722497593243e-03
4 4.162947095738946e-03
4 1.244725719477360e-03
4 1.846087079404333e-03
4 1.966970694568441e-03
4 2.784332152823889e-03
4 1.817451809011200e-03
4 1.857869525960273e-03
4 1.647217331454850e-03
4 2.520399642767482e-03
4 2.503358073723740e-03
4 2.685696841930166e-03
4 2.218723828077236e-03
4 2.493792541016301e-03
4 2.446793579347509e-03
4 2.612782103636749e-03
4 2.601152228255590e-03
1 2.702051464401225e-03
4 2.397079522328143e-03
4 2.531171187162655e-03
1 2.481731462916706e-03
4 1.191827146417816e-05
4 1.129015961826804e-05
4 3.105089707889202e-04
4 8.280489458217348e-04
4 9.122182069181727e-04
4 1.448546104905327e-03
4 3.095712029821704e-03
4 2.858072680441891e-03
4 1.069058309880435e-03
4 2.508730494819458e-03
4 2.576634516780551e-03
4 2.587129439474436e-03
4 2.863387398191813e-03
4 2.400902886229291e-03
4 2.573111853627886e-03
4 2.794207354614451e-03
4 2.330948710492550e-03
4 2.197601722838596e-03
4 2.773573773824127e-03
4 2.843747317221444e-03
4 2.768476305440783e-03
4 2.822647156579176e-03
4 2.724246630914944e-03
4 2.658436896274678e-03
4 3.786703269698230e-05
4 7.449539178059750e-05
4 1.813637716468248e-04
4 1.540994593698590e-03
4 2.096826051286217e-03
4 8.215377356109817e-04
4 2.751479838015563e-03
4 2.313554919110051e-03
4 1.943240822521350e-03
4 2.762906306971923e-03
4 2.667070620247805e-03
4 2.506693381656072e-03
4 3.547811918698956e-03
4 3.385422913413401e-03
4 3.231425184300603e-03
4 3.605169011418965e-03
4 3.554028161508640e-03
4 3.485044135110459e-03
4 3.596102480408861e-03
4 3.463333057270463e-03
4 3.597840001195500e-03
4 3.406626661121083e-03
4 3.395762801022930e-03
4 3.666445288056033e-03
4 3.774099692962712e-03
4 3.644504239330910e-03
4 3.677317110530287e-03
4 3.602223626088568e-03
4 3.602862312316693e-03
5 2.930976244958529e-04
5 2.930976244958525e-04
5 2.344780995966823e-03
5 2.344780995966820e-03
6 2.585735560515348e-03
6 3.968492574734700e-03
6 4.666353541065695e-03
6 4.666353541065691e-03
6 2.585735560515348e-03
6 3.968492574734702e-03
6 4.988704738617631e-03
6 9.027913762771633e-03
6 9.027913762771627e-03
6 4.988704738617630e-03
6 5.595416676955623e-03
6 5.410074089936948e-03
6 5.181534301102217e-03
6 5.410074090057893e-03
6 5.181534304308073e-03
6 5.595416676955622e-03
6 5.694085603393698e-03
3 5.419882491719122e-03
6 5.297129564875836e-03
3 5.419882491899032e-03
6 5.297129564981730e-03
6 5.694085603393698e-03
6 5.700036866541714e-03
3 5.419882491719122e-03
6 5.303409045798163e-03
3 5.419882491899032e-03
6 5.303409045903689e-03
6 5.700036866541714e-03
2 1.642333198739012e-02
2 1.642333198739016e-02
2 1.642333198739012e-02
2 1.642333198739016e-02
5 7.916846283196067e-04
5 3.258893775198729e-03
5 3.258893775198735e-03
5 7.916846283638242e-04
5 2.629923281332867e-03
5 9.757383367505854e-03
5 9.757383367505836e-03
5 2.629923281368568e-03
5 4.709493111121455e-03
6 6.360928382314251e-03
6 1.051321472613225e-02
6 7.039949623615460e-03
6 7.039949623615493e-03
6 1.051321472613225e-02
6 6.360928382314236e-03
5 4.709493110884114e-03
6 6.226214518710225e-03
6 7.869431708431606e-03
6 8.706384112830689e-03
6 8.706384112830689e-03
6 7.869431708431601e-03
6 6.226214518710212e-03
6 6.752599457015316e-03
6 8.154643294468312e-03
6 8.936627728338651e-03
6 8.936627728338651e-03
6 8.154643294468312e-03
6 6.752599457015316e-03
6 6.845626375998441e-03
6 8.202455168976785e-03
6 8.980649881201329e-03
6 8.980649881201329e-03
6 8.202455168976785e-03
6 6.845626375998441e-03
6 6.851447601081083e-03
6 8.205384998838021e-03
6 8.983494639605159e-03
6 8.983494639605159e-03
6 8.205384998838021e-03
6 6.851447601081083e-03
2 6.851447697837056e-03
2 1.718889848238916e-02
2 1.718889848238914e-02
2 6.851447697849472e-03
2 6.851447697837056e-03
2 1.718889848238916e-02
2 1.718889848238914e-02
2 6.851447697849472e-03
5 2.262564788251648e-04
5 1.868454631216392e-04
5 1.810051830601319e-03
5 1.494763704973114e-03
6 1.344057765995476e-03
6 6.005833670694788e-03
6 3.856978701509296e-03
5 5.044827504284261e-03
6 3.036506921208723e-03
6 3.583102980310199e-03
6 4.360335618334560e-03
6 2.670323131732627e-03
6 3.835257932377523e-03
6 4.190923923436432e-03
6 4.165071053445119e-03
6 4.559101204875127e-03
6 5.179732521804177e-03
6 3.905595272569164e-03
6 4.827956146418469e-03
6 5.033863386460425e-03
6 4.627302344470698e-03
6 4.935802906138834e-03
6 5.327169850985587e-03
6 4.420298678338739e-03
6 5.010327542520178e-03
6 5.180575879316349e-03
6 4.787931423560529e-03
6 4.582938346072097e-03
6 5.057503707173014e-03
6 4.908650377940563e-03
6 5.336051727789829e-03
6 4.483837468325372e-03
6 4.489740685227337e-03
6 5.021421240324597e-03
6 5.189652838027992e-03
2 1.500456611286008e-02
2 1.469786452601814e-02
2 1.500456611286008e-02
2 1.469786452601814e-02
4 8.070167281147281e-05
4 4.190582717543566e-04
4 9.033534102105235e-04
4 1.057903402235670e-04
4 7.468260288675320e-04
4 2.813204048017135e-03
4 1.835865871073550e-03
4 2.365631426046472e-03
4 9.993193993079459e-04
4 1.885775255242270e-03
4 2.579401529027729e-03
4 2.579527112860808e-03
4 2.886279704939684e-03
4 3.220199370468137e-03
4 2.294109813015176e-03
4 2.772606708281100e-03
4 2.734303283596525e-03
4 3.083064445201653e-03
4 3.087043492690812e-03
4 3.263720192950322e-03
4 3.447749407871855e-03
4 2.938481880870517e-03
4 2.931235015448232e-03
4 3.178022069467832e-03
4 3.176113031028871e-03
4 3.321911847032987e-03
4 3.486129198974479e-03
4 3.050406727912285e-03
4 1.543300683397240e-06
4 3.543483908727266e-05
4 4.041570662431104e-05
4 5.601602003529064e-06
4 3.543483908727260e-05
4 4.041570662431105e-05
4 1.543300683397240e-06
4 5.601602003529063e-06
4 7.739217317422804e-04
4 1.405988156315363e-03
4 1.405988156315404e-03
4 2.625390155096645e-03
4 7.739217317422805e-04
4 1.949044997074053e-03
4 2.076910913038389e-03
4 2.076910913038385e-03
4 2.070885304205722e-03
4 2.070885313557843e-03
4 1.949044949713632e-03
4 1.678351682624597e-06
4 1.678351729291063e-06
4 1.705016145088655e-04
4 8.383865481154769e-04
4 6.663099912337084e-04
4 6.663099912337072e-04
4 8.383865481154757e-04
4 1.705016145083368e-04
4 1.154304500551528e-03
4 1.625423002959102e-03
4 1.597673313791311e-03
4 1.597673313791307e-03
4 1.625423002959100e-03
4 1.154304500546312e-03
4 2.037650441910930e-03
4 2.149345675710970e-03
4 2.142605826024444e-03
4 2.142605826024453e-03
4 2.149345675710968e-03
4 2.037650441910926e-03
4 1.414235843874899e-06
4 1.414235843874902e-06
4 5.632931919603717e-04
4 5.632931919603703e-04
4 1.065035487703059e-03
4 2.438707997433654e-03
4 2.438707997433657e-03
4 1.065035487703059e-03
4 2.017204431566548e-03
4 2.060633545698477e-03
4 2.072618285346660e-03
4 2.072618285346660e-03
4 2.060633545698477e-03
4 2.017204431566548e-03
4 5.562790297526500e-04
4 1.025937374610491e-03
4 1.811363845708118e-03
4 1.910010201903877e-03
4 1.793496032373243e-03
4 1.956891055249691e-03
4 1.886853337526056e-03
4 1.892249279795787e-03
4 1.188458276068928e-03
4 2.662894481032459e-03
4 2.662894481032459e-03
4 1.188458276068928e-03
4 1.860292444315508e-03
4 1.866114591722310e-03
1 1.883533793468437e-03
4 1.866114591722309e-03
1 1.883533793468437e-03
4 1.860292444315508e-03
4 8.625658775364818e-04
4 1.624775015356935e-03
4 9.433653378334774e-04
4 8.625657077789541e-04
4 1.832389798687846e-03
4 1.834558463159695e-03
1 1.830564236025351e-03
4 1.814874051791843e-03
1 1.810974978192155e-03
4 1.832389798687846e-03
4 1.062745771854063e-03
4 1.475374034434502e-03
4 1.731429356056827e-03
4 1.731429356056827e-03
4 1.475374034434502e-03
4 1.062745771854063e-03
4 1.025937455228200e-03
4 5.562790296213323e-04
4 1.892249279795793e-03
4 1.886853337526059e-03
4 1.956891055249694e-03
4 1.793496032373244e-03
4 1.910010201903872e-03
4 1.811363845708116e-03
