5 1.714658141868106e-02
5 9.502675585882612e-03
5 1.231666511440669e-02
5 1.231666511440669e-02
5 1.714658141868107e-02
5 9.502675585882614e-03
5 2.275129359998658e-02
5 1.438521377385328e-02
5 1.763990887856769e-02
5 1.763990887856769e-02
5 2.275129359998659e-02
5 1.438521377385328e-02
6 2.260044542052465e-02
6 2.477127381523435e-02
5 1.619478622722965e-02
5 1.899238692611122e-02
5 1.899238692611122e-02
6 2.260044542052465e-02
6 2.477127381523435e-02
5 1.619478622722965e-02
2 2.341811737889932e-02
6 1.647778885767376e-02
6 1.911954623515019e-02
6 1.911954623515020e-02
2 2.341811737889932e-02
6 1.647778885767376e-02
2 2.341811737889932e-02
2 1.648112486328157e-02
2 1.912140956545104e-02
2 1.912140956545105e-02
2 2.341811737889932e-02
2 1.648112486328157e-02
2 2.341811737889932e-02
2 1.648112486328157e-02
2 1.912140956545104e-02
2 1.912140956545105e-02
2 2.341811737889932e-02
2 1.648112486328157e-02
5 1.298584772834731e-03
5 3.598879758539847e-03
5 3.598879758539853e-03
5 1.298584773191250e-03
5 4.102232995110125e-03
5 1.080620694085824e-02
5 1.080620694085822e-02
5 4.102232995014787e-03
5 6.772785522482983e-03
6 9.255268279639040e-03
6 8.697699235203889e-03
6 7.275880558769612e-03
6 7.275880558769614e-03
6 8.697699235203922e-03
6 9.255268279639106e-03
5 6.772785518845296e-03
6 7.983432607699745e-03
6 1.008609606150881e-02
6 7.927780030809881e-03
6 7.927780030809919e-03
6 1.008609606150881e-02
6 7.983432607699702e-03
6 8.157993577764439e-03
3 1.009178583094581e-02
6 8.105760041641333e-03
6 8.105760041641333e-03
3 1.009178583094584e-02
6 8.157993577764439e-03
2 8.162373248232515e-03
2 1.820194355917398e-02
2 1.820194355917406e-02
2 8.162373248400388e-03
2 8.162373248232515e-03
2 1.820194355917398e-02
2 1.820194355917406e-02
2 8.162373248400388e-03
5 2.419368442429796e-04
5 2.111906011899605e-04
5 1.935494753943837e-03
5 1.689524809519684e-03
6 1.570776629123149e-03
6 4.636880211400308e-03
6 5.013714374890283e-03
5 5.702146232128950e-03
6 2.953005134874365e-03
6 4.707280289140186e-03
6 4.374138870594244e-03
6 3.127694827253382e-03
6 5.028317736600040e-03
6 3.776003504200415e-03
6 4.261157326020612e-03
6 5.381065207462894e-03
6 5.176411062450232e-03
6 4.371236634547691e-03
6 5.538505302620012e-03
6 4.783608597117792e-03
6 4.621729088497445e-03
6 5.497874751627050e-03
6 5.326896150497164e-03
6 4.696049935910196e-03
3 5.550208907673103e-03
6 4.982074118205167e-03
6 4.644025999594795e-03
6 5.505098346850801e-03
6 5.336135243512130e-03
6 4.714282783068826e-03
3 5.550208907673103e-03
6 4.994593805118931e-03
2 1.548526021650376e-02
2 1.525908598139247e-02
2 1.548526021650376e-02
2 1.525908598139247e-02
5 8.311480823475681e-05
5 8.311480823461768e-05
5 6.649184658780545e-04
5 6.649184658769414e-04
5 2.244099822338429e-03
5 2.244099822334678e-03
6 1.940774383999311e-03
6 3.362440665775414e-03
6 3.362440665775404e-03
6 1.940774383996140e-03
6 3.191127216157063e-03
6 5.767027174186242e-03
6 5.767027174186228e-03
6 3.191127216157063e-03
6 3.882925709357903e-03
6 3.734626862535203e-03
6 3.628419081712278e-03
6 3.628419081712293e-03
6 3.734626862535216e-03
6 3.882925709357895e-03
6 4.087235194882521e-03
6 3.982123120921709e-03
6 3.899977370079278e-03
6 3.899977370079264e-03
6 3.982123120921682e-03
6 4.087235194882509e-03
6 4.103204223242120e-03
6 4.002269981898338e-03
6 3.921134833279425e-03
6 3.921134833279425e-03
6 4.002269981898338e-03
6 4.103204223242120e-03
2 1.202662757380721e-02
2 1.202662757380783e-02
2 1.202662757380721e-02
2 1.202662757380783e-02
5 6.250958349847532e-05
5 6.250958349847529e-05
5 5.000766679878026e-04
5 5.000766679878023e-04
5 1.687758754458831e-03
5 1.687758754458828e-03
6 1.735015698689209e-03
6 2.263680784376145e-03
6 2.263680784376139e-03
6 1.735015698689209e-03
6 2.995299353439415e-03
6 4.237627326884042e-03
6 4.237627326884038e-03
6 2.995299353439415e-03
6 3.757747173134864e-03
6 6.194156870909501e-03
6 6.194156870909468e-03
6 3.757747173134864e-03
6 3.987193751387886e-03
6 3.556356839948308e-03
6 3.693022630822891e-03
6 3.673402815510157e-03
6 3.567927313366907e-03
6 3.675695756674303e-03
6 3.667687314955149e-03
6 3.567927313366907e-03
6 3.675695756674303e-03
6 3.667687314955149e-03
6 3.556356839948308e-03
6 3.693022630822891e-03
6 3.673402815510157e-03
6 3.987193751387886e-03
6 4.004132367634867e-03
3 3.676128778302859e-03
6 3.565278859655787e-03
3 3.676128778302388e-03
6 3.565278859655719e-03
6 4.004132367634867e-03
2 1.124555894054771e-02
2 1.124555894054775e-02
2 1.124555894054771e-02
2 1.124555894054775e-02
5 8.285146329849475e-05
5 8.285146329865040e-05
5 6.628117063879580e-04
5 6.628117063892032e-04
5 2.236989509059363e-03
5 2.236989509063562e-03
6 2.461006929387421e-03
6 2.838441556172789e-03
6 2.838441556172811e-03
6 2.461006928161000e-03
6 3.975790997143479e-03
6 5.275663355731014e-03
6 5.275663355731002e-03
6 3.975790997143482e-03
6 4.407008312190287e-03
6 3.654492887472514e-03
6 3.636169690007266e-03
6 3.636169690007265e-03
6 3.654492887472514e-03
6 4.407008312190287e-03
6 4.432945163028538e-03
6 3.844050011248224e-03
6 3.885904224420840e-03
6 3.866701811274619e-03
6 3.837780672859083e-03
6 3.837780672859083e-03
6 3.866701811274620e-03
6 3.885904224420840e-03
6 3.844050011248223e-03
6 4.432945163028538e-03
2 1.215017376189440e-02
2 1.215017376189450e-02
2 1.215017376189440e-02
2 1.215017376189450e-02
5 2.111906011899606e-04
5 2.419368442429799e-04
5 1.689524809519684e-03
5 1.935494753943839e-03
5 5.702146232128934e-03
6 4.636880211400301e-03
6 5.013714374890299e-03
6 1.570776629123149e-03
6 3.776003504200415e-03
6 5.028317736600040e-03
6 3.127694827253382e-03
6 4.374138870594244e-03
6 4.707280289140186e-03
6 2.953005134874365e-03
6 4.783608597117792e-03
6 5.538505302620012e-03
6 4.371236634547691e-03
6 5.176411062450232e-03
6 5.381065207462894e-03
6 4.261157326020612e-03
6 4.982074118205167e-03
3 5.550208907673103e-03
6 4.696049935910196e-03
6 5.326896150497164e-03
6 5.497874751627050e-03
6 4.621729088497445e-03
6 4.994593805118931e-03
3 5.550208907673103e-03
6 4.714282783068826e-03
6 5.336135243512130e-03
6 5.505098346850801e-03
6 4.644025999594795e-03
2 1.525908598139252e-02
2 1.548526021650378e-02
2 1.525908598139252e-02
2 1.548526021650378e-02
5 2.096611557404599e-03
5 3.466425451559930e-03
5 3.466425451559925e-03
5 2.096611534591841e-03
5 6.190944947234888e-03
5 1.064996783636505e-02
5 1.064996783636508e-02
5 6.190945026622451e-03
6 8.841475250721960e-03
6 9.404810712437033e-03
5 1.672702619960350e-02
5 1.672702619960351e-02
6 9.404810712437062e-03
6 8.841475250721934e-03
6 9.658346117242290e-03
6 9.339264415881333e-03
6 8.902845428352789e-03
6 8.902845428352789e-03
6 9.339264415881333e-03
6 9.658346117242290e-03
6 9.685233308541054e-03
3 9.344952265531349e-03
6 8.932410616470536e-03
6 8.932410616470536e-03
3 9.344952265531352e-03
6 9.685233308541054e-03
2 9.685233307477314e-03
2 1.827736288190687e-02
2 1.827736288190673e-02
2 9.685233297851877e-03
2 9.685233307477314e-03
2 1.827736288190687e-02
2 1.827736288190673e-02
2 9.685233297851877e-03
4 6.461906131792737e-05
4 4.307409708830009e-04
4 3.781685751654799e-04
4 9.677338840930995e-05
4 8.096383377598305e-05
4 2.864791674935762e-04
4 2.879460474311438e-04
4 2.485700213385787e-05
4 1.390354706074734e-03
4 2.361835192147036e-03
4 1.755959087788131e-03
4 1.731662424084443e-03
4 8.681456346704390e-04
4 2.104804190305765e-03
4 2.105949574749973e-03
4 2.054634159410581e-03
4 2.179556599640390e-03
4 2.170981912247980e-03
4 2.035212643288911e-03
4 1.023762324727776e-05
4 1.233808194262906e-05
4 1.666246685096784e-06
4 6.778637893193533e-04
4 1.620343040466520e-03
4 8.557049338952916e-04
4 1.869389210624894e-03
4 1.872438705922405e-03
4 1.923492795277087e-03
4 1.649879722273310e-03
4 1.924837387197757e-03
4 1.706731757181992e-03
4 2.654645159389140e-05
4 1.567452246752290e-05
4 1.672452974420860e-04
4 2.224546652072571e-04
4 2.654645159389146e-05
4 1.672452974420860e-04
4 2.224546652072568e-04
4 1.567452246752288e-05
4 8.042086007807930e-04
4 1.996157558518376e-03
4 1.996157558518373e-03
4 8.042086007807934e-04
4 1.908463762761737e-03
4 1.939057232023966e-03
4 1.950628897744094e-03
4 1.950628897744094e-03
4 1.939057232023966e-03
4 1.908463762761737e-03
4 3.675818942642654e-06
4 5.873436207747507e-06
4 3.979455924183419e-04
4 5.613276928417609e-04
4 7.147199656904705e-04
4 1.883262483678000e-03
4 2.123606862087817e-03
4 2.021643412162012e-03
4 1.157270594964089e-03
4 1.774584706102164e-03
4 2.014055100291480e-03
4 1.113280509368502e-03
4 1.855312052162633e-03
4 1.968164673408230e-03
4 1.893458316158579e-03
4 2.090979865788216e-03
4 2.067220159142162e-03
4 2.116264027641628e-03
4 2.212928516740262e-03
4 2.238077852620536e-03
4 2.267369816327641e-03
4 2.332462684256444e-03
4 2.319777729883589e-03
4 2.339971505475322e-03
4 2.378768051609124e-03
4 2.388843077034063e-03
4 1.129014959218490e-05
4 1.191814697516505e-05
4 9.122182096060375e-04
4 8.280489402963423e-04
4 3.105089707552329e-04
4 1.069058310652720e-03
4 2.858072685537227e-03
4 3.095712033631477e-03
4 1.448546104543896e-03
4 2.197601722729140e-03
4 2.330948968064224e-03
4 2.573111382029074e-03
4 2.794206546691045e-03
4 2.400903107193538e-03
4 2.587128991022377e-03
4 2.863386640031738e-03
4 2.508730289590656e-03
4 2.576634515488455e-03
4 2.658436892678497e-03
4 2.724246628927251e-03
4 2.822647155143861e-03
4 2.768476304826704e-03
4 2.843747315696653e-03
4 2.773573772174630e-03
4 1.057903399396280e-04
4 9.033520729524173e-04
4 4.190582247016398e-04
4 8.070167278304631e-05
4 9.993193962267461e-04
4 2.365631418927019e-03
4 1.835865846538856e-03
4 2.813204016652292e-03
4 7.468260288689548e-04
4 2.294110024073939e-03
4 3.220199351408976e-03
4 2.886279705054428e-03
4 2.579527112625550e-03
4 2.579401528792143e-03
4 1.885775255128094e-03
4 2.938481880351417e-03
4 3.447749407681102e-03
4 3.263720194167538e-03
4 3.087043492791651e-03
4 3.083064445165682e-03
4 2.734302832387953e-03
4 2.772606268266704e-03
4 3.050406726085001e-03
4 3.486129197218253e-03
4 3.321911844911506e-03
4 3.176113029433039e-03
4 3.178022066709948e-03
4 2.931235011536411e-03
4 3.585375453212841e-04
4 1.619691996771752e-04
4 1.054653625421007e-03
4 1.756219224964706e-03
4 1.578399037979024e-03
4 2.364877500972816e-03
4 4.401306785233602e-03
4 3.700456510476952e-03
4 1.526779068019601e-03
4 2.976453016669755e-03
4 3.131560319215941e-03
4 3.138613859568094e-03
4 2.861220114571754e-03
4 2.897596546088310e-03
4 3.140542071324763e-03
4 3.117923646580341e-03
4 3.028959425938025e-03
4 3.073231680535660e-03
4 2.699983364292683e-03
4 2.722947643007535e-03
4 3.082057412854526e-03
4 3.036217934114934e-03
4 2.579872625637392e-03
4 2.609198216690539e-03
4 3.074314487730043e-03
1 3.118309362975670e-03
4 2.936566625388063e-03
1 3.023907401568001e-03
4 2.799586132306168e-03
4 2.813267480505402e-03
4 3.794190071376189e-04
4 3.794190071427361e-04
4 1.924017650502632e-03
4 1.882168656301188e-03
4 1.392281190935641e-03
4 2.635089983911267e-03
4 1.982518839491354e-03
4 2.153634267937206e-03
4 1.487823550588102e-03
4 1.487823550588101e-03
4 2.153634267937215e-03
4 1.982518839491351e-03
4 2.635089983911252e-03
4 1.392281191609977e-03
4 1.882168656301191e-03
4 1.924017650502635e-03
4 2.473992859177466e-03
4 2.329392091373846e-03
4 2.363155887004125e-03
4 2.363155887004110e-03
4 2.329392091373840e-03
4 2.473992859177465e-03
4 3.745894640462305e-04
4 3.745894640462292e-04
4 1.477291913977345e-03
4 2.494179293327309e-03
4 2.494179293327310e-03
4 1.477291913977345e-03
4 1.908737179923535e-03
4 1.886230956880696e-03
1 1.895368256049221e-03
4 1.886230956880696e-03
1 1.895368256049221e-03
4 1.908737179923534e-03
4 6.378192918205686e-04
4 6.378192931510565e-04
4 1.547486358778424e-03
4 1.809923143323290e-03
4 1.699381063073036e-03
4 1.699381063073035e-03
4 1.809923143323289e-03
4 1.547486358480938e-03
4 1.920871482920611e-03
4 1.963840770907259e-03
4 1.947035423395170e-03
4 1.947035423395170e-03
4 1.963840770907259e-03
4 1.920871482920611e-03
4 8.096383377598303e-05
4 2.485700213385783e-05
4 2.864791674935755e-04
4 2.879460474311445e-04
4 4.307409708830008e-04
4 3.781685751654807e-04
4 6.461906131792738e-05
4 9.677338840930991e-05
4 8.681456346704389e-04
4 1.731662424084442e-03
4 1.755959087788131e-03
4 2.361835192147029e-03
4 1.390354706074734e-03
4 2.035212643288911e-03
4 2.170981912247980e-03
4 2.179556599640390e-03
4 2.054634159410581e-03
4 2.105949574749973e-03
4 2.104804190305765e-03
4 7.807726667240511e-05
4 2.087144767292680e-05
4 4.750507054627683e-04
4 1.027928909220455e-03
4 9.126778538008384e-04
4 1.625136890406894e-03
4 3.192635763768401e-03
4 2.493408467062403e-03
4 1.292122229280261e-03
4 2.001742381077519e-03
4 1.939904279440157e-03
4 1.992024868511412e-03
4 1.999262691008195e-03
4 1.416086704101652e-03
4 2.386520329904432e-03
4 2.360864552157115e-03
4 2.356487023018741e-03
4 2.196863189403340e-03
4 2.513576804316327e-03
4 2.197808973191716e-03
4 2.480739086751262e-03
4 2.471799909298778e-03
4 2.487997387304187e-03
4 2.365622090418997e-03
1 2.522409957040065e-03
4 2.386702673207805e-03
4 1.989415015429506e-07
4 4.014726565605878e-06
4 2.542271645532323e-04
4 9.956596095293531e-04
4 2.476946012757099e-04
4 7.891487512943869e-04
4 1.383815177831088e-03
4 1.926541610760580e-03
4 1.497004062904829e-03
4 1.095109112188769e-03
4 2.133558813206973e-03
4 2.192081423964484e-03
4 2.323545781468366e-03
4 2.158839234768666e-03
4 1.624486450950435e-03
4 2.718558810284165e-03
4 2.344049099870772e-03
4 2.053303003028983e-03
4 2.579810551884814e-03
4 2.597078307325099e-03
4 2.381236058158944e-03
4 2.888183257619250e-03
4 2.714730475191180e-03
4 2.570159837979327e-03
4 2.610931543143149e-03
4 2.624406488637455e-03
4 2.497931447002913e-03
4 2.902004116128089e-03
4 2.772175886815074e-03
4 2.652118765780496e-03
4 1.737074570279128e-07
4 2.476718799042810e-06
4 1.710988657545200e-04
4 4.499685146803900e-04
4 1.925929308512164e-04
4 1.342206981862955e-03
4 2.116272446761428e-03
4 9.655796039122419e-04
4 1.647231378831718e-03
4 1.857863139149402e-03
4 1.817452071593788e-03
4 2.784349888459644e-03
4 1.966959809899619e-03
4 1.846079266594899e-03
4 1.244746884760642e-03
4 4.162947094249009e-03
4 1.951722497962396e-03
4 2.493792535386577e-03
4 2.446793503790940e-03
4 2.218723790004217e-03
4 2.685696843610680e-03
4 2.503358068813074e-03
4 2.520399638302449e-03
4 2.531171187163853e-03
1 2.481731462896330e-03
4 2.397079411668768e-03
1 2.702051464380000e-03
4 2.601152131778382e-03
4 2.612782007957644e-03
4 3.171825841594834e-06
4 5.010697693260430e-06
4 2.834457520864205e-04
4 4.060839258756049e-04
4 1.762598044799714e-03
4 1.338844216828622e-03
4 1.204875337267254e-03
4 1.052669355742192e-03
4 1.794236698527749e-03
4 3.243831359223633e-03
4 3.491637973481674e-03
4 2.182609305300719e-03
4 2.242721274702513e-03
4 2.195230005658793e-03
4 2.236702547425049e-03
4 2.238314045334650e-03
4 2.254072026686961e-03
4 2.360527680697751e-03
4 1.666246685088069e-06
4 1.233805891181095e-05
4 1.023762284435372e-05
4 8.557049338990089e-04
4 1.620343040466512e-03
4 6.778637893186826e-04
4 1.706731757181990e-03
4 1.924837387197761e-03
4 1.649879722273303e-03
4 1.923492795277084e-03
4 1.872438705922400e-03
4 1.869389210624896e-03
4 5.010697693260449e-06
4 3.171825841594841e-06
4 4.060839258756054e-04
4 2.834457520864207e-04
4 1.204875337267253e-03
4 1.052669355742192e-03
4 1.338844216828619e-03
4 1.762598044799719e-03
4 2.182609305300719e-03
4 3.491637973481674e-03
4 3.243831359223630e-03
4 1.794236698527749e-03
4 2.360527680697751e-03
4 2.254072026686961e-03
4 2.238314045334650e-03
4 2.236702547425049e-03
4 2.195230005658793e-03
4 2.242721274702514e-03
4 2.087144767287764e-05
4 7.807726667262270e-05
4 9.126778538043711e-04
4 1.027928909220452e-03
4 4.750507054626362e-04
4 1.416086704790011e-03
4 1.999262691008199e-03
4 1.992024868511413e-03
4 1.939904279440159e-03
4 2.001742381077518e-03
4 1.292122229280258e-03
4 2.493408467062401e-03
4 3.192635763768411e-03
4 1.625136890360946e-03
4 2.197808973191716e-03
4 2.513576804316328e-03
4 2.196863189403344e-03
4 2.356487023018746e-03
4 2.360864552157108e-03
4 2.386520329904431e-03
4 2.386702673207805e-03
1 2.522409957040062e-03
4 2.365622090418997e-03
4 2.487997387304187e-03
4 2.471799909298778e-03
4 2.480739086751262e-03
4 1.619691996771747e-04
4 3.585375453212839e-04
4 1.578399037979023e-03
4 1.756219224964707e-03
4 1.054653625421007e-03
4 1.526779068019601e-03
4 3.700456510476957e-03
4 4.401306785233618e-03
4 2.364877500972816e-03
4 2.579872625637392e-03
4 2.609198216690538e-03
4 2.722947643007535e-03
4 3.082057412854525e-03
4 3.036217934114934e-03
4 3.028959425938026e-03
4 3.073231680535660e-03
4 2.699983364292682e-03
4 2.897596546088310e-03
4 3.140542071324763e-03
4 3.117923646580342e-03
4 3.131560319215941e-03
4 3.138613859568094e-03
4 2.861220114571754e-03
4 2.976453016669755e-03
4 2.813267480505402e-03
4 2.799586132306168e-03
1 3.023907401568001e-03
4 2.936566625388063e-03
1 3.118309362975670e-03
4 3.074314487730043e-03
5 1.160246889441101e-04
5 1.160246889432930e-04
5 9.281975115528805e-04
5 9.281975115463439e-04
5 3.132666601490973e-03
5 3.132666601468909e-03
6 2.615464373938786e-03
6 4.378244362794419e-03
6 4.378244362794425e-03
6 2.615464374022959e-03
6 3.852950324170041e-03
6 6.955338597754795e-03
6 6.955338597754776e-03
6 3.852950324170051e-03
6 4.398211792564662e-03
6 4.206420284866119e-03
6 4.122106428163582e-03
6 4.122106428163588e-03
6 4.206420284866106e-03
6 4.398211792564658e-03
6 4.478608546040205e-03
6 4.459827464312470e-03
6 4.349054053632952e-03
6 4.248097351425121e-03
6 4.211643362438033e-03
6 4.236102014577499e-03
6 4.236102014577499e-03
6 4.211643362438033e-03
6 4.248097351425121e-03
6 4.349054053632952e-03
6 4.459827464312470e-03
6 4.478608546040204e-03
2 1.299167061142920e-02
2 1.299167061142985e-02
2 1.299167061142920e-02
2 1.299167061142985e-02
5 1.868454641589976e-04
5 2.262566049323222e-04
5 1.494763713271981e-03
5 1.810052839458577e-03
5 5.044827532292952e-03
6 6.005826061962681e-03
6 3.856978666690413e-03
6 1.344057748654167e-03
6 4.190924221790988e-03
6 3.835257954784787e-03
6 2.670323131734644e-03
6 4.360335545179650e-03
6 3.583103214437522e-03
6 3.036506920779271e-03
6 5.033863378484222e-03
6 4.827956158999553e-03
6 3.905595272574251e-03
6 5.179732558521596e-03
6 4.559101234832700e-03
6 4.165071069340484e-03
6 5.180575879353302e-03
6 5.010327542609155e-03
6 4.420298678382044e-03
6 5.327169881591973e-03
6 4.935803140682759e-03
6 4.627302551437729e-03
6 5.189652842875238e-03
6 5.021421242833405e-03
6 4.483837468597258e-03
6 4.489740685076732e-03
6 5.336051739327250e-03
6 5.057504282953040e-03
6 4.908650431311239e-03
6 4.787932587973606e-03
6 4.582938371624032e-03
2 1.469786452709494e-02
2 1.500456621155244e-02
2 1.469786452709494e-02
2 1.500456621155244e-02
4 1.813706706270814e-04
4 7.449543839139272e-05
4 3.786703268102756e-05
4 8.215378889154380e-04
4 2.096826556820517e-03
4 1.540994816771799e-03
4 2.506693381351963e-03
4 2.667070646639203e-03
4 2.762906343164509e-03
4 1.943241081805176e-03
4 2.313555241371610e-03
4 2.751479693145867e-03
4 3.485044135903757e-03
4 3.554028163679056e-03
4 3.605169051426581e-03
4 3.231425184882925e-03
4 3.385422969464446e-03
4 3.547811691814419e-03
4 3.602862311329324e-03
4 3.602223624958849e-03
4 3.677317110055914e-03
4 3.644504240743041e-03
4 3.774099627345306e-03
4 3.666445291795277e-03
4 3.395762800896863e-03
4 3.406626656747300e-03
4 3.597840142230033e-03
4 3.463333056017760e-03
4 3.596102480492849e-03
4 6.299614537619362e-05
4 1.658210989254142e-04
4 6.724193207719259e-04
4 6.299614537619359e-05
4 1.142997252364540e-03
4 2.695454080796899e-03
4 1.875350809005663e-03
4 1.875350809063424e-03
4 1.142997252364541e-03
4 2.455076612892421e-03
4 2.443268645538262e-03
4 2.881197491085152e-03
4 2.842374050783968e-03
4 2.518580835227115e-03
4 2.881197491137425e-03
4 2.842374051005302e-03
4 2.518580835190866e-03
4 2.731762129460094e-03
4 2.731762129460100e-03
4 2.455076612894752e-03
4 2.443268645540195e-03
4 2.692984524720000e-03
4 2.748766306839779e-03
4 2.748766306839413e-03
4 2.865753917500691e-03
4 2.865753917495324e-03
4 2.692984524727273e-03
4 5.873436207852159e-06
4 3.675818942614337e-06
4 5.613276928201163e-04
4 3.979455924688392e-04
4 1.968164673408224e-03
4 1.855312052162634e-03
4 1.113280509623914e-03
4 2.014055100291475e-03
4 1.774584706102162e-03
4 1.157270594964089e-03
4 2.021643412162016e-03
4 2.123606862087821e-03
4 1.883262483678007e-03
4 7.147199656904041e-04
4 2.238077852620540e-03
4 2.212928516740270e-03
4 2.116264027641635e-03
4 2.067220159142163e-03
4 2.090979865788226e-03
4 1.893458316163722e-03
4 2.388843077034063e-03
4 2.378768051609124e-03
4 2.339971505475322e-03
4 2.319777729883589e-03
4 2.332462684256444e-03
4 2.267369816327641e-03
4 4.014726565605886e-06
4 1.989415015429503e-07
4 2.476946012757098e-04
4 9.956596095293500e-04
4 2.542271645532323e-04
4 1.095109112188769e-03
4 1.497004062904829e-03
4 1.926541610760580e-03
4 1.383815177831087e-03
4 7.891487512943870e-04
4 2.053303003028983e-03
4 2.344049099870772e-03
4 2.718558810284165e-03
4 1.624486450950435e-03
4 2.323545781468365e-03
4 2.158839234768667e-03
4 2.133558813206973e-03
4 2.192081423964484e-03
4 2.570159837979328e-03
4 2.714730475191180e-03
4 2.888183257619250e-03
4 2.381236058158944e-03
4 2.597078307325099e-03
4 2.579810551884815e-03
4 2.652118765780496e-03
4 2.772175886815074e-03
4 2.902004116128090e-03
4 2.497931447002911e-03
4 2.624406488637455e-03
4 2.610931543143149e-03
4 2.476717283243487e-06
4 1.737074570286182e-07
4 1.925929308512313e-04
4 4.499685146803905e-04
4 1.710988657544978e-04
4 9.655796039111774e-04
4 2.116272446761434e-03
4 1.342206981862615e-03
4 1.951722497967145e-03
4 4.162947094249011e-03
4 1.244746884760642e-03
4 1.846079266594902e-03
4 1.966959809899613e-03
4 2.784349888459642e-03
4 1.817452071593789e-03
4 1.857863139149407e-03
4 1.647231360095344e-03
4 2.520399638302441e-03
4 2.503358068813063e-03
4 2.685696843610694e-03
4 2.218723790006786e-03
4 2.493792535352259e-03
4 2.446793503897031e-03
4 2.612782007957644e-03
4 2.601152131778382e-03
1 2.702051464379996e-03
4 2.397079408625921e-03
4 2.531171187163848e-03
1 2.481731462896263e-03
4 1.191814697516503e-05
4 1.129014959218490e-05
4 3.105089707552329e-04
4 8.280489402963413e-04
4 9.122182096060384e-04
4 1.448546104543896e-03
4 3.095712033631479e-03
4 2.858072685537225e-03
4 1.069058310652720e-03
4 2.508730289590656e-03
4 2.576634515488455e-03
4 2.587128991022377e-03
4 2.863386640031738e-03
4 2.400903107193537e-03
4 2.573111382029074e-03
4 2.794206546691045e-03
4 2.330948968064224e-03
4 2.197601722729140e-03
4 2.773573772174630e-03
4 2.843747315696653e-03
4 2.768476304826704e-03
4 2.822647155143861e-03
4 2.724246628927251e-03
4 2.658436892678496e-03
4 3.786703268231261e-05
4 7.449543829111144e-05
4 1.813705795581203e-04
4 1.540994816265029e-03
4 2.096826556820513e-03
4 8.215378890625446e-04
4 2.751479693145873e-03
4 2.313555241371598e-03
4 1.943241081805173e-03
4 2.762906343164508e-03
4 2.667070646639200e-03
4 2.506693381543228e-03
4 3.547811691814419e-03
4 3.385422969464449e-03
4 3.231425184882920e-03
4 3.605169051426584e-03
4 3.554028163679043e-03
4 3.485044135903760e-03
4 3.596102480492849e-03
4 3.463333056017760e-03
4 3.597840142230034e-03
4 3.406626656747301e-03
4 3.395762800896863e-03
4 3.666445291795277e-03
4 3.774099627345305e-03
4 3.644504240743041e-03
4 3.677317110055915e-03
4 3.602223624958849e-03
4 3.602862311329324e-03
5 2.930979012966851e-04
5 2.930979012966848e-04
5 2.344783210373480e-03
5 2.344783210373479e-03
6 2.585735559596916e-03
6 3.968488846589388e-03
6 4.666353539001541e-03
6 4.666353539001515e-03
6 2.585735559596916e-03
6 3.968488846589389e-03
6 4.988704878899683e-03
6 9.027913551973625e-03
6 9.027913551973639e-03
6 4.988704878899683e-03
6 5.595416694062202e-03
6 5.410074089476214e-03
6 5.181534184670209e-03
6 5.410074089472599e-03
6 5.181534184864933e-03
6 5.595416694062203e-03
6 5.694086110360466e-03
3 5.419882491667602e-03
6 5.297129926810040e-03
3 5.419882491656865e-03
6 5.297129926810420e-03
6 5.694086110360467e-03
6 5.700038159404180e-03
3 5.419882491667602e-03
6 5.303411318682953e-03
3 5.419882491656865e-03
6 5.303411318683162e-03
6 5.700038159404180e-03
2 1.642333218535756e-02
2 1.642333218535750e-02
2 1.642333218535756e-02
2 1.642333218535750e-02
5 7.916846284660083e-04
5 3.258896316964720e-03
5 3.258896316964709e-03
5 7.916846284607845e-04
5 2.629923281529080e-03
5 9.757380792096938e-03
5 9.757380792097000e-03
5 2.629923281523483e-03
5 4.709493110686720e-03
6 6.360928378835761e-03
6 1.051321990875712e-02
6 7.039949620816260e-03
6 7.039949620816320e-03
6 1.051321990875714e-02
6 6.360928378835709e-03
5 4.709493110708608e-03
6 6.226214605446880e-03
6 7.869431717896801e-03
6 8.706384593404034e-03
6 8.706384593404034e-03
6 7.869431717896789e-03
6 6.226214605446933e-03
6 6.752599456833684e-03
6 8.154642776031340e-03
6 8.936627829584298e-03
6 8.936627829584298e-03
6 8.154642776031340e-03
6 6.752599456833683e-03
6 6.845626376012147e-03
6 8.202455225942606e-03
6 8.980651941788596e-03
6 8.980651941788596e-03
6 8.202455225942607e-03
6 6.845626376012146e-03
6 6.851447601255009e-03
6 8.205396531721117e-03
6 8.983505375757740e-03
6 8.983505375757740e-03
6 8.205396531721120e-03
6 6.851447601255009e-03
2 6.851447697908517e-03
2 1.718889967446686e-02
2 1.718889967446687e-02
2 6.851447697905458e-03
2 6.851447697908517e-03
2 1.718889967446686e-02
2 1.718889967446687e-02
2 6.851447697905458e-03
5 2.262566049323222e-04
5 1.868454641589981e-04
5 1.810052839458577e-03
5 1.494763713271985e-03
6 1.344057748654167e-03
6 6.005826061962660e-03
6 3.856978666690429e-03
5 5.044827532292947e-03
6 3.036506920779271e-03
6 3.583103214437522e-03
6 4.360335545179649e-03
6 2.670323131734644e-03
6 3.835257954784786e-03
6 4.190924221790988e-03
6 4.165071069340485e-03
6 4.559101234832700e-03
6 5.179732558521596e-03
6 3.905595272574251e-03
6 4.827956158999553e-03
6 5.033863378484222e-03
6 4.627302551437729e-03
6 4.935803140682759e-03
6 5.327169881591972e-03
6 4.420298678382043e-03
6 5.010327542609155e-03
6 5.180575879353302e-03
6 4.787932587973606e-03
6 4.582938371624031e-03
6 5.057504282953040e-03
6 4.908650431311239e-03
6 5.336051739327251e-03
6 4.483837468597260e-03
6 4.489740685076732e-03
6 5.021421242833405e-03
6 5.189652842875240e-03
2 1.500456621155245e-02
2 1.469786452709496e-02
2 1.500456621155245e-02
2 1.469786452709496e-02
4 8.070167278303519e-05
4 4.190582247016394e-04
4 9.033520729524165e-04
4 1.057903399397510e-04
4 7.468260288691448e-04
4 2.813204016652288e-03
4 1.835865846538856e-03
4 2.365631418927023e-03
4 9.993193962185352e-04
4 1.885775255127068e-03
4 2.579401528792144e-03
4 2.579527112625557e-03
4 2.886279705054426e-03
4 3.220199351408976e-03
4 2.294110024073942e-03
4 2.772606268266694e-03
4 2.734302832387951e-03
4 3.083064445165686e-03
4 3.087043492791649e-03
4 3.263720194167528e-03
4 3.447749407681102e-03
4 2.938481880351408e-03
4 2.931235011536411e-03
4 3.178022066709948e-03
4 3.176113029433039e-03
4 3.321911844911507e-03
4 3.486129197218253e-03
4 3.050406726085001e-03
4 1.543300683204479e-06
4 3.540825873168356e-05
4 4.039952286515510e-05
4 5.599043546230315e-06
4 3.540825873168355e-05
4 4.039952286515507e-05
4 1.543300683204479e-06
4 5.599043546230315e-06
4 7.739217315482015e-04
4 1.405988156391196e-03
4 1.405988156391202e-03
4 2.625395689401338e-03
4 7.739217315482010e-04
4 1.949043985839589e-03
4 2.076910913029573e-03
4 2.076910913029576e-03
4 2.070885134572367e-03
4 2.070885140210415e-03
4 1.949043988440227e-03
4 1.678351595228573e-06
4 1.678351597516428e-06
4 1.705015996666965e-04
4 8.383875266825826e-04
4 6.663088017186686e-04
4 6.663088017186700e-04
4 8.383875266825825e-04
4 1.705015996666921e-04
4 1.154304500626842e-03
4 1.625423002974024e-03
4 1.597673313782553e-03
4 1.597673313782554e-03
4 1.625423002974032e-03
4 1.154304500626570e-03
4 2.037648092074038e-03
4 2.149345675792102e-03
4 2.142605825908055e-03
4 2.142605825908052e-03
4 2.149345675792097e-03
4 2.037648092074037e-03
4 1.414235841223099e-06
4 1.414235841223099e-06
4 5.632932052458245e-04
4 5.632932052458256e-04
4 1.065035487923823e-03
4 2.438707998532536e-03
4 2.438707998532530e-03
4 1.065035487923823e-03
4 2.017202036809791e-03
4 2.060633524213430e-03
4 2.072618265108937e-03
4 2.072618265108937e-03
4 2.060633524213430e-03
4 2.017202036809791e-03
4 5.562790296622309e-04
4 1.025936999614123e-03
4 1.811362692133836e-03
4 1.910010874716298e-03
4 1.793495166397697e-03
4 1.956891455668972e-03
4 1.886852807809261e-03
4 1.892248556926020e-03
4 1.188456901913366e-03
4 2.662892117596459e-03
4 2.662892117596459e-03
4 1.188456901913366e-03
4 1.860292444315453e-03
4 1.866114591722133e-03
1 1.883533793468554e-03
4 1.866114591722133e-03
1 1.883533793468554e-03
4 1.860292444315453e-03
4 8.625632416013817e-04
4 1.624775038581145e-03
4 9.433653379041003e-04
4 8.625632892204845e-04
4 1.832389798686173e-03
4 1.834558463156808e-03
1 1.830564236025356e-03
4 1.814874051790554e-03
1 1.810974978192158e-03
4 1.832389798686173e-03
4 1.062745771932858e-03
4 1.475374042393373e-03
4 1.731435450295717e-03
4 1.731435450295717e-03
4 1.475374042393373e-03
4 1.062745771932858e-03
4 1.025937003158356e-03
4 5.562790296681938e-04
4 1.892248556926022e-03
4 1.886852807809262e-03
4 1.956891455668976e-03
4 1.793495166397696e-03
4 1.910010874716306e-03
4 1.811362692133840e-03
