5 1.714657929337118e-02
5 9.502675585875798e-03
5 1.231666511948815e-02
5 1.231666511948815e-02
5 1.714657929337118e-02
5 9.502675585875800e-03
5 2.275129082489883e-02
5 1.438521377384961e-02
5 1.763990887914580e-02
5 1.763990887914580e-02
5 2.275129082489883e-02
5 1.438521377384961e-02
6 2.260044542052479e-02
6 2.477127381523473e-02
5 1.619478622723442e-02
5 1.899238692241933e-02
5 1.899238692241932e-02
6 2.260044542052478e-02
6 2.477127381523473e-02
5 1.619478622723442e-02
2 2.341811537714968e-02
6 1.647778885767379e-02
6 1.911954623528867e-02
6 1.911954623528868e-02
2 2.341811537714968e-02
6 1.647778885767379e-02
2 2.341811537714968e-02
2 1.648112486327695e-02
2 1.912140956900884e-02
2 1.912140956900885e-02
2 2.341811537714968e-02
2 1.648112486327694e-02
2 2.341811537714968e-02
2 1.648112486327695e-02
2 1.912140956900884e-02
2 1.912140956900885e-02
2 2.341811537714968e-02
2 1.648112486327694e-02
5 1.298584773293801e-03
5 3.598879579221525e-03
5 3.598879579221533e-03
5 1.298584773261352e-03
5 4.102232995291565e-03
5 1.080620768342153e-02
5 1.080620768342154e-02
5 4.102232995297934e-03
5 6.772785519167814e-03
6 9.255268279594922e-03
6 8.697699237111268e-03
6 7.275880558809891e-03
6 7.275880558809836e-03
6 8.697699237111353e-03
6 9.255268279594964e-03
5 6.772785519488563e-03
6 7.983432623948263e-03
6 1.008609597300996e-02
6 7.927780045959851e-03
6 7.927780045959889e-03
6 1.008609597300996e-02
6 7.983432623948348e-03
6 8.157993577935615e-03
3 1.009178577897541e-02
6 8.105760041669283e-03
6 8.105760041669283e-03
3 1.009178577897548e-02
6 8.157993577935615e-03
2 8.162373248452825e-03
2 1.820194348873176e-02
2 1.820194348873171e-02
2 8.162373248437722e-03
2 8.162373248452825e-03
2 1.820194348873176e-02
2 1.820194348873171e-02
2 8.162373248437722e-03
5 2.419368364625069e-04
5 2.111906012253227e-04
5 1.935494691700055e-03
5 1.689524809802582e-03
6 1.570776629087407e-03
6 4.636880281735486e-03
6 5.013714376660304e-03
5 5.702146233083761e-03
6 2.953005123834938e-03
6 4.707280238092917e-03
6 4.374138833030660e-03
6 3.127694827274747e-03
6 5.028317687911194e-03
6 3.776003504043362e-03
6 4.261157325073343e-03
6 5.381065202390714e-03
6 5.176411059200017e-03
6 4.371236634547907e-03
6 5.538505302638782e-03
6 4.783608597166724e-03
6 4.621729072167287e-03
6 5.497874747435978e-03
6 5.326896147751095e-03
6 4.696049924486838e-03
3 5.550208907678432e-03
6 4.982074118201072e-03
6 4.644025999597763e-03
6 5.505098343586420e-03
6 5.336135241483983e-03
6 4.714282783071518e-03
3 5.550208907678432e-03
6 4.994593805135301e-03
2 1.548526021420084e-02
2 1.525908598141753e-02
2 1.548526021420084e-02
2 1.525908598141753e-02
5 8.311480823197121e-05
5 8.311480823196172e-05
5 6.649184658557697e-04
5 6.649184658556939e-04
5 2.244099822263233e-03
5 2.244099822262955e-03
6 1.940774382724987e-03
6 3.362440663855301e-03
6 3.362440663855295e-03
6 1.940774382722218e-03
6 3.191127216196177e-03
6 5.767027174180207e-03
6 5.767027174180226e-03
6 3.191127216196178e-03
6 3.882925709316868e-03
6 3.734626862523649e-03
6 3.628419081717846e-03
6 3.628419081717853e-03
6 3.734626862523647e-03
6 3.882925709316852e-03
6 4.087235194663844e-03
6 3.982123120768641e-03
6 3.899977370083710e-03
6 3.899977370083715e-03
6 3.982123120768679e-03
6 4.087235194663855e-03
6 4.103204222747906e-03
6 4.002269981480974e-03
6 3.921134833263937e-03
6 3.921134833263937e-03
6 4.002269981480974e-03
6 4.103204222747906e-03
2 1.202662757381018e-02
2 1.202662757381011e-02
2 1.202662757381018e-02
2 1.202662757381011e-02
5 6.250958349541669e-05
5 6.250958349541657e-05
5 5.000766679633335e-04
5 5.000766679633326e-04
5 1.687758754376254e-03
5 1.687758754376251e-03
6 1.735015697223361e-03
6 2.263680784186236e-03
6 2.263680784186244e-03
6 1.735015697223361e-03
6 2.995299353524372e-03
6 4.237627326884257e-03
6 4.237627326884244e-03
6 2.995299353524372e-03
6 3.757747173134967e-03
6 6.194156870909526e-03
6 6.194156870909521e-03
6 3.757747173134967e-03
6 3.987193751391121e-03
6 3.556356210386270e-03
6 3.693022534279563e-03
6 3.673402739812232e-03
6 3.567926649433012e-03
6 3.675695673477588e-03
6 3.667687240173679e-03
6 3.567926649433012e-03
6 3.675695673477588e-03
6 3.667687240173679e-03
6 3.556356210386270e-03
6 3.693022534279563e-03
6 3.673402739812232e-03
6 3.987193751391121e-03
6 4.004132367632036e-03
3 3.676128778302816e-03
6 3.565278859708350e-03
3 3.676128778302830e-03
6 3.565278859708348e-03
6 4.004132367632036e-03
2 1.124555894054748e-02
2 1.124555894054743e-02
2 1.124555894054748e-02
2 1.124555894054743e-02
5 8.285146330049661e-05
5 8.285146330048898e-05
5 6.628117064039729e-04
5 6.628117064039117e-04
5 2.236989509113412e-03
5 2.236989509113203e-03
6 2.461006925633902e-03
6 2.838441556213073e-03
6 2.838441556213072e-03
6 2.461006923504429e-03
6 3.975790997013753e-03
6 5.275663355731178e-03
6 5.275663355731138e-03
6 3.975790997013721e-03
6 4.407008299851707e-03
6 3.654492896876027e-03
6 3.636169699096962e-03
6 3.636169699096951e-03
6 3.654492896876020e-03
6 4.407008299851707e-03
6 4.432945163027212e-03
6 3.844050004227264e-03
6 3.885904217338894e-03
6 3.866701805285896e-03
6 3.837780665991305e-03
6 3.837780665991305e-03
6 3.866701805285896e-03
6 3.885904217338893e-03
6 3.844050004227265e-03
6 4.432945163027212e-03
2 1.215017376189759e-02
2 1.215017376189763e-02
2 1.215017376189759e-02
2 1.215017376189763e-02
5 2.111906012253229e-04
5 2.419368364625069e-04
5 1.689524809802583e-03
5 1.935494691700056e-03
5 5.702146233083772e-03
6 4.636880281735459e-03
6 5.013714376660279e-03
6 1.570776629087407e-03
6 3.776003504043362e-03
6 5.028317687911194e-03
6 3.127694827274747e-03
6 4.374138833030660e-03
6 4.707280238092917e-03
6 2.953005123834938e-03
6 4.783608597166724e-03
6 5.538505302638782e-03
6 4.371236634547907e-03
6 5.176411059200017e-03
6 5.381065202390714e-03
6 4.261157325073343e-03
6 4.982074118201072e-03
3 5.550208907678432e-03
6 4.696049924486838e-03
6 5.326896147751095e-03
6 5.497874747435978e-03
6 4.621729072167287e-03
6 4.994593805135301e-03
3 5.550208907678432e-03
6 4.714282783071518e-03
6 5.336135241483983e-03
6 5.505098343586420e-03
6 4.644025999597763e-03
2 1.525908598141753e-02
2 1.548526021420085e-02
2 1.525908598141753e-02
2 1.548526021420085e-02
5 2.096611392002101e-03
5 3.466425452130397e-03
5 3.466425452130403e-03
5 2.096611390421987e-03
5 6.190945373036823e-03
5 1.064996783541899e-02
5 1.064996783541898e-02
5 6.190945385129050e-03
6 8.841475247731635e-03
6 9.404810638957706e-03
5 1.672702619021162e-02
5 1.672702619021169e-02
6 9.404810638957732e-03
6 8.841475247731607e-03
6 9.658346043288557e-03
6 9.339264415902309e-03
6 8.902845428352752e-03
6 8.902845428352752e-03
6 9.339264415902309e-03
6 9.658346043288557e-03
6 9.685233235471411e-03
3 9.344952265582195e-03
6 8.932410616506967e-03
6 8.932410616506967e-03
3 9.344952265582265e-03
6 9.685233235471411e-03
2 9.685233236657155e-03
2 1.827736288211216e-02
2 1.827736288211214e-02
2 9.685233236002689e-03
2 9.685233236657155e-03
2 1.827736288211216e-02
2 1.827736288211214e-02
2 9.685233236002689e-03
4 6.461906132138239e-05
4 4.307405853645251e-04
4 3.781698975352075e-04
4 9.677345249304895e-05
4 8.096379940549715e-05
4 2.864795707163774e-04
4 2.879461766345604e-04
4 2.485700213385759e-05
4 1.390354705611245e-03
4 2.361835170452091e-03
4 1.755959087808320e-03
4 1.731662424079078e-03
4 8.681456346569189e-04
4 2.104804123369521e-03
4 2.105949568894717e-03
4 2.054634152559831e-03
4 2.179556541255603e-03
4 2.170981909907189e-03
4 2.035212615810805e-03
4 1.023761630841831e-05
4 1.233789867842017e-05
4 1.666246685064911e-06
4 6.778637893262181e-04
4 1.620343040471079e-03
4 8.557049339039653e-04
4 1.869388835278987e-03
4 1.872438693543462e-03
4 1.923492787841859e-03
4 1.649878365524581e-03
4 1.924836824357531e-03
4 1.706730106086787e-03
4 2.654648185725443e-05
4 1.567452246744350e-05
4 1.672458034674441e-04
4 2.224487365596172e-04
4 2.654648185725437e-05
4 1.672458034674442e-04
4 2.224487365596164e-04
4 1.567452246744349e-05
4 8.042086007892051e-04
4 1.996157558520078e-03
4 1.996157558520081e-03
4 8.042086007892051e-04
4 1.908463296133917e-03
4 1.939057001005493e-03
4 1.950628667702146e-03
4 1.950628667702146e-03
4 1.939057001005493e-03
4 1.908463296133917e-03
4 3.675818942632477e-06
4 5.873436206679277e-06
4 3.979455925733699e-04
4 5.613276928893382e-04
4 7.147199605267678e-04
4 1.883262538570337e-03
4 2.123606864661533e-03
4 2.021643531644580e-03
4 1.157271028823194e-03
4 1.774584086830953e-03
4 2.014054834966058e-03
4 1.113280548828596e-03
4 1.855311793439590e-03
4 1.968165491473836e-03
4 1.893458315966721e-03
4 2.090979865768473e-03
4 2.067220158991162e-03
4 2.116264027608908e-03
4 2.212928516729171e-03
4 2.238077852573303e-03
4 2.267369661719331e-03
4 2.332462553271596e-03
4 2.319777702575396e-03
4 2.339971370686381e-03
4 2.378768022144617e-03
4 2.388843047852472e-03
4 1.129014911404793e-05
4 1.191804284551908e-05
4 9.122182092127200e-04
4 8.280489399274432e-04
4 3.105089707034620e-04
4 1.069058310700808e-03
4 2.858072685412616e-03
4 3.095712033307780e-03
4 1.448546104556505e-03
4 2.197601722725766e-03
4 2.330949071972878e-03
4 2.573111261324129e-03
4 2.794206354991870e-03
4 2.400903199344767e-03
4 2.587128876493999e-03
4 2.863386457145625e-03
4 2.508730257552735e-03
4 2.576634475358473e-03
4 2.658436892739337e-03
4 2.724246629020858e-03
4 2.822647154876035e-03
4 2.768476304830222e-03
4 2.843747315441775e-03
4 2.773573771908469e-03
4 1.057903399187168e-04
4 9.033519846657583e-04
4 4.190582307504101e-04
4 8.070167278171898e-05
4 9.993193960769046e-04
4 2.365631418241883e-03
4 1.835865841938989e-03
4 2.813204016635682e-03
4 7.468260288687131e-04
4 2.294110074660768e-03
4 3.220199347566637e-03
4 2.886279705056858e-03
4 2.579527112616050e-03
4 2.579401528774070e-03
4 1.885775255131329e-03
4 2.938481880412194e-03
4 3.447749407672898e-03
4 3.263720194110670e-03
4 3.087043492803792e-03
4 3.083064445172023e-03
4 2.734302745471444e-03
4 2.772606138711181e-03
4 3.050406725814107e-03
4 3.486129197220027e-03
4 3.321911844817902e-03
4 3.176113029168948e-03
4 3.178022066164265e-03
4 2.931235010863321e-03
4 3.585375595631722e-04
4 1.619691996901037e-04
4 1.054653621894601e-03
4 1.756219242890756e-03
4 1.578399037837595e-03
4 2.364877569148187e-03
4 4.401306785175725e-03
4 3.700456510712857e-03
4 1.526779068075651e-03
4 2.976453016673056e-03
4 3.131560314873212e-03
4 3.138613848882265e-03
4 2.861220015302042e-03
4 2.897596447439406e-03
4 3.140542069500691e-03
4 3.117923646163864e-03
4 3.028959418499098e-03
4 3.073231669952516e-03
4 2.699983245723039e-03
4 2.722947520909405e-03
4 3.082057411234579e-03
4 3.036217933508782e-03
4 2.579872522316781e-03
4 2.609198066617640e-03
4 3.074314487512530e-03
1 3.118309362986258e-03
4 2.936566625079682e-03
1 3.023907401580975e-03
4 2.799586131892621e-03
4 2.813267479747657e-03
4 3.794190073274023e-04
4 3.794190073270371e-04
4 1.924017998597774e-03
4 1.882168589820164e-03
4 1.392281191227824e-03
4 2.635089976803963e-03
4 1.982518820384590e-03
4 2.153634247759174e-03
4 1.487823577806810e-03
4 1.487823577806803e-03
4 2.153634247759177e-03
4 1.982518820384591e-03
4 2.635089976803963e-03
4 1.392281191150115e-03
4 1.882168589820168e-03
4 1.924017998597763e-03
4 2.473992859144811e-03
4 2.329392101179000e-03
4 2.363155888641675e-03
4 2.363155888641666e-03
4 2.329392101179001e-03
4 2.473992859144811e-03
4 3.745894640686473e-04
4 3.745894640686487e-04
4 1.477290824356141e-03
4 2.494176924977190e-03
4 2.494176924977190e-03
4 1.477290824356140e-03
4 1.908737179923531e-03
4 1.886230956880697e-03
1 1.895368256049223e-03
4 1.886230956880697e-03
1 1.895368256049223e-03
4 1.908737179923531e-03
4 6.378192959382965e-04
4 6.378192961249764e-04
4 1.547486359378857e-03
4 1.809923004147201e-03
4 1.699380878616019e-03
4 1.699380878616018e-03
4 1.809923004147203e-03
4 1.547486359390139e-03
4 1.920871482920609e-03
4 1.963840770907254e-03
4 1.947035423395164e-03
4 1.947035423395164e-03
4 1.963840770907254e-03
4 1.920871482920609e-03
4 8.096379940549715e-05
4 2.485700213385758e-05
4 2.864795707163776e-04
4 2.879461766345601e-04
4 4.307405853645252e-04
4 3.781698975352087e-04
4 6.461906132138245e-05
4 9.677345249304859e-05
4 8.681456346569187e-04
4 1.731662424079078e-03
4 1.755959087808320e-03
4 2.361835170452089e-03
4 1.390354705611245e-03
4 2.035212615810804e-03
4 2.170981909907189e-03
4 2.179556541255604e-03
4 2.054634152559830e-03
4 2.105949568894718e-03
4 2.104804123369521e-03
4 7.807726650776805e-05
4 2.087144767286963e-05
4 4.750507202303138e-04
4 1.027928887161730e-03
4 9.126778537368945e-04
4 1.625136889555911e-03
4 3.192635763710459e-03
4 2.493408496962014e-03
4 1.292122395986662e-03
4 2.001742296179955e-03
4 1.939904165297275e-03
4 1.992024927105118e-03
4 1.999262215789194e-03
4 1.416086713200426e-03
4 2.386520329697532e-03
4 2.360864552138336e-03
4 2.356487023327108e-03
4 2.196863188813367e-03
4 2.513576804256348e-03
4 2.197808973120679e-03
4 2.480739086228047e-03
4 2.471799908705477e-03
4 2.487997308886256e-03
4 2.365622089875363e-03
1 2.522409957040049e-03
4 2.386702590182788e-03
4 1.989415016246614e-07
4 4.014830596167231e-06
4 2.542271644901586e-04
4 9.956596096270423e-04
4 2.476946014320285e-04
4 7.891487234985386e-04
4 1.383815131632735e-03
4 1.926541648204599e-03
4 1.497004070928461e-03
4 1.095109112189264e-03
4 2.133558739460857e-03
4 2.192081186560676e-03
4 2.323545376387313e-03
4 2.158838857759958e-03
4 1.624487116310930e-03
4 2.718558811601580e-03
4 2.344049099876330e-03
4 2.053303003042730e-03
4 2.579810551641682e-03
4 2.597078307139170e-03
4 2.381236057608828e-03
4 2.888183257531571e-03
4 2.714730475207739e-03
4 2.570159837386199e-03
4 2.610931543143453e-03
4 2.624406488637542e-03
4 2.497931399503827e-03
4 2.902004116124051e-03
4 2.772175845994345e-03
4 2.652118718704157e-03
4 1.737074570284276e-07
4 2.476711831989199e-06
4 1.710988657548755e-04
4 4.499685144288563e-04
4 1.925929309612574e-04
4 1.342206981859830e-03
4 2.116272446760817e-03
4 9.655796039176518e-04
4 1.647235940496860e-03
4 1.857860106971951e-03
4 1.817452255445191e-03
4 2.784354927794686e-03
4 1.966957180888397e-03
4 1.846077818221237e-03
4 1.244751245200769e-03
4 4.162947094356178e-03
4 1.951722498023716e-03
4 2.493792534574506e-03
4 2.446793507264347e-03
4 2.218723786794800e-03
4 2.685696842644658e-03
4 2.503358068266903e-03
4 2.520399637795858e-03
4 2.531171187163955e-03
1 2.481731462896907e-03
4 2.397079354167986e-03
1 2.702051464380403e-03
4 2.601152083140922e-03
4 2.612781960471513e-03
4 3.171825841602487e-06
4 5.010697692491583e-06
4 2.834457520864476e-04
4 4.060839259483004e-04
4 1.762598044791747e-03
4 1.338844159215935e-03
4 1.204875660368908e-03
4 1.052669609632050e-03
4 1.794236698893984e-03
4 3.243831360297048e-03
4 3.491637972505005e-03
4 2.182609305217842e-03
4 2.242721090811044e-03
4 2.195229456479857e-03
4 2.236702410420420e-03
4 2.238313697950820e-03
4 2.254071893809692e-03
4 2.360527654304105e-03
4 1.666246685064886e-06
4 1.233790000609536e-05
4 1.023761353729790e-05
4 8.557049339040545e-04
4 1.620343040471081e-03
4 6.778637893262792e-04
4 1.706730106086775e-03
4 1.924836824357532e-03
4 1.649878365524582e-03
4 1.923492787841858e-03
4 1.872438693543464e-03
4 1.869388835278981e-03
4 5.010697692491575e-06
4 3.171825841602486e-06
4 4.060839259482999e-04
4 2.834457520864479e-04
4 1.204875660368908e-03
4 1.052669609632050e-03
4 1.338844159215933e-03
4 1.762598044791754e-03
4 2.182609305217842e-03
4 3.491637972504998e-03
4 3.243831360297052e-03
4 1.794236698893984e-03
4 2.360527654304105e-03
4 2.254071893809692e-03
4 2.238313697950820e-03
4 2.236702410420420e-03
4 2.195229456479857e-03
4 2.242721090811045e-03
4 2.087144767286981e-05
4 7.807726650724617e-05
4 9.126778537400194e-04
4 1.027928887161731e-03
4 4.750507202303065e-04
4 1.416086713316298e-03
4 1.999262215789187e-03
4 1.992024927105120e-03
4 1.939904165297271e-03
4 2.001742296179946e-03
4 1.292122395986659e-03
4 2.493408496962012e-03
4 3.192635763710441e-03
4 1.625136889546370e-03
4 2.197808973120666e-03
4 2.513576804256347e-03
4 2.196863188813365e-03
4 2.356487023327106e-03
4 2.360864552138342e-03
4 2.386520329697531e-03
4 2.386702590182789e-03
1 2.522409957040041e-03
4 2.365622089875364e-03
4 2.487997308886256e-03
4 2.471799908705477e-03
4 2.480739086228047e-03
4 1.619691996901035e-04
4 3.585375595631726e-04
4 1.578399037837598e-03
4 1.756219242890753e-03
4 1.054653621894601e-03
4 1.526779068075651e-03
4 3.700456510712868e-03
4 4.401306785175726e-03
4 2.364877569148187e-03
4 2.579872522316781e-03
4 2.609198066617640e-03
4 2.722947520909406e-03
4 3.082057411234579e-03
4 3.036217933508782e-03
4 3.028959418499098e-03
4 3.073231669952516e-03
4 2.699983245723038e-03
4 2.897596447439407e-03
4 3.140542069500691e-03
4 3.117923646163864e-03
4 3.131560314873212e-03
4 3.138613848882265e-03
4 2.861220015302042e-03
4 2.976453016673056e-03
4 2.813267479747657e-03
4 2.799586131892622e-03
1 3.023907401580975e-03
4 2.936566625079682e-03
1 3.118309362986258e-03
4 3.074314487512530e-03
5 1.160246889924293e-04
5 1.160246889923933e-04
5 9.281975119394348e-04
5 9.281975119391462e-04
5 3.132666602795599e-03
5 3.132666602794611e-03
6 2.615464373838490e-03
6 4.378244362784015e-03
6 4.378244362784000e-03
6 2.615464373850563e-03
6 3.852950326456416e-03
6 6.955338597819813e-03
6 6.955338597819810e-03
6 3.852950326456415e-03
6 4.398211792612857e-03
6 4.206420284937428e-03
6 4.122106428161303e-03
6 4.122106428161267e-03
6 4.206420284937432e-03
6 4.398211792612867e-03
6 4.478608545407781e-03
6 4.459827463916026e-03
6 4.349054053857561e-03
6 4.248097350826254e-03
6 4.211643361864939e-03
6 4.236102014185953e-03
6 4.236102014185952e-03
6 4.211643361864939e-03
6 4.248097350826254e-03
6 4.349054053857560e-03
6 4.459827463916026e-03
6 4.478608545407782e-03
2 1.299167061147879e-02
2 1.299167061147878e-02
2 1.299167061147879e-02
2 1.299167061147878e-02
5 1.868454642044466e-04
5 2.262565921583618e-04
5 1.494763713635573e-03
5 1.810052737266895e-03
5 5.044827533520042e-03
6 6.005826447080568e-03
6 3.856978670815415e-03
6 1.344057748422083e-03
6 4.190924221223952e-03
6 3.835257951573910e-03
6 2.670323131728051e-03
6 4.360335521061599e-03
6 3.583103246090022e-03
6 3.036506920805169e-03
6 5.033863377049584e-03
6 4.827956159331558e-03
6 3.905595272574085e-03
6 5.179732554440041e-03
6 4.559101230377758e-03
6 4.165071072759677e-03
6 5.180575879366911e-03
6 5.010327542608443e-03
6 4.420298678383111e-03
6 5.327169878213722e-03
6 4.935803124285842e-03
6 4.627302523931183e-03
6 5.189652843025415e-03
6 5.021421242895069e-03
6 4.483837468164509e-03
6 4.489740684693671e-03
6 5.336051735472483e-03
6 5.057504372955384e-03
6 4.908650426407651e-03
6 4.787932595649570e-03
6 4.582938368404539e-03
2 1.469786452706622e-02
2 1.500456620253381e-02
2 1.469786452706622e-02
2 1.500456620253381e-02
4 1.813700783051371e-04
4 7.449543275908648e-05
4 3.786703267665971e-05
4 8.215379282205148e-04
4 2.096826748448162e-03
4 1.540994789772366e-03
4 2.506693381237419e-03
4 2.667070649801782e-03
4 2.762906346339015e-03
4 1.943241112275462e-03
4 2.313555275458142e-03
4 2.751479673454682e-03
4 3.485044135685842e-03
4 3.554028163430535e-03
4 3.605169052175860e-03
4 3.231425184860353e-03
4 3.385422966972492e-03
4 3.547811626458510e-03
4 3.602862311368615e-03
4 3.602223624509116e-03
4 3.677317110078126e-03
4 3.644504240168364e-03
4 3.774099665170126e-03
4 3.666445288166110e-03
4 3.395762800813308e-03
4 3.406626656247318e-03
4 3.597840173743753e-03
4 3.463333051802800e-03
4 3.596102480492989e-03
4 6.299614537628336e-05
4 1.658210989272923e-04
4 6.724193237701889e-04
4 6.299614537628339e-05
4 1.142997252254000e-03
4 2.695454080817513e-03
4 1.875350841447254e-03
4 1.875350841628982e-03
4 1.142997252254001e-03
4 2.455076610569031e-03
4 2.443268614776873e-03
4 2.881197488978301e-03
4 2.842374050219991e-03
4 2.518580767141928e-03
4 2.881197488963311e-03
4 2.842374050168043e-03
4 2.518580767025312e-03
4 2.731762129457891e-03
4 2.731762129457896e-03
4 2.455076610563876e-03
4 2.443268614772304e-03
4 2.692984524676986e-03
4 2.748766306835325e-03
4 2.748766306835387e-03
4 2.865753917449070e-03
4 2.865753917449966e-03
4 2.692984524677174e-03
4 5.873436206683467e-06
4 3.675818942632572e-06
4 5.613276928890919e-04
4 3.979455925748736e-04
4 1.968165491473833e-03
4 1.855311793439589e-03
4 1.113280548829736e-03
4 2.014054834966066e-03
4 1.774584086830963e-03
4 1.157271028823195e-03
4 2.021643531644589e-03
4 2.123606864661530e-03
4 1.883262538570340e-03
4 7.147199605267646e-04
4 2.238077852573306e-03
4 2.212928516729174e-03
4 2.116264027608911e-03
4 2.067220158991163e-03
4 2.090979865768474e-03
4 1.893458315968247e-03
4 2.388843047852472e-03
4 2.378768022144617e-03
4 2.339971370686380e-03
4 2.319777702575396e-03
4 2.332462553271596e-03
4 2.267369661719331e-03
4 4.014830596167239e-06
4 1.989415016246609e-07
4 2.476946014320285e-04
4 9.956596096270447e-04
4 2.542271644901582e-04
4 1.095109112189264e-03
4 1.497004070928461e-03
4 1.926541648204599e-03
4 1.383815131632731e-03
4 7.891487234985388e-04
4 2.053303003042730e-03
4 2.344049099876330e-03
4 2.718558811601580e-03
4 1.624487116310930e-03
4 2.323545376387313e-03
4 2.158838857759958e-03
4 2.133558739460857e-03
4 2.192081186560676e-03
4 2.570159837386199e-03
4 2.714730475207739e-03
4 2.888183257531571e-03
4 2.381236057608828e-03
4 2.597078307139170e-03
4 2.579810551641682e-03
4 2.652118718704156e-03
4 2.772175845994345e-03
4 2.902004116124051e-03
4 2.497931399503827e-03
4 2.624406488637542e-03
4 2.610931543143453e-03
4 2.476712409422514e-06
4 1.737074570284247e-07
4 1.925929309612573e-04
4 4.499685144288568e-04
4 1.710988657548799e-04
4 9.655796039177608e-04
4 2.116272446760812e-03
4 1.342206981859798e-03
4 1.951722498022698e-03
4 4.162947094356184e-03
4 1.244751245200770e-03
4 1.846077818221240e-03
4 1.966957180888392e-03
4 2.784354927794698e-03
4 1.817452255445199e-03
4 1.857860106971954e-03
4 1.647235931319397e-03
4 2.520399637795854e-03
4 2.503358068266897e-03
4 2.685696842644666e-03
4 2.218723786790913e-03
4 2.493792534578096e-03
4 2.446793507279839e-03
4 2.612781960471513e-03
4 2.601152083140922e-03
1 2.702051464380397e-03
4 2.397079354172118e-03
4 2.531171187163962e-03
1 2.481731462896866e-03
4 1.191804284551907e-05
4 1.129014911404793e-05
4 3.105089707034619e-04
4 8.280489399274426e-04
4 9.122182092127198e-04
4 1.448546104556504e-03
4 3.095712033307773e-03
4 2.858072685412611e-03
4 1.069058310700807e-03
4 2.508730257552734e-03
4 2.576634475358473e-03
4 2.587128876493998e-03
4 2.863386457145625e-03
4 2.400903199344767e-03
4 2.573111261324128e-03
4 2.794206354991870e-03
4 2.330949071972878e-03
4 2.197601722725766e-03
4 2.773573771908469e-03
4 2.843747315441775e-03
4 2.768476304830222e-03
4 2.822647154876035e-03
4 2.724246629020859e-03
4 2.658436892739337e-03
4 3.786703267664553e-05
4 7.449543275466324e-05
4 1.813703204464949e-04
4 1.540994790189522e-03
4 2.096826748448155e-03
4 8.215379280904871e-04
4 2.751479673454705e-03
4 2.313555275458139e-03
4 1.943241112275465e-03
4 2.762906346339015e-03
4 2.667070649801785e-03
4 2.506693381221063e-03
4 3.547811626458510e-03
4 3.385422966972495e-03
4 3.231425184860349e-03
4 3.605169052175869e-03
4 3.554028163430525e-03
4 3.485044135685832e-03
4 3.596102480492989e-03
4 3.463333051802800e-03
4 3.597840173743753e-03
4 3.406626656247318e-03
4 3.395762800813308e-03
4 3.666445288166110e-03
4 3.774099665170126e-03
4 3.644504240168363e-03
4 3.677317110078126e-03
4 3.602223624509116e-03
4 3.602862311368615e-03
5 2.930978620704433e-04
5 2.930978620704434e-04
5 2.344782896563547e-03
5 2.344782896563547e-03
6 2.585735559762347e-03
6 3.968489288307344e-03
6 4.666353539073598e-03
6 4.666353539073593e-03
6 2.585735559762346e-03
6 3.968489288307345e-03
6 4.988704886738661e-03
6 9.027913576467053e-03
6 9.027913576467071e-03
6 4.988704886738660e-03
6 5.595416685959402e-03
6 5.410074089487461e-03
6 5.181534177790183e-03
6 5.410074089487578e-03
6 5.181534177841485e-03
6 5.595416685959403e-03
6 5.694086056634954e-03
3 5.419882491667486e-03
6 5.297129854969136e-03
3 5.419882491667703e-03
6 5.297129854968921e-03
6 5.694086056634954e-03
6 5.700038284303284e-03
3 5.419882491667486e-03
6 5.303411277197327e-03
3 5.419882491667703e-03
6 5.303411277197074e-03
6 5.700038284303284e-03
2 1.642333216046466e-02
2 1.642333216046468e-02
2 1.642333216046466e-02
2 1.642333216046468e-02
5 7.916846284614876e-04
5 3.258896056437630e-03
5 3.258896056437627e-03
5 7.916846284615617e-04
5 2.629923281516897e-03
5 9.757381146359509e-03
5 9.757381146359517e-03
5 2.629923281516962e-03
5 4.709493110672642e-03
6 6.360928381735996e-03
6 1.051321923218670e-02
6 7.039949623602071e-03
6 7.039949623602133e-03
6 1.051321923218683e-02
6 6.360928381735992e-03
5 4.709493110672286e-03
6 6.226214610114891e-03
6 7.869431718122476e-03
6 8.706384541748284e-03
6 8.706384541748284e-03
6 7.869431718122509e-03
6 6.226214610114912e-03
6 6.752599456813061e-03
6 8.154642816523899e-03
6 8.936627787216522e-03
6 8.936627787216522e-03
6 8.154642816523899e-03
6 6.752599456813061e-03
6 6.845626376011857e-03
6 8.202454815038063e-03
6 8.980651457491665e-03
6 8.980651457491665e-03
6 8.202454815038061e-03
6 6.845626376011857e-03
6 6.851447601254807e-03
6 8.205394897513599e-03
6 8.983504781038768e-03
6 8.983504781038768e-03
6 8.205394897513598e-03
6 6.851447601254807e-03
2 6.851447697904648e-03
2 1.718889955654331e-02
2 1.718889955654341e-02
2 6.851447697904606e-03
2 6.851447697904648e-03
2 1.718889955654331e-02
2 1.718889955654341e-02
2 6.851447697904606e-03
5 2.262565921583620e-04
5 1.868454642044462e-04
5 1.810052737266896e-03
5 1.494763713635570e-03
6 1.344057748422083e-03
6 6.005826447080592e-03
6 3.856978670815409e-03
5 5.044827533520042e-03
6 3.036506920805169e-03
6 3.583103246090022e-03
6 4.360335521061598e-03
6 2.670323131728050e-03
6 3.835257951573910e-03
6 4.190924221223953e-03
6 4.165071072759677e-03
6 4.559101230377758e-03
6 5.179732554440041e-03
6 3.905595272574085e-03
6 4.827956159331558e-03
6 5.033863377049585e-03
6 4.627302523931183e-03
6 4.935803124285842e-03
6 5.327169878213721e-03
6 4.420298678383111e-03
6 5.010327542608443e-03
6 5.180575879366911e-03
6 4.787932595649570e-03
6 4.582938368404539e-03
6 5.057504372955384e-03
6 4.908650426407651e-03
6 5.336051735472483e-03
6 4.483837468164509e-03
6 4.489740684693672e-03
6 5.021421242895069e-03
6 5.189652843025414e-03
2 1.500456620253383e-02
2 1.469786452706621e-02
2 1.500456620253383e-02
2 1.469786452706621e-02
4 8.070167278171876e-05
4 4.190582307504089e-04
4 9.033519846657595e-04
4 1.057903399187119e-04
4 7.468260288687168e-04
4 2.813204016635679e-03
4 1.835865841938987e-03
4 2.365631418241878e-03
4 9.993193960771501e-04
4 1.885775255131195e-03
4 2.579401528774062e-03
4 2.579527112616039e-03
4 2.886279705056854e-03
4 3.220199347566637e-03
4 2.294110074660752e-03
4 2.772606138711174e-03
4 2.734302745471445e-03
4 3.083064445172021e-03
4 3.087043492803798e-03
4 3.263720194110663e-03
4 3.447749407672898e-03
4 2.938481880412198e-03
4 2.931235010863321e-03
4 3.178022066164265e-03
4 3.176113029168948e-03
4 3.321911844817903e-03
4 3.486129197220027e-03
4 3.050406725814107e-03
4 1.543300683207707e-06
4 3.540440262195487e-05
4 4.040608797849169e-05
4 5.598858963753623e-06
4 3.540440262195492e-05
4 4.040608797849165e-05
4 1.543300683207707e-06
4 5.598858963753622e-06
4 7.739217315574959e-04
4 1.405988156388301e-03
4 1.405988156388305e-03
4 2.625394858504479e-03
4 7.739217315574967e-04
4 1.949043686821466e-03
4 2.076910913036454e-03
4 2.076910913036452e-03
4 2.070885083187316e-03
4 2.070885078497966e-03
4 1.949043695902598e-03
4 1.678351602992214e-06
4 1.678351602802305e-06
4 1.705015978838659e-04
4 8.383879121596982e-04
4 6.663087736583535e-04
4 6.663087736583498e-04
4 8.383879121596977e-04
4 1.705015978838656e-04
4 1.154304500624390e-03
4 1.625423002970990e-03
4 1.597673313779913e-03
4 1.597673313779911e-03
4 1.625423002970998e-03
4 1.154304500624426e-03
4 2.037647247459355e-03
4 2.149345675791954e-03
4 2.142605825919566e-03
4 2.142605825919564e-03
4 2.149345675791963e-03
4 2.037647247459349e-03
4 1.414235848709577e-06
4 1.414235848709574e-06
4 5.632932063597743e-04
4 5.632932063597751e-04
4 1.065035487933173e-03
4 2.438707998502653e-03
4 2.438707998502655e-03
4 1.065035487933173e-03
4 2.017201168528896e-03
4 2.060633519921422e-03
4 2.072618261081151e-03
4 2.072618261081151e-03
4 2.060633519921422e-03
4 2.017201168528896e-03
4 5.562790296936103e-04
4 1.025937117185523e-03
4 1.811362377272352e-03
4 1.910010511891700e-03
4 1.793494928281402e-03
4 1.956891302311571e-03
4 1.886852661058299e-03
4 1.892248340188834e-03
4 1.188456931295318e-03
4 2.662891565045017e-03
4 2.662891565045017e-03
4 1.188456931295318e-03
4 1.860292444315448e-03
4 1.866114591722129e-03
1 1.883533793468563e-03
4 1.866114591722129e-03
1 1.883533793468563e-03
4 1.860292444315448e-03
4 8.625637009147110e-04
4 1.624775040395211e-03
4 9.433653379017936e-04
4 8.625636959425273e-04
4 1.832389798686180e-03
4 1.834558463156825e-03
1 1.830564236025357e-03
4 1.814874051790566e-03
1 1.810974978192162e-03
4 1.832389798686180e-03
4 1.062745771927251e-03
4 1.475374042361471e-03
4 1.731434039803612e-03
4 1.731434039803612e-03
4 1.475374042361471e-03
4 1.062745771927251e-03
4 1.025937119081870e-03
4 5.562790296930873e-04
4 1.892248340188833e-03
4 1.886852661058300e-03
4 1.956891302311566e-03
4 1.793494928281410e-03
4 1.910010511891691e-03
4 1.811362377272349e-03
