5 1.714657958263451e-02
5 9.502675585875852e-03
5 1.231666511943862e-02
5 1.231666511943862e-02
5 1.714657958263452e-02
5 9.502675585875852e-03
5 2.275129128071593e-02
5 1.438521377384955e-02
5 1.763990887929997e-02
5 1.763990887929998e-02
5 2.275129128071593e-02
5 1.438521377384955e-02
6 2.260044542052472e-02
6 2.477127381523457e-02
5 1.619478622723376e-02
5 1.899238692463567e-02
5 1.899238692463566e-02
6 2.260044542052473e-02
6 2.477127381523457e-02
5 1.619478622723376e-02
2 2.341811566059523e-02
6 1.647778885767370e-02
6 1.911954623527967e-02
6 1.911954623527967e-02
2 2.341811566059522e-02
6 1.647778885767370e-02
2 2.341811566059523e-02
2 1.648112486327686e-02
2 1.912140956902052e-02
2 1.912140956902052e-02
2 2.341811566059522e-02
2 1.648112486327686e-02
2 2.341811566059523e-02
2 1.648112486327686e-02
2 1.912140956902052e-02
2 1.912140956902052e-02
2 2.341811566059522e-02
2 1.648112486327686e-02
5 1.298584773272121e-03
5 3.598879615072071e-03
5 3.598879615072068e-03
5 1.298584773271972e-03
5 4.102232995263433e-03
5 1.080620753559704e-02
5 1.080620753559711e-02
5 4.102232995263187e-03
5 6.772785519236377e-03
6 9.255268279603941e-03
6 8.697699236330833e-03
6 7.275880558817682e-03
6 7.275880558817649e-03
6 8.697699236330927e-03
6 9.255268279603929e-03
5 6.772785519236599e-03
6 7.983432621603757e-03
6 1.008609598353617e-02
6 7.927780043976266e-03
6 7.927780043976198e-03
6 1.008609598353617e-02
6 7.983432621603745e-03
6 8.157993577932156e-03
3 1.009178578368952e-02
6 8.105760041669977e-03
6 8.105760041669977e-03
3 1.009178578368956e-02
6 8.157993577932156e-03
2 8.162373248441537e-03
2 1.820194350342045e-02
2 1.820194350342049e-02
2 8.162373248441560e-03
2 8.162373248441537e-03
2 1.820194350342045e-02
2 1.820194350342049e-02
2 8.162373248441560e-03
5 2.419368381209829e-04
5 2.111906012243391e-04
5 1.935494704967863e-03
5 1.689524809794713e-03
6 1.570776629082113e-03
6 4.636880277534707e-03
6 5.013714376991883e-03
5 5.702146233057178e-03
6 2.953005125343825e-03
6 4.707280227890046e-03
6 4.374138825728431e-03
6 3.127694827276166e-03
6 5.028317680293472e-03
6 3.776003504014244e-03
6 4.261157324962502e-03
6 5.381065202779584e-03
6 5.176411059650685e-03
6 4.371236634547963e-03
6 5.538505302638183e-03
6 4.783608597168660e-03
6 4.621729068329130e-03
6 5.497874747948816e-03
6 5.326896148155894e-03
6 4.696049921870835e-03
3 5.550208907678339e-03
6 4.982074118200606e-03
6 4.644025999597984e-03
6 5.505098343967490e-03
6 5.336135241786867e-03
6 4.714282783071661e-03
3 5.550208907678339e-03
6 4.994593805135826e-03
2 1.548526021481810e-02
2 1.525908598141616e-02
2 1.548526021481810e-02
2 1.525908598141616e-02
5 8.311480823202127e-05
5 8.311480823202386e-05
5 6.649184658561702e-04
5 6.649184658561909e-04
5 2.244099822264574e-03
5 2.244099822264632e-03
6 1.940774382616097e-03
6 3.362440663753907e-03
6 3.362440663753912e-03
6 1.940774382614419e-03
6 3.191127216198738e-03
6 5.767027174181121e-03
6 5.767027174181087e-03
6 3.191127216198722e-03
6 3.882925709319098e-03
6 3.734626862526584e-03
6 3.628419081718236e-03
6 3.628419081718262e-03
6 3.734626862526593e-03
6 3.882925709319124e-03
6 4.087235194618680e-03
6 3.982123120734339e-03
6 3.899977370084046e-03
6 3.899977370084053e-03
6 3.982123120734353e-03
6 4.087235194618634e-03
6 4.103204222779210e-03
6 4.002269981504420e-03
6 3.921134833270334e-03
6 3.921134833270334e-03
6 4.002269981504420e-03
6 4.103204222779210e-03
2 1.202662757381039e-02
2 1.202662757381034e-02
2 1.202662757381039e-02
2 1.202662757381034e-02
5 6.250958349546509e-05
5 6.250958349546497e-05
5 5.000766679637207e-04
5 5.000766679637197e-04
5 1.687758754377552e-03
5 1.687758754377548e-03
6 1.735015697486734e-03
6 2.263680784102865e-03
6 2.263680784102851e-03
6 1.735015697486734e-03
6 2.995299353532799e-03
6 4.237627326884256e-03
6 4.237627326884257e-03
6 2.995299353532799e-03
6 3.757747173134963e-03
6 6.194156870909539e-03
6 6.194156870909539e-03
6 3.757747173134963e-03
6 3.987193751391413e-03
6 3.556355997527647e-03
6 3.693022490965987e-03
6 3.673402707127727e-03
6 3.567926424356371e-03
6 3.675695637069906e-03
6 3.667687207975556e-03
6 3.567926424356371e-03
6 3.675695637069906e-03
6 3.667687207975556e-03
6 3.556355997527647e-03
6 3.693022490965987e-03
6 3.673402707127727e-03
6 3.987193751391413e-03
6 4.004132367643214e-03
3 3.676128778302831e-03
6 3.565278859711531e-03
3 3.676128778302825e-03
6 3.565278859711512e-03
6 4.004132367643214e-03
2 1.124555894054768e-02
2 1.124555894054767e-02
2 1.124555894054768e-02
2 1.124555894054767e-02
5 8.285146330043653e-05
5 8.285146330043560e-05
5 6.628117064034923e-04
5 6.628117064034848e-04
5 2.236989509111787e-03
5 2.236989509111758e-03
6 2.461006929272122e-03
6 2.838441556212454e-03
6 2.838441556212450e-03
6 2.461006929117759e-03
6 3.975790997014403e-03
6 5.275663355731183e-03
6 5.275663355731160e-03
6 3.975790997014422e-03
6 4.407008297193380e-03
6 3.654492898372921e-03
6 3.636169700601868e-03
6 3.636169700601860e-03
6 3.654492898372955e-03
6 4.407008297193380e-03
6 4.432945163027194e-03
6 3.844050001618621e-03
6 3.885904214329301e-03
6 3.866701802767742e-03
6 3.837780663451957e-03
6 3.837780663451957e-03
6 3.866701802767742e-03
6 3.885904214329301e-03
6 3.844050001618621e-03
6 4.432945163027194e-03
2 1.215017376189743e-02
2 1.215017376189741e-02
2 1.215017376189743e-02
2 1.215017376189741e-02
5 2.111906012243396e-04
5 2.419368381209839e-04
5 1.689524809794717e-03
5 1.935494704967871e-03
5 5.702146233057169e-03
6 4.636880277534726e-03
6 5.013714376991892e-03
6 1.570776629082113e-03
6 3.776003504014244e-03
6 5.028317680293472e-03
6 3.127694827276166e-03
6 4.374138825728431e-03
6 4.707280227890046e-03
6 2.953005125343825e-03
6 4.783608597168660e-03
6 5.538505302638183e-03
6 4.371236634547963e-03
6 5.176411059650685e-03
6 5.381065202779584e-03
6 4.261157324962502e-03
6 4.982074118200606e-03
3 5.550208907678339e-03
6 4.696049921870835e-03
6 5.326896148155894e-03
6 5.497874747948816e-03
6 4.621729068329130e-03
6 4.994593805135826e-03
3 5.550208907678339e-03
6 4.714282783071661e-03
6 5.336135241786867e-03
6 5.505098343967490e-03
6 4.644025999597984e-03
2 1.525908598141623e-02
2 1.548526021481809e-02
2 1.525908598141623e-02
2 1.548526021481809e-02
5 2.096611411911210e-03
5 3.466425452078553e-03
5 3.466425452078537e-03
5 2.096611411209918e-03
5 6.190945315963253e-03
5 1.064996783543433e-02
5 1.064996783543434e-02
5 6.190945319573012e-03
6 8.841475247809736e-03
6 9.404810637303846e-03
5 1.672702619074781e-02
5 1.672702619074770e-02
6 9.404810637303902e-03
6 8.841475247809779e-03
6 9.658346052855506e-03
6 9.339264415900852e-03
6 8.902845428352702e-03
6 8.902845428352702e-03
6 9.339264415900852e-03
6 9.658346052855506e-03
6 9.685233245210484e-03
3 9.344952265584155e-03
6 8.932410616506375e-03
6 8.932410616506375e-03
3 9.344952265584102e-03
6 9.685233245210484e-03
2 9.685233245075305e-03
2 1.827736288208966e-02
2 1.827736288208982e-02
2 9.685233244781802e-03
2 9.685233245075305e-03
2 1.827736288208966e-02
2 1.827736288208982e-02
2 9.685233244781802e-03
4 6.461906132139563e-05
4 4.307406607332936e-04
4 3.781698857399254e-04
4 9.677344784058018e-05
4 8.096379711777454e-05
4 2.864796497111435e-04
4 2.879464332055900e-04
4 2.485700213385710e-05
4 1.390354705300464e-03
4 2.361835173469841e-03
4 1.755959087807325e-03
4 1.731662424078814e-03
4 8.681456346576812e-04
4 2.104804116108249e-03
4 2.105949567541337e-03
4 2.054634153495779e-03
4 2.179556535401259e-03
4 2.170981909520872e-03
4 2.035212618734023e-03
4 1.023762059848580e-05
4 1.233777332141162e-05
4 1.666246685063966e-06
4 6.778637893261719e-04
4 1.620343040470812e-03
4 8.557049339034416e-04
4 1.869388709687899e-03
4 1.872438691530134e-03
4 1.923492787255977e-03
4 1.649878038823607e-03
4 1.924836796654033e-03
4 1.706729712814678e-03
4 2.654648846948734e-05
4 1.567452246744433e-05
4 1.672457456043643e-04
4 2.224500617516869e-04
4 2.654648846948741e-05
4 1.672457456043648e-04
4 2.224500617516862e-04
4 1.567452246744435e-05
4 8.042086007890786e-04
4 1.996157558520074e-03
4 1.996157558520075e-03
4 8.042086007890787e-04
4 1.908463139696550e-03
4 1.939056946140025e-03
4 1.950628612806783e-03
4 1.950628612806783e-03
4 1.939056946140025e-03
4 1.908463139696551e-03
4 3.675818942632471e-06
4 5.873436206617124e-06
4 3.979455925637764e-04
4 5.613276928866522e-04
4 7.147199597487048e-04
4 1.883262532637833e-03
4 2.123606868337520e-03
4 2.021643555530141e-03
4 1.157271131052328e-03
4 1.774583998322798e-03
4 2.014054610455124e-03
4 1.113280556157871e-03
4 1.855311779034534e-03
4 1.968165175024643e-03
4 1.893458315949117e-03
4 2.090979865767537e-03
4 2.067220158980984e-03
4 2.116264027605478e-03
4 2.212928516728680e-03
4 2.238077852569964e-03
4 2.267369638660181e-03
4 2.332462537470631e-03
4 2.319777700322856e-03
4 2.339971355206150e-03
4 2.378768017128154e-03
4 2.388843043073080e-03
4 1.129014929367314e-05
4 1.191805627830744e-05
4 9.122182092224093e-04
4 8.280489398966926e-04
4 3.105089706941176e-04
4 1.069058310703913e-03
4 2.858072685441630e-03
4 3.095712033333268e-03
4 1.448546104556758e-03
4 2.197601722725856e-03
4 2.330949102375347e-03
4 2.573111234947014e-03
4 2.794206316977252e-03
4 2.400903228558579e-03
4 2.587128850727588e-03
4 2.863386419651769e-03
4 2.508730253756201e-03
4 2.576634456470629e-03
4 2.658436892541664e-03
4 2.724246629016445e-03
4 2.822647154866647e-03
4 2.768476304827536e-03
4 2.843747315433541e-03
4 2.773573771894698e-03
4 1.057903399170195e-04
4 9.033520265038950e-04
4 4.190582307052636e-04
4 8.070167278165160e-05
4 9.993193960860462e-04
4 2.365631418055033e-03
4 1.835865841152108e-03
4 2.813204016806154e-03
4 7.468260288687319e-04
4 2.294110086551325e-03
4 3.220199347263654e-03
4 2.886279705056496e-03
4 2.579527112615611e-03
4 2.579401528772828e-03
4 1.885775255131225e-03
4 2.938481880410366e-03
4 3.447749407672346e-03
4 3.263720194113182e-03
4 3.087043492803286e-03
4 3.083064445172209e-03
4 2.734302729162083e-03
4 2.772606102725891e-03
4 3.050406725795691e-03
4 3.486129197221898e-03
4 3.321911844810270e-03
4 3.176113029152803e-03
4 3.178022066134227e-03
4 2.931235010798311e-03
4 3.585375566180035e-04
4 1.619691996897602e-04
4 1.054653621352801e-03
4 1.756219245580603e-03
4 1.578399037834838e-03
4 2.364877585553378e-03
4 4.401306785177104e-03
4 3.700456510732089e-03
4 1.526779068079138e-03
4 2.976453016673647e-03
4 3.131560313740433e-03
4 3.138613847222764e-03
4 2.861219989633981e-03
4 2.897596421814069e-03
4 3.140542069264491e-03
4 3.117923646099691e-03
4 3.028959417406365e-03
4 3.073231668307280e-03
4 2.699983218048619e-03
4 2.722947492901006e-03
4 3.082057411005536e-03
4 3.036217933431095e-03
4 2.579872506027538e-03
4 2.609198024357282e-03
4 3.074314487495603e-03
1 3.118309362986316e-03
4 2.936566625028909e-03
1 3.023907401580395e-03
4 2.799586131850871e-03
4 2.813267479699855e-03
4 3.794190073094434e-04
4 3.794190073094410e-04
4 1.924017838850030e-03
4 1.882168593080554e-03
4 1.392281191430621e-03
4 2.635089976229533e-03
4 1.982518818499665e-03
4 2.153634248008405e-03
4 1.487823582298488e-03
4 1.487823582298485e-03
4 2.153634248008413e-03
4 1.982518818499668e-03
4 2.635089976229520e-03
4 1.392281191425018e-03
4 1.882168593080557e-03
4 1.924017838850034e-03
4 2.473992859143757e-03
4 2.329392100582478e-03
4 2.363155888967663e-03
4 2.363155888967669e-03
4 2.329392100582471e-03
4 2.473992859143757e-03
4 3.745894640673919e-04
4 3.745894640673910e-04
4 1.477290494552456e-03
4 2.494176200331841e-03
4 2.494176200331841e-03
4 1.477290494552456e-03
4 1.908737179923535e-03
4 1.886230956880698e-03
1 1.895368256049224e-03
4 1.886230956880698e-03
1 1.895368256049224e-03
4 1.908737179923535e-03
4 6.378192958692531e-04
4 6.378192958742158e-04
4 1.547486359208484e-03
4 1.809922964321203e-03
4 1.699380823181242e-03
4 1.699380823181235e-03
4 1.809922964321203e-03
4 1.547486359217529e-03
4 1.920871482920608e-03
4 1.963840770907254e-03
4 1.947035423395157e-03
4 1.947035423395157e-03
4 1.963840770907254e-03
4 1.920871482920608e-03
4 8.096379711777442e-05
4 2.485700213385712e-05
4 2.864796497111430e-04
4 2.879464332055892e-04
4 4.307406607332933e-04
4 3.781698857399265e-04
4 6.461906132139558e-05
4 9.677344784058007e-05
4 8.681456346576809e-04
4 1.731662424078814e-03
4 1.755959087807325e-03
4 2.361835173469845e-03
4 1.390354705300464e-03
4 2.035212618734023e-03
4 2.170981909520872e-03
4 2.179556535401260e-03
4 2.054634153495779e-03
4 2.105949567541337e-03
4 2.104804116108248e-03
4 7.807726652267266e-05
4 2.087144767286782e-05
4 4.750507196706374e-04
4 1.027928877232439e-03
4 9.126778537434502e-04
4 1.625136889549436e-03
4 3.192635763712871e-03
4 2.493408499666819e-03
4 1.292122423825753e-03
4 2.001742225142608e-03
4 1.939904159366938e-03
4 1.992024900768686e-03
4 1.999262148469768e-03
4 1.416086716362549e-03
4 2.386520329679414e-03
4 2.360864552142063e-03
4 2.356487023361094e-03
4 2.196863188770489e-03
4 2.513576804248321e-03
4 2.197808973147432e-03
4 2.480739086192168e-03
4 2.471799908654085e-03
4 2.487997297797363e-03
4 2.365622089811609e-03
1 2.522409957040032e-03
4 2.386702576208362e-03
4 1.989415016128194e-07
4 4.014811109782255e-06
4 2.542271644793810e-04
4 9.956596096609932e-04
4 2.476946014513136e-04
4 7.891487187141220e-04
4 1.383815123943275e-03
4 1.926541656327610e-03
4 1.497004071936405e-03
4 1.095109112189297e-03
4 2.133558715552045e-03
4 2.192081163836449e-03
4 2.323545311060006e-03
4 2.158838771642278e-03
4 1.624487277316996e-03
4 2.718558811627986e-03
4 2.344049099876852e-03
4 2.053303003042635e-03
4 2.579810551623253e-03
4 2.597078307126992e-03
4 2.381236057550605e-03
4 2.888183257526808e-03
4 2.714730475207516e-03
4 2.570159837322083e-03
4 2.610931543143466e-03
4 2.624406488637546e-03
4 2.497931394082816e-03
4 2.902004116123749e-03
4 2.772175835408716e-03
4 2.652118704801362e-03
4 1.737074570285447e-07
4 2.476699572842877e-06
4 1.710988657548807e-04
4 4.499685143955787e-04
4 1.925929309697509e-04
4 1.342206981859785e-03
4 2.116272446761389e-03
4 9.655796039179944e-04
4 1.647237460957250e-03
4 1.857859170709887e-03
4 1.817452039360413e-03
4 2.784356460465580e-03
4 1.966956699762747e-03
4 1.846077321834894e-03
4 1.244752404747476e-03
4 4.162947094354373e-03
4 1.951722498018043e-03
4 2.493792534482624e-03
4 2.446793504931929e-03
4 2.218723786420093e-03
4 2.685696842391389e-03
4 2.503358068211298e-03
4 2.520399637741478e-03
4 2.531171187163968e-03
1 2.481731462896919e-03
4 2.397079347675023e-03
1 2.702051464380458e-03
4 2.601152072425257e-03
4 2.612781950244905e-03
4 3.171825841602549e-06
4 5.010697692431218e-06
4 2.834457520864185e-04
4 4.060839259461218e-04
4 1.762598044791475e-03
4 1.338844130796795e-03
4 1.204875732027088e-03
4 1.052669666129454e-03
4 1.794236698966214e-03
4 3.243831360418021e-03
4 3.491637972409810e-03
4 2.182609305211596e-03
4 2.242721066822638e-03
4 2.195229374388365e-03
4 2.236702387104781e-03
4 2.238313611130313e-03
4 2.254071870552268e-03
4 2.360527652405640e-03
4 1.666246685063990e-06
4 1.233777279905219e-05
4 1.023762092654628e-05
4 8.557049339034457e-04
4 1.620343040470826e-03
4 6.778637893261688e-04
4 1.706729712814682e-03
4 1.924836796654034e-03
4 1.649878038823612e-03
4 1.923492787255972e-03
4 1.872438691530136e-03
4 1.869388709687903e-03
4 5.010697692431212e-06
4 3.171825841602554e-06
4 4.060839259461224e-04
4 2.834457520864194e-04
4 1.204875732027088e-03
4 1.052669666129454e-03
4 1.338844130796788e-03
4 1.762598044791478e-03
4 2.182609305211596e-03
4 3.491637972409800e-03
4 3.243831360418011e-03
4 1.794236698966214e-03
4 2.360527652405640e-03
4 2.254071870552268e-03
4 2.238313611130313e-03
4 2.236702387104781e-03
4 2.195229374388364e-03
4 2.242721066822638e-03
4 2.087144767286794e-05
4 7.807726652264223e-05
4 9.126778537436472e-04
4 1.027928877232446e-03
4 4.750507196706397e-04
4 1.416086716376940e-03
4 1.999262148469772e-03
4 1.992024900768688e-03
4 1.939904159366941e-03
4 2.001742225142605e-03
4 1.292122423825750e-03
4 2.493408499666830e-03
4 3.192635763712882e-03
4 1.625136889549646e-03
4 2.197808973147427e-03
4 2.513576804248321e-03
4 2.196863188770477e-03
4 2.356487023361105e-03
4 2.360864552142077e-03
4 2.386520329679416e-03
4 2.386702576208361e-03
1 2.522409957040052e-03
4 2.365622089811609e-03
4 2.487997297797363e-03
4 2.471799908654085e-03
4 2.480739086192169e-03
4 1.619691996897598e-04
4 3.585375566180032e-04
4 1.578399037834848e-03
4 1.756219245580609e-03
4 1.054653621352800e-03
4 1.526779068079139e-03
4 3.700456510732092e-03
4 4.401306785177080e-03
4 2.364877585553378e-03
4 2.579872506027538e-03
4 2.609198024357282e-03
4 2.722947492901006e-03
4 3.082057411005537e-03
4 3.036217933431095e-03
4 3.028959417406365e-03
4 3.073231668307280e-03
4 2.699983218048619e-03
4 2.897596421814069e-03
4 3.140542069264491e-03
4 3.117923646099691e-03
4 3.131560313740433e-03
4 3.138613847222764e-03
4 2.861219989633981e-03
4 2.976453016673647e-03
4 2.813267479699855e-03
4 2.799586131850871e-03
1 3.023907401580395e-03
4 2.936566625028910e-03
1 3.118309362986316e-03
4 3.074314487495603e-03
5 1.160246889932092e-04
5 1.160246889932076e-04
5 9.281975119456735e-04
5 9.281975119456610e-04
5 3.132666602816647e-03
5 3.132666602816594e-03
6 2.615464373908707e-03
6 4.378244362784273e-03
6 4.378244362784270e-03
6 2.615464373907374e-03
6 3.852950326824479e-03
6 6.955338597822503e-03
6 6.955338597822511e-03
6 3.852950326824489e-03
6 4.398211792613961e-03
6 4.206420284937090e-03
6 4.122106428161118e-03
6 4.122106428161112e-03
6 4.206420284937096e-03
6 4.398211792613954e-03
6 4.478608545184640e-03
6 4.459827463749004e-03
6 4.349054053617640e-03
6 4.248097350628971e-03
6 4.211643361681719e-03
6 4.236102014044275e-03
6 4.236102014044275e-03
6 4.211643361681719e-03
6 4.248097350628971e-03
6 4.349054053617640e-03
6 4.459827463749005e-03
6 4.478608545184640e-03
2 1.299167061147691e-02
2 1.299167061147694e-02
2 1.299167061147691e-02
2 1.299167061147694e-02
5 1.868454642006995e-04
5 2.262565935184029e-04
5 1.494763713605596e-03
5 1.810052748147222e-03
5 5.044827533418872e-03
6 6.005826674877320e-03
6 3.856978670428266e-03
6 1.344057748466589e-03
6 4.190924206989540e-03
6 3.835257951613803e-03
6 2.670323131727960e-03
6 4.360335518253484e-03
6 3.583103252163239e-03
6 3.036506920801436e-03
6 5.033863376807723e-03
6 4.827956159235734e-03
6 3.905595272574082e-03
6 5.179732554885811e-03
6 4.559101230854339e-03
6 4.165071073574479e-03
6 5.180575879366285e-03
6 5.010327542608132e-03
6 4.420298678382954e-03
6 5.327169878611456e-03
6 4.935803122943400e-03
6 4.627302524446954e-03
6 5.189652843019963e-03
6 5.021421242893488e-03
6 4.483837468003802e-03
6 4.489740684548212e-03
6 5.336051736020658e-03
6 5.057504346370399e-03
6 4.908650425860765e-03
6 4.787932566112952e-03
6 4.582938367601166e-03
2 1.469786452706344e-02
2 1.500456620339011e-02
2 1.469786452706344e-02
2 1.500456620339011e-02
4 1.813701230575875e-04
4 7.449543298245798e-05
4 3.786703267665205e-05
4 8.215379379953411e-04
4 2.096826776140053e-03
4 1.540994794478828e-03
4 2.506693381260973e-03
4 2.667070650274863e-03
4 2.762906346877287e-03
4 1.943241117081501e-03
4 2.313555280437163e-03
4 2.751479670542904e-03
4 3.485044135705264e-03
4 3.554028163457321e-03
4 3.605169051542811e-03
4 3.231425184852298e-03
4 3.385422966512929e-03
4 3.547811614789471e-03
4 3.602862311318526e-03
4 3.602223624507222e-03
4 3.677317110032410e-03
4 3.644504240149902e-03
4 3.774099660534129e-03
4 3.666445287725290e-03
4 3.395762800807562e-03
4 3.406626656243036e-03
4 3.597840166145923e-03
4 3.463333051296779e-03
4 3.596102480493032e-03
4 6.299614537628573e-05
4 1.658210989272418e-04
4 6.724193235259607e-04
4 6.299614537628571e-05
4 1.142997252271933e-03
4 2.695454080817926e-03
4 1.875350853833223e-03
4 1.875350853861005e-03
4 1.142997252271931e-03
4 2.455076609674567e-03
4 2.443268615273328e-03
4 2.881197487858454e-03
4 2.842374049865570e-03
4 2.518580750384324e-03
4 2.881197487855523e-03
4 2.842374049854155e-03
4 2.518580750366079e-03
4 2.731762129457563e-03
4 2.731762129457549e-03
4 2.455076609674359e-03
4 2.443268615273114e-03
4 2.692984524672712e-03
4 2.748766306835146e-03
4 2.748766306835148e-03
4 2.865753917446161e-03
4 2.865753917446224e-03
4 2.692984524672746e-03
4 5.873436206615521e-06
4 3.675818942632489e-06
4 5.613276928866076e-04
4 3.979455925640404e-04
4 1.968165175024639e-03
4 1.855311779034531e-03
4 1.113280556242909e-03
4 2.014054610455119e-03
4 1.774583998322801e-03
4 1.157271131052316e-03
4 2.021643555530133e-03
4 2.123606868337514e-03
4 1.883262532637841e-03
4 7.147199597487053e-04
4 2.238077852569968e-03
4 2.212928516728681e-03
4 2.116264027605482e-03
4 2.067220158980987e-03
4 2.090979865767531e-03
4 1.893458315949201e-03
4 2.388843043073080e-03
4 2.378768017128154e-03
4 2.339971355206150e-03
4 2.319777700322856e-03
4 2.332462537470632e-03
4 2.267369638660181e-03
4 4.014811109782254e-06
4 1.989415016128188e-07
4 2.476946014513136e-04
4 9.956596096609941e-04
4 2.542271644793823e-04
4 1.095109112189297e-03
4 1.497004071936405e-03
4 1.926541656327610e-03
4 1.383815123943276e-03
4 7.891487187141219e-04
4 2.053303003042635e-03
4 2.344049099876852e-03
4 2.718558811627987e-03
4 1.624487277316996e-03
4 2.323545311060006e-03
4 2.158838771642278e-03
4 2.133558715552045e-03
4 2.192081163836449e-03
4 2.570159837322083e-03
4 2.714730475207516e-03
4 2.888183257526809e-03
4 2.381236057550604e-03
4 2.597078307126992e-03
4 2.579810551623253e-03
4 2.652118704801362e-03
4 2.772175835408715e-03
4 2.902004116123749e-03
4 2.497931394082816e-03
4 2.624406488637546e-03
4 2.610931543143466e-03
4 2.476699496552136e-06
4 1.737074570285427e-07
4 1.925929309697514e-04
4 4.499685143955779e-04
4 1.710988657548811e-04
4 9.655796039180035e-04
4 2.116272446761375e-03
4 1.342206981859787e-03
4 1.951722498017989e-03
4 4.162947094354355e-03
4 1.244752404747483e-03
4 1.846077321834892e-03
4 1.966956699762756e-03
4 2.784356460465586e-03
4 1.817452039360401e-03
4 1.857859170709892e-03
4 1.647237460684412e-03
4 2.520399637741476e-03
4 2.503358068211294e-03
4 2.685696842391391e-03
4 2.218723786422523e-03
4 2.493792534483167e-03
4 2.446793504928192e-03
4 2.612781950244905e-03
4 2.601152072425257e-03
1 2.702051464380459e-03
4 2.397079347300849e-03
4 2.531171187163964e-03
1 2.481731462896917e-03
4 1.191805627830747e-05
4 1.129014929367314e-05
4 3.105089706941176e-04
4 8.280489398966897e-04
4 9.122182092224088e-04
4 1.448546104556758e-03
4 3.095712033333263e-03
4 2.858072685441622e-03
4 1.069058310703913e-03
4 2.508730253756201e-03
4 2.576634456470629e-03
4 2.587128850727588e-03
4 2.863386419651768e-03
4 2.400903228558579e-03
4 2.573111234947014e-03
4 2.794206316977252e-03
4 2.330949102375346e-03
4 2.197601722725856e-03
4 2.773573771894698e-03
4 2.843747315433541e-03
4 2.768476304827536e-03
4 2.822647154866647e-03
4 2.724246629016446e-03
4 2.658436892541664e-03
4 3.786703267665179e-05
4 7.449543298275928e-05
4 1.813701282167274e-04
4 1.540994794505133e-03
4 2.096826776140046e-03
4 8.215379379909306e-04
4 2.751479670542903e-03
4 2.313555280437160e-03
4 1.943241117081503e-03
4 2.762906346877290e-03
4 2.667070650274863e-03
4 2.506693381260792e-03
4 3.547811614789470e-03
4 3.385422966512926e-03
4 3.231425184852300e-03
4 3.605169051542807e-03
4 3.554028163457319e-03
4 3.485044135705273e-03
4 3.596102480493032e-03
4 3.463333051296779e-03
4 3.597840166145923e-03
4 3.406626656243035e-03
4 3.395762800807563e-03
4 3.666445287725290e-03
4 3.774099660534129e-03
4 3.644504240149902e-03
4 3.677317110032410e-03
4 3.602223624507222e-03
4 3.602862311318526e-03
5 2.930978670118546e-04
5 2.930978670118526e-04
5 2.344782936094837e-03
5 2.344782936094821e-03
6 2.585735559780742e-03
6 3.968489364445243e-03
6 4.666353539099607e-03
6 4.666353539099620e-03
6 2.585735559780741e-03
6 3.968489364445243e-03
6 4.988704883009087e-03
6 9.027913572972111e-03
6 9.027913572972108e-03
6 4.988704883009087e-03
6 5.595416686840307e-03
6 5.410074089487833e-03
6 5.181534177272085e-03
6 5.410074089487826e-03
6 5.181534177252122e-03
6 5.595416686840307e-03
6 5.694086056481482e-03
3 5.419882491667654e-03
6 5.297129859681541e-03
3 5.419882491667666e-03
6 5.297129859681515e-03
6 5.694086056481482e-03
6 5.700038236797332e-03
3 5.419882491667654e-03
6 5.303411228582214e-03
3 5.419882491667666e-03
6 5.303411228582158e-03
6 5.700038236797332e-03
2 1.642333216329006e-02
2 1.642333216329000e-02
2 1.642333216329006e-02
2 1.642333216329000e-02
5 7.916846284614614e-04
5 3.258896077536663e-03
5 3.258896077536662e-03
5 7.916846284614625e-04
5 2.629923281516921e-03
5 9.757381123779676e-03
5 9.757381123779732e-03
5 2.629923281516924e-03
5 4.709493110673032e-03
6 6.360928381882460e-03
6 1.051321915052021e-02
6 7.039949623736048e-03
6 7.039949623736186e-03
6 1.051321915052023e-02
6 6.360928381882408e-03
5 4.709493110672992e-03
6 6.226214605958505e-03
6 7.869431718026447e-03
6 8.706384546223984e-03
6 8.706384546223985e-03
6 7.869431718026440e-03
6 6.226214605958429e-03
6 6.752599456810796e-03
6 8.154642816650440e-03
6 8.936627795862750e-03
6 8.936627795862750e-03
6 8.154642816650440e-03
6 6.752599456810796e-03
6 6.845626376011824e-03
6 8.202454886324571e-03
6 8.980651502969391e-03
6 8.980651502969391e-03
6 8.202454886324571e-03
6 6.845626376011824e-03
6 6.851447601254599e-03
6 8.205394800259540e-03
6 8.983504556559843e-03
6 8.983504556559843e-03
6 8.205394800259540e-03
6 6.851447601254599e-03
2 6.851447697904604e-03
2 1.718889956589960e-02
2 1.718889956589972e-02
2 6.851447697904633e-03
2 6.851447697904604e-03
2 1.718889956589960e-02
2 1.718889956589972e-02
2 6.851447697904633e-03
5 2.262565935184032e-04
5 1.868454642006992e-04
5 1.810052748147225e-03
5 1.494763713605593e-03
6 1.344057748466590e-03
6 6.005826674877368e-03
6 3.856978670428239e-03
5 5.044827533418867e-03
6 3.036506920801436e-03
6 3.583103252163239e-03
6 4.360335518253484e-03
6 2.670323131727961e-03
6 3.835257951613803e-03
6 4.190924206989540e-03
6 4.165071073574479e-03
6 4.559101230854339e-03
6 5.179732554885812e-03
6 3.905595272574083e-03
6 4.827956159235734e-03
6 5.033863376807723e-03
6 4.627302524446954e-03
6 4.935803122943400e-03
6 5.327169878611455e-03
6 4.420298678382954e-03
6 5.010327542608132e-03
6 5.180575879366285e-03
6 4.787932566112952e-03
6 4.582938367601166e-03
6 5.057504346370399e-03
6 4.908650425860764e-03
6 5.336051736020658e-03
6 4.483837468003802e-03
6 4.489740684548212e-03
6 5.021421242893487e-03
6 5.189652843019963e-03
2 1.500456620339011e-02
2 1.469786452706343e-02
2 1.500456620339011e-02
2 1.469786452706343e-02
4 8.070167278165093e-05
4 4.190582307052650e-04
4 9.033520265039006e-04
4 1.057903399170186e-04
4 7.468260288687299e-04
4 2.813204016806141e-03
4 1.835865841152101e-03
4 2.365631418055012e-03
4 9.993193960861888e-04
4 1.885775255131230e-03
4 2.579401528772824e-03
4 2.579527112615593e-03
4 2.886279705056493e-03
4 3.220199347263654e-03
4 2.294110086551319e-03
4 2.772606102725898e-03
4 2.734302729162091e-03
4 3.083064445172222e-03
4 3.087043492803287e-03
4 3.263720194113162e-03
4 3.447749407672347e-03
4 2.938481880410363e-03
4 2.931235010798311e-03
4 3.178022066134227e-03
4 3.176113029152803e-03
4 3.321911844810269e-03
4 3.486129197221899e-03
4 3.050406725795691e-03
4 1.543300683207962e-06
4 3.540486406165442e-05
4 4.040928022906899e-05
4 5.598968022458241e-06
4 3.540486406165446e-05
4 4.040928022906892e-05
4 1.543300683207962e-06
4 5.598968022458230e-06
4 7.739217315571917e-04
4 1.405988156388393e-03
4 1.405988156388396e-03
4 2.625394947749636e-03
4 7.739217315571909e-04
4 1.949043600765879e-03
4 2.076910913035732e-03
4 2.076910913035742e-03
4 2.070885071137372e-03
4 2.070885069712327e-03
4 1.949043602744829e-03
4 1.678351603830732e-06
4 1.678351603841700e-06
4 1.705015976635120e-04
4 8.383879602269352e-04
4 6.663088246215024e-04
4 6.663088246215017e-04
4 8.383879602269314e-04
4 1.705015976635117e-04
4 1.154304500624034e-03
4 1.625423002970999e-03
4 1.597673313779835e-03
4 1.597673313779837e-03
4 1.625423002971002e-03
4 1.154304500624032e-03
4 2.037646930838225e-03
4 2.149345675791741e-03
4 2.142605825918707e-03
4 2.142605825918705e-03
4 2.149345675791742e-03
4 2.037646930838233e-03
4 1.414235849193019e-06
4 1.414235849193016e-06
4 5.632932062042854e-04
4 5.632932062042832e-04
4 1.065035487933377e-03
4 2.438707998506707e-03
4 2.438707998506703e-03
4 1.065035487933377e-03
4 2.017200848627410e-03
4 2.060633519216693e-03
4 2.072618260389853e-03
4 2.072618260389853e-03
4 2.060633519216693e-03
4 2.017200848627410e-03
4 5.562790296910597e-04
4 1.025937100418423e-03
4 1.811362312207854e-03
4 1.910010535195234e-03
4 1.793494879198363e-03
4 1.956891311643982e-03
4 1.886852619556661e-03
4 1.892248272560871e-03
4 1.188456883879957e-03
4 2.662891431082666e-03
4 2.662891431082666e-03
4 1.188456883879957e-03
4 1.860292444315447e-03
4 1.866114591722129e-03
1 1.883533793468562e-03
4 1.866114591722129e-03
1 1.883533793468561e-03
4 1.860292444315447e-03
4 8.625636355334868e-04
4 1.624775040306325e-03
4 9.433653379018629e-04
4 8.625636352910528e-04
4 1.832389798686177e-03
4 1.834558463156830e-03
1 1.830564236025347e-03
4 1.814874051790564e-03
1 1.810974978192159e-03
4 1.832389798686177e-03
4 1.062745771927214e-03
4 1.475374042296736e-03
4 1.731434331856697e-03
4 1.731434331856697e-03
4 1.475374042296736e-03
4 1.062745771927214e-03
4 1.025937100261309e-03
4 5.562790296910232e-04
4 1.892248272560864e-03
4 1.886852619556661e-03
4 1.956891311643985e-03
4 1.793494879198366e-03
4 1.910010535195225e-03
4 1.811362312207845e-03
