5 1.714657954749876e-02
5 9.502675585875800e-03
5 1.231666511942092e-02
5 1.231666511942092e-02
5 1.714657954749876e-02
5 9.502675585875801e-03
5 2.275129121832126e-02
5 1.438521377384955e-02
5 1.763990887928159e-02
5 1.763990887928159e-02
5 2.275129121832126e-02
5 1.438521377384956e-02
6 2.260044542052475e-02
6 2.477127381523449e-02
5 1.619478622723370e-02
5 1.899238692440105e-02
5 1.899238692440105e-02
6 2.260044542052476e-02
6 2.477127381523448e-02
5 1.619478622723370e-02
2 2.341811562507590e-02
6 1.647778885767372e-02
6 1.911954623527992e-02
6 1.911954623527992e-02
2 2.341811562507590e-02
6 1.647778885767372e-02
2 2.341811562507590e-02
2 1.648112486327698e-02
2 1.912140956900258e-02
2 1.912140956900258e-02
2 2.341811562507590e-02
2 1.648112486327698e-02
2 2.341811562507590e-02
2 1.648112486327698e-02
2 1.912140956900258e-02
2 1.912140956900258e-02
2 2.341811562507590e-02
2 1.648112486327698e-02
5 1.298584773271423e-03
5 3.598879609270921e-03
5 3.598879609270907e-03
5 1.298584773271407e-03
5 4.102232995266510e-03
5 1.080620756177402e-02
5 1.080620756177403e-02
5 4.102232995266679e-03
5 6.772785519256544e-03
6 9.255268279602756e-03
6 8.697699236217585e-03
6 7.275880558817006e-03
6 7.275880558816903e-03
6 8.697699236217710e-03
6 9.255268279602939e-03
5 6.772785519257457e-03
6 7.983432621925567e-03
6 1.008609598227403e-02
6 7.927780044210788e-03
6 7.927780044210870e-03
6 1.008609598227403e-02
6 7.983432621925558e-03
6 8.157993577931743e-03
3 1.009178578339228e-02
6 8.105760041669770e-03
6 8.105760041669770e-03
3 1.009178578339212e-02
6 8.157993577931743e-03
2 8.162373248441383e-03
2 1.820194350102127e-02
2 1.820194350102116e-02
2 8.162373248441391e-03
2 8.162373248441383e-03
2 1.820194350102127e-02
2 1.820194350102116e-02
2 8.162373248441391e-03
5 2.419368378184143e-04
5 2.111906012243952e-04
5 1.935494702547314e-03
5 1.689524809795161e-03
6 1.570776629081829e-03
6 4.636880275783268e-03
6 5.013714376901364e-03
5 5.702146233058649e-03
6 2.953005125257400e-03
6 4.707280225246007e-03
6 4.374138823855205e-03
6 3.127694827276283e-03
6 5.028317685349945e-03
6 3.776003504019263e-03
6 4.261157324946451e-03
6 5.381065202715178e-03
6 5.176411059594746e-03
6 4.371236634547951e-03
6 5.538505302638178e-03
6 4.783608597168454e-03
6 4.621729067710608e-03
6 5.497874747902828e-03
6 5.326896148109352e-03
6 4.696049921438821e-03
3 5.550208907678337e-03
6 4.982074118200615e-03
6 4.644025999597979e-03
6 5.505098343925471e-03
6 5.336135241743187e-03
6 4.714282783071656e-03
3 5.550208907678337e-03
6 4.994593805135871e-03
2 1.548526021468988e-02
2 1.525908598141623e-02
2 1.548526021468988e-02
2 1.525908598141623e-02
5 8.311480823202736e-05
5 8.311480823202683e-05
5 6.649184658562189e-04
5 6.649184658562146e-04
5 2.244099822264752e-03
5 2.244099822264745e-03
6 1.940774382618564e-03
6 3.362440663764300e-03
6 3.362440663764295e-03
6 1.940774382618594e-03
6 3.191127216198898e-03
6 5.767027174181049e-03
6 5.767027174181102e-03
6 3.191127216198894e-03
6 3.882925709319088e-03
6 3.734626862526672e-03
6 3.628419081718312e-03
6 3.628419081718273e-03
6 3.734626862526643e-03
6 3.882925709319082e-03
6 4.087235194623889e-03
6 3.982123120738242e-03
6 3.899977370084012e-03
6 3.899977370084047e-03
6 3.982123120738216e-03
6 4.087235194623848e-03
6 4.103204222779685e-03
6 4.002269981505059e-03
6 3.921134833270298e-03
6 3.921134833270298e-03
6 4.002269981505059e-03
6 4.103204222779685e-03
2 1.202662757381041e-02
2 1.202662757381041e-02
2 1.202662757381041e-02
2 1.202662757381041e-02
5 6.250958349546781e-05
5 6.250958349546816e-05
5 5.000766679637425e-04
5 5.000766679637452e-04
5 1.687758754377640e-03
5 1.687758754377642e-03
6 1.735015697534249e-03
6 2.263680784103332e-03
6 2.263680784103337e-03
6 1.735015697534249e-03
6 2.995299353533637e-03
6 4.237627326884250e-03
6 4.237627326884241e-03
6 2.995299353533637e-03
6 3.757747173134957e-03
6 6.194156870909602e-03
6 6.194156870909582e-03
6 3.757747173134957e-03
6 3.987193751391453e-03
6 3.556355922705041e-03
6 3.693022468742353e-03
6 3.673402690904864e-03
6 3.567926345073387e-03
6 3.675695618876151e-03
6 3.667687192114512e-03
6 3.567926345073387e-03
6 3.675695618876151e-03
6 3.667687192114512e-03
6 3.556355922705041e-03
6 3.693022468742353e-03
6 3.673402690904864e-03
6 3.987193751391453e-03
6 4.004132367643107e-03
3 3.676128778302831e-03
6 3.565278859711077e-03
3 3.676128778302832e-03
6 3.565278859711086e-03
6 4.004132367643107e-03
2 1.124555894054771e-02
2 1.124555894054770e-02
2 1.124555894054771e-02
2 1.124555894054770e-02
5 8.285146330043595e-05
5 8.285146330043619e-05
5 6.628117064034876e-04
5 6.628117064034895e-04
5 2.236989509111780e-03
5 2.236989509111794e-03
6 2.461006928647268e-03
6 2.838441556212399e-03
6 2.838441556212400e-03
6 2.461006928701691e-03
6 3.975790997013513e-03
6 5.275663355731169e-03
6 5.275663355731154e-03
6 3.975790997013518e-03
6 4.407008296755045e-03
6 3.654492898619461e-03
6 3.636169700859219e-03
6 3.636169700859201e-03
6 3.654492898619466e-03
6 4.407008296755045e-03
6 4.432945163027185e-03
6 3.844050000547923e-03
6 3.885904213152815e-03
6 3.866701801827995e-03
6 3.837780662420613e-03
6 3.837780662420613e-03
6 3.866701801827995e-03
6 3.885904213152815e-03
6 3.844050000547923e-03
6 4.432945163027185e-03
2 1.215017376189748e-02
2 1.215017376189742e-02
2 1.215017376189748e-02
2 1.215017376189742e-02
5 2.111906012243946e-04
5 2.419368378184147e-04
5 1.689524809795157e-03
5 1.935494702547318e-03
5 5.702146233058629e-03
6 4.636880275783299e-03
6 5.013714376901366e-03
6 1.570776629081829e-03
6 3.776003504019263e-03
6 5.028317685349945e-03
6 3.127694827276283e-03
6 4.374138823855205e-03
6 4.707280225246007e-03
6 2.953005125257400e-03
6 4.783608597168454e-03
6 5.538505302638178e-03
6 4.371236634547951e-03
6 5.176411059594746e-03
6 5.381065202715178e-03
6 4.261157324946451e-03
6 4.982074118200615e-03
3 5.550208907678337e-03
6 4.696049921438821e-03
6 5.326896148109352e-03
6 5.497874747902828e-03
6 4.621729067710608e-03
6 4.994593805135871e-03
3 5.550208907678337e-03
6 4.714282783071656e-03
6 5.336135241743187e-03
6 5.505098343925471e-03
6 4.644025999597979e-03
2 1.525908598141617e-02
2 1.548526021468983e-02
2 1.525908598141617e-02
2 1.548526021468983e-02
5 2.096611409463972e-03
5 3.466425452080675e-03
5 3.466425452080691e-03
5 2.096611409431702e-03
5 6.190945324135234e-03
5 1.064996783543849e-02
5 1.064996783543844e-02
5 6.190945324394140e-03
6 8.841475247844630e-03
6 9.404810639411723e-03
5 1.672702619074729e-02
5 1.672702619074714e-02
6 9.404810639411728e-03
6 8.841475247844585e-03
6 9.658346051655688e-03
6 9.339264415900841e-03
6 8.902845428352730e-03
6 8.902845428352730e-03
6 9.339264415900841e-03
6 9.658346051655688e-03
6 9.685233244046123e-03
3 9.344952265583755e-03
6 8.932410616506214e-03
6 8.932410616506214e-03
3 9.344952265583770e-03
6 9.685233244046123e-03
2 9.685233244054230e-03
2 1.827736288209078e-02
2 1.827736288209083e-02
2 9.685233244040281e-03
2 9.685233244054230e-03
2 1.827736288209078e-02
2 1.827736288209083e-02
2 9.685233244040281e-03
4 6.461906132138852e-05
4 4.307406689028496e-04
4 3.781698286810061e-04
4 9.677344623080325e-05
4 8.096379794758402e-05
4 2.864796306611196e-04
4 2.879464284852729e-04
4 2.485700213385713e-05
4 1.390354705333287e-03
4 2.361835173237474e-03
4 1.755959087807340e-03
4 1.731662424078805e-03
4 8.681456346576177e-04
4 2.104804113095681e-03
4 2.105949567028764e-03
4 2.054634153373764e-03
4 2.179556532650597e-03
4 2.170981909439093e-03
4 2.035212618094404e-03
4 1.023762148479731e-05
4 1.233777911100428e-05
4 1.666246685064045e-06
4 6.778637893261578e-04
4 1.620343040470833e-03
4 8.557049339034748e-04
4 1.869388679592973e-03
4 1.872438691299959e-03
4 1.923492787298322e-03
4 1.649877898688788e-03
4 1.924836760479852e-03
4 1.706729540569888e-03
4 2.654648838543069e-05
4 1.567452246744440e-05
4 1.672457253880118e-04
4 2.224504348757802e-04
4 2.654648838543066e-05
4 1.672457253880105e-04
4 2.224504348757796e-04
4 1.567452246744437e-05
4 8.042086007890638e-04
4 1.996157558520080e-03
4 1.996157558520083e-03
4 8.042086007890638e-04
4 1.908463101313985e-03
4 1.939056933966019e-03
4 1.950628600614521e-03
4 1.950628600614522e-03
4 1.939056933966019e-03
4 1.908463101313985e-03
4 3.675818942632464e-06
4 5.873436206619003e-06
4 3.979455925647043e-04
4 5.613276928865659e-04
4 7.147199596332562e-04
4 1.883262531438417e-03
4 2.123606868354496e-03
4 2.021643560681816e-03
4 1.157271161535803e-03
4 1.774583980093565e-03
4 2.014054581892781e-03
4 1.113280558592157e-03
4 1.855311782020839e-03
4 1.968165117005493e-03
4 1.893458315948264e-03
4 2.090979865767346e-03
4 2.067220158979902e-03
4 2.116264027605330e-03
4 2.212928516728638e-03
4 2.238077852569666e-03
4 2.267369630131946e-03
4 2.332462530075449e-03
4 2.319777699753644e-03
4 2.339971348574971e-03
4 2.378768015243323e-03
4 2.388843041181807e-03
4 1.129014924836088e-05
4 1.191806028835899e-05
4 9.122182092208250e-04
4 8.280489398946214e-04
4 3.105089706928051e-04
4 1.069058310704109e-03
4 2.858072685440456e-03
4 3.095712033331345e-03
4 1.448546104556691e-03
4 2.197601722725858e-03
4 2.330949110155067e-03
4 2.573111229153674e-03
4 2.794206309316270e-03
4 2.400903235627388e-03
4 2.587128845303511e-03
4 2.863386412308768e-03
4 2.508730253432951e-03
4 2.576634455391723e-03
4 2.658436892549489e-03
4 2.724246629015331e-03
4 2.822647154864713e-03
4 2.768476304826795e-03
4 2.843747315431834e-03
4 2.773573771892700e-03
4 1.057903399168886e-04
4 9.033520233372870e-04
4 4.190582306022424e-04
4 8.070167278164811e-05
4 9.993193960868107e-04
4 2.365631418024963e-03
4 1.835865841037970e-03
4 2.813204016788385e-03
4 7.468260288687322e-04
4 2.294110088522219e-03
4 3.220199347219533e-03
4 2.886279705056516e-03
4 2.579527112615587e-03
4 2.579401528772738e-03
4 1.885775255131221e-03
4 2.938481880410167e-03
4 3.447749407672319e-03
4 3.263720194113212e-03
4 3.087043492803276e-03
4 3.083064445172228e-03
4 2.734302726938161e-03
4 2.772606098461711e-03
4 3.050406725792788e-03
4 3.486129197221736e-03
4 3.321911844809002e-03
4 3.176113029149691e-03
4 3.178022066127738e-03
4 2.931235010789962e-03
4 3.585375571359549e-04
4 1.619691996897311e-04
4 1.054653621265743e-03
4 1.756219246001554e-03
4 1.578399037835458e-03
4 2.364877588232122e-03
4 4.401306785177013e-03
4 3.700456510732554e-03
4 1.526779068079357e-03
4 2.976453016673448e-03
4 3.131560313368263e-03
4 3.138613846115967e-03
4 2.861219984293264e-03
4 2.897596416503299e-03
4 3.140542069120736e-03
4 3.117923646073170e-03
4 3.028959416652089e-03
4 3.073231667180667e-03
4 2.699983211470181e-03
4 2.722947486101883e-03
4 3.082057410863133e-03
4 3.036217933394579e-03
4 2.579872503032197e-03
4 2.609198017858042e-03
4 3.074314487493043e-03
1 3.118309362986254e-03
4 2.936566625021951e-03
1 3.023907401580330e-03
4 2.799586131844213e-03
4 2.813267479691680e-03
4 3.794190073111276e-04
4 3.794190073111285e-04
4 1.924017817727295e-03
4 1.882168594793945e-03
4 1.392281191476464e-03
4 2.635089976858399e-03
4 1.982518818190259e-03
4 2.153634247253784e-03
4 1.487823583105304e-03
4 1.487823583105304e-03
4 2.153634247253781e-03
4 1.982518818190267e-03
4 2.635089976858399e-03
4 1.392281191476187e-03
4 1.882168594793945e-03
4 1.924017817727297e-03
4 2.473992859143623e-03
4 2.329392100542196e-03
4 2.363155888904368e-03
4 2.363155888904372e-03
4 2.329392100542206e-03
4 2.473992859143623e-03
4 3.745894640674507e-04
4 3.745894640674494e-04
4 1.477290401916736e-03
4 2.494175970644081e-03
4 2.494175970644081e-03
4 1.477290401916736e-03
4 1.908737179923534e-03
4 1.886230956880700e-03
1 1.895368256049219e-03
4 1.886230956880701e-03
1 1.895368256049219e-03
4 1.908737179923534e-03
4 6.378192958353703e-04
4 6.378192958347089e-04
4 1.547486359237369e-03
4 1.809922954990009e-03
4 1.699380809873768e-03
4 1.699380809873766e-03
4 1.809922954990000e-03
4 1.547486359237367e-03
4 1.920871482920616e-03
4 1.963840770907261e-03
4 1.947035423395172e-03
4 1.947035423395172e-03
4 1.963840770907261e-03
4 1.920871482920616e-03
4 8.096379794758418e-05
4 2.485700213385713e-05
4 2.864796306611201e-04
4 2.879464284852743e-04
4 4.307406689028503e-04
4 3.781698286810043e-04
4 6.461906132138848e-05
4 9.677344623080265e-05
4 8.681456346576175e-04
4 1.731662424078804e-03
4 1.755959087807340e-03
4 2.361835173237489e-03
4 1.390354705333287e-03
4 2.035212618094404e-03
4 2.170981909439093e-03
4 2.179556532650597e-03
4 2.054634153373764e-03
4 2.105949567028765e-03
4 2.104804113095681e-03
4 7.807726652109648e-05
4 2.087144767286789e-05
4 4.750507187745368e-04
4 1.027928874057732e-03
4 9.126778537432562e-04
4 1.625136889555208e-03
4 3.192635763713142e-03
4 2.493408499859739e-03
4 1.292122431785084e-03
4 2.001742224525273e-03
4 1.939904156864378e-03
4 1.992024900376490e-03
4 1.999262176590287e-03
4 1.416086717027506e-03
4 2.386520329677731e-03
4 2.360864552142644e-03
4 2.356487023365199e-03
4 2.196863188764367e-03
4 2.513576804247733e-03
4 2.197808973147363e-03
4 2.480739086182387e-03
4 2.471799908642201e-03
4 2.487997293775595e-03
4 2.365622089796758e-03
1 2.522409957040052e-03
4 2.386702572303006e-03
4 1.989415016118576e-07
4 4.014808598984535e-06
4 2.542271644794212e-04
4 9.956596096671714e-04
4 2.476946014537235e-04
4 7.891487178883649e-04
4 1.383815122657631e-03
4 1.926541657656145e-03
4 1.497004072042501e-03
4 1.095109112189290e-03
4 2.133558710350343e-03
4 2.192081169293936e-03
4 2.323545298923494e-03
4 2.158838749465572e-03
4 1.624487322821178e-03
4 2.718558811616261e-03
4 2.344049099876911e-03
4 2.053303003042618e-03
4 2.579810551620540e-03
4 2.597078307124775e-03
4 2.381236057543582e-03
4 2.888183257526116e-03
4 2.714730475207483e-03
4 2.570159837317062e-03
4 2.610931543143466e-03
4 2.624406488637552e-03
4 2.497931391390244e-03
4 2.902004116123754e-03
4 2.772175828383565e-03
4 2.652118697122980e-03
4 1.737074570285441e-07
4 2.476700717084196e-06
4 1.710988657548810e-04
4 4.499685143914209e-04
4 1.925929309703538e-04
4 1.342206981859786e-03
4 2.116272446761382e-03
4 9.655796039179772e-04
4 1.647237990006634e-03
4 1.857859132945569e-03
4 1.817451951070606e-03
4 2.784356965959701e-03
4 1.966956712925501e-03
4 1.846077151457219e-03
4 1.244752783707995e-03
4 4.162947094354246e-03
4 1.951722498018238e-03
4 2.493792534471764e-03
4 2.446793505132498e-03
4 2.218723786373399e-03
4 2.685696842414231e-03
4 2.503358068207017e-03
4 2.520399637737143e-03
4 2.531171187163958e-03
1 2.481731462896921e-03
4 2.397079345416768e-03
1 2.702051464380469e-03
4 2.601152066646956e-03
4 2.612781944570135e-03
4 3.171825841602555e-06
4 5.010697692433342e-06
4 2.834457520864194e-04
4 4.060839259460820e-04
4 1.762598044791497e-03
4 1.338844121198528e-03
4 1.204875747238735e-03
4 1.052669679294984e-03
4 1.794236698908945e-03
4 3.243831360431247e-03
4 3.491637972400284e-03
4 2.182609305211078e-03
4 2.242721058778400e-03
4 2.195229319028136e-03
4 2.236702374874883e-03
4 2.238313576422044e-03
4 2.254071859267352e-03
4 2.360527651759112e-03
4 1.666246685064035e-06
4 1.233777903833857e-05
4 1.023762143516912e-05
4 8.557049339034769e-04
4 1.620343040470840e-03
4 6.778637893261591e-04
4 1.706729540569895e-03
4 1.924836760479845e-03
4 1.649877898688788e-03
4 1.923492787298333e-03
4 1.872438691299955e-03
4 1.869388679592962e-03
4 5.010697692433348e-06
4 3.171825841602555e-06
4 4.060839259460820e-04
4 2.834457520864200e-04
4 1.204875747238735e-03
4 1.052669679294984e-03
4 1.338844121198517e-03
4 1.762598044791504e-03
4 2.182609305211077e-03
4 3.491637972400294e-03
4 3.243831360431242e-03
4 1.794236698908945e-03
4 2.360527651759112e-03
4 2.254071859267352e-03
4 2.238313576422044e-03
4 2.236702374874883e-03
4 2.195229319028136e-03
4 2.242721058778400e-03
4 2.087144767286795e-05
4 7.807726652109483e-05
4 9.126778537432671e-04
4 1.027928874057727e-03
4 4.750507187745375e-04
4 1.416086717029775e-03
4 1.999262176590281e-03
4 1.992024900376495e-03
4 1.939904156864376e-03
4 2.001742224525283e-03
4 1.292122431785081e-03
4 2.493408499859754e-03
4 3.192635763713134e-03
4 1.625136889555229e-03
4 2.197808973147353e-03
4 2.513576804247733e-03
4 2.196863188764370e-03
4 2.356487023365208e-03
4 2.360864552142625e-03
4 2.386520329677719e-03
4 2.386702572303006e-03
1 2.522409957040054e-03
4 2.365622089796758e-03
4 2.487997293775596e-03
4 2.471799908642201e-03
4 2.480739086182387e-03
4 1.619691996897307e-04
4 3.585375571359560e-04
4 1.578399037835457e-03
4 1.756219246001543e-03
4 1.054653621265743e-03
4 1.526779068079357e-03
4 3.700456510732556e-03
4 4.401306785177002e-03
4 2.364877588232122e-03
4 2.579872503032197e-03
4 2.609198017858042e-03
4 2.722947486101883e-03
4 3.082057410863133e-03
4 3.036217933394579e-03
4 3.028959416652089e-03
4 3.073231667180667e-03
4 2.699983211470181e-03
4 2.897596416503299e-03
4 3.140542069120735e-03
4 3.117923646073170e-03
4 3.131560313368263e-03
4 3.138613846115967e-03
4 2.861219984293262e-03
4 2.976453016673448e-03
4 2.813267479691680e-03
4 2.799586131844213e-03
1 3.023907401580330e-03
4 2.936566625021951e-03
1 3.118309362986254e-03
4 3.074314487493043e-03
5 1.160246889928919e-04
5 1.160246889928914e-04
5 9.281975119431348e-04
5 9.281975119431313e-04
5 3.132666602808062e-03
5 3.132666602808065e-03
6 2.615464373902416e-03
6 4.378244362784315e-03
6 4.378244362784258e-03
6 2.615464373902377e-03
6 3.852950326884800e-03
6 6.955338597822196e-03
6 6.955338597822183e-03
6 3.852950326884776e-03
6 4.398211792613702e-03
6 4.206420284936914e-03
6 4.122106428161167e-03
6 4.122106428161174e-03
6 4.206420284936948e-03
6 4.398211792613674e-03
6 4.478608545078492e-03
6 4.459827463705273e-03
6 4.349054053504936e-03
6 4.248097350565008e-03
6 4.211643361624667e-03
6 4.236102014005987e-03
6 4.236102014005988e-03
6 4.211643361624667e-03
6 4.248097350565008e-03
6 4.349054053504936e-03
6 4.459827463705273e-03
6 4.478608545078492e-03
2 1.299167061147682e-02
2 1.299167061147687e-02
2 1.299167061147682e-02
2 1.299167061147687e-02
5 1.868454642008068e-04
5 2.262565935993647e-04
5 1.494763713606455e-03
5 1.810052748794917e-03
5 5.044827533421762e-03
6 6.005826606028136e-03
6 3.856978670443217e-03
6 1.344057748469250e-03
6 4.190924207934730e-03
6 3.835257951667789e-03
6 2.670323131727950e-03
6 4.360335517624617e-03
6 3.583103253217234e-03
6 3.036506920801845e-03
6 5.033863376772421e-03
6 4.827956159243608e-03
6 3.905595272574086e-03
6 5.179732554840080e-03
6 4.559101230825424e-03
6 4.165071073615165e-03
6 5.180575879366259e-03
6 5.010327542608150e-03
6 4.420298678382865e-03
6 5.327169878561674e-03
6 4.935803123447430e-03
6 4.627302524893954e-03
6 5.189652843019433e-03
6 5.021421242893322e-03
6 4.483837467964741e-03
6 4.489740684514298e-03
6 5.336051735971980e-03
6 5.057504347610910e-03
6 4.908650425869552e-03
6 4.787932569819304e-03
6 4.582938367573212e-03
2 1.469786452706358e-02
2 1.500456620340264e-02
2 1.469786452706358e-02
2 1.500456620340264e-02
4 1.813701664695214e-04
4 7.449543303117235e-05
4 3.786703267667108e-05
4 8.215379405325529e-04
4 2.096826778545034e-03
4 1.540994793874762e-03
4 2.506693381256302e-03
4 2.667070650332210e-03
4 2.762906346930590e-03
4 1.943241117793424e-03
4 2.313555281101638e-03
4 2.751479670084277e-03
4 3.485044135702510e-03
4 3.554028163455172e-03
4 3.605169051619102e-03
4 3.231425184853459e-03
4 3.385422966616748e-03
4 3.547811611537533e-03
4 3.602862311305792e-03
4 3.602223624502587e-03
4 3.677317110018893e-03
4 3.644504240145314e-03
4 3.774099660003110e-03
4 3.666445287573013e-03
4 3.395762800805481e-03
4 3.406626656236760e-03
4 3.597840166101016e-03
4 3.463333051161807e-03
4 3.596102480493029e-03
4 6.299614537628615e-05
4 1.658210989272425e-04
4 6.724193235460187e-04
4 6.299614537628605e-05
4 1.142997252270346e-03
4 2.695454080817835e-03
4 1.875350856504131e-03
4 1.875350856491146e-03
4 1.142997252270346e-03
4 2.455076609736913e-03
4 2.443268616251575e-03
4 2.881197487423085e-03
4 2.842374049753595e-03
4 2.518580747603296e-03
4 2.881197487423637e-03
4 2.842374049754639e-03
4 2.518580747612022e-03
4 2.731762129457538e-03
4 2.731762129457552e-03
4 2.455076609736979e-03
4 2.443268616251648e-03
4 2.692984524672190e-03
4 2.748766306835120e-03
4 2.748766306835122e-03
4 2.865753917445698e-03
4 2.865753917445697e-03
4 2.692984524672187e-03
4 5.873436206618967e-06
4 3.675818942632481e-06
4 5.613276928865618e-04
4 3.979455925647121e-04
4 1.968165117005477e-03
4 1.855311782020846e-03
4 1.113280558588710e-03
4 2.014054581892793e-03
4 1.774583980093564e-03
4 1.157271161535805e-03
4 2.021643560681827e-03
4 2.123606868354503e-03
4 1.883262531438406e-03
4 7.147199596332576e-04
4 2.238077852569664e-03
4 2.212928516728626e-03
4 2.116264027605332e-03
4 2.067220158979890e-03
4 2.090979865767354e-03
4 1.893458315948255e-03
4 2.388843041181807e-03
4 2.378768015243323e-03
4 2.339971348574971e-03
4 2.319777699753644e-03
4 2.332462530075449e-03
4 2.267369630131945e-03
4 4.014808598984598e-06
4 1.989415016118578e-07
4 2.476946014537235e-04
4 9.956596096671706e-04
4 2.542271644794223e-04
4 1.095109112189290e-03
4 1.497004072042501e-03
4 1.926541657656144e-03
4 1.383815122657619e-03
4 7.891487178883649e-04
4 2.053303003042618e-03
4 2.344049099876911e-03
4 2.718558811616261e-03
4 1.624487322821178e-03
4 2.323545298923494e-03
4 2.158838749465572e-03
4 2.133558710350343e-03
4 2.192081169293935e-03
4 2.570159837317062e-03
4 2.714730475207483e-03
4 2.888183257526116e-03
4 2.381236057543582e-03
4 2.597078307124776e-03
4 2.579810551620540e-03
4 2.652118697122980e-03
4 2.772175828383565e-03
4 2.902004116123754e-03
4 2.497931391390244e-03
4 2.624406488637552e-03
4 2.610931543143466e-03
4 2.476700729626341e-06
4 1.737074570285445e-07
4 1.925929309703547e-04
4 4.499685143914235e-04
4 1.710988657548804e-04
4 9.655796039179775e-04
4 2.116272446761370e-03
4 1.342206981859792e-03
4 1.951722498018244e-03
4 4.162947094354239e-03
4 1.244752783708001e-03
4 1.846077151457221e-03
4 1.966956712925491e-03
4 2.784356965959701e-03
4 1.817451951070615e-03
4 1.857859132945570e-03
4 1.647237989687343e-03
4 2.520399637737145e-03
4 2.503358068207005e-03
4 2.685696842414226e-03
4 2.218723786373438e-03
4 2.493792534471827e-03
4 2.446793505132447e-03
4 2.612781944570135e-03
4 2.601152066646956e-03
1 2.702051464380440e-03
4 2.397079345416276e-03
4 2.531171187163978e-03
1 2.481731462896908e-03
4 1.191806028835899e-05
4 1.129014924836084e-05
4 3.105089706928051e-04
4 8.280489398946231e-04
4 9.122182092208262e-04
4 1.448546104556691e-03
4 3.095712033331349e-03
4 2.858072685440447e-03
4 1.069058310704109e-03
4 2.508730253432951e-03
4 2.576634455391723e-03
4 2.587128845303512e-03
4 2.863386412308769e-03
4 2.400903235627388e-03
4 2.573111229153675e-03
4 2.794206309316271e-03
4 2.330949110155067e-03
4 2.197601722725858e-03
4 2.773573771892700e-03
4 2.843747315431834e-03
4 2.768476304826795e-03
4 2.822647154864713e-03
4 2.724246629015332e-03
4 2.658436892549489e-03
4 3.786703267667105e-05
4 7.449543303121764e-05
4 1.813701681596190e-04
4 1.540994793874566e-03
4 2.096826778545027e-03
4 8.215379405334221e-04
4 2.751479670084283e-03
4 2.313555281101647e-03
4 1.943241117793425e-03
4 2.762906346930586e-03
4 2.667070650332203e-03
4 2.506693381256294e-03
4 3.547811611537532e-03
4 3.385422966616725e-03
4 3.231425184853465e-03
4 3.605169051619108e-03
4 3.554028163455175e-03
4 3.485044135702513e-03
4 3.596102480493029e-03
4 3.463333051161807e-03
4 3.597840166101016e-03
4 3.406626656236760e-03
4 3.395762800805481e-03
4 3.666445287573013e-03
4 3.774099660003110e-03
4 3.644504240145314e-03
4 3.677317110018893e-03
4 3.602223624502587e-03
4 3.602862311305792e-03
5 2.930978664673530e-04
5 2.930978664673554e-04
5 2.344782931738824e-03
5 2.344782931738843e-03
6 2.585735559780939e-03
6 3.968489341879365e-03
6 4.666353539099534e-03
6 4.666353539099516e-03
6 2.585735559780939e-03
6 3.968489341879366e-03
6 4.988704882891585e-03
6 9.027913573289486e-03
6 9.027913573289479e-03
6 4.988704882891585e-03
6 5.595416686726301e-03
6 5.410074089487770e-03
6 5.181534176997076e-03
6 5.410074089487753e-03
6 5.181534176996744e-03
6 5.595416686726302e-03
6 5.694086057472910e-03
3 5.419882491667653e-03
6 5.297129860292773e-03
3 5.419882491667681e-03
6 5.297129860292807e-03
6 5.694086057472910e-03
6 5.700038240440055e-03
3 5.419882491667653e-03
6 5.303411236670409e-03
3 5.419882491667681e-03
6 5.303411236670369e-03
6 5.700038240440055e-03
2 1.642333216300005e-02
2 1.642333216300004e-02
2 1.642333216300005e-02
2 1.642333216300004e-02
5 7.916846284614682e-04
5 3.258896076726831e-03
5 3.258896076726809e-03
5 7.916846284614635e-04
5 2.629923281516913e-03
5 9.757381119639513e-03
5 9.757381119639518e-03
5 2.629923281516943e-03
5 4.709493110672940e-03
6 6.360928381875142e-03
6 1.051321920456601e-02
6 7.039949623728459e-03
6 7.039949623728513e-03
6 1.051321920456595e-02
6 6.360928381875229e-03
5 4.709493110672968e-03
6 6.226214606012268e-03
6 7.869431718039556e-03
6 8.706384545945880e-03
6 8.706384545945880e-03
6 7.869431718039527e-03
6 6.226214606012304e-03
6 6.752599456810560e-03
6 8.154642815958180e-03
6 8.936627794711098e-03
6 8.936627794711098e-03
6 8.154642815958180e-03
6 6.752599456810560e-03
6 6.845626376011884e-03
6 8.202454883274882e-03
6 8.980651505563552e-03
6 8.980651505563552e-03
6 8.202454883274882e-03
6 6.845626376011885e-03
6 6.851447601254542e-03
6 8.205394869062499e-03
6 8.983504611451122e-03
6 8.983504611451122e-03
6 8.205394869062499e-03
6 6.851447601254542e-03
2 6.851447697904653e-03
2 1.718889956554250e-02
2 1.718889956554254e-02
2 6.851447697904595e-03
2 6.851447697904653e-03
2 1.718889956554250e-02
2 1.718889956554254e-02
2 6.851447697904595e-03
5 2.262565935993645e-04
5 1.868454642008068e-04
5 1.810052748794916e-03
5 1.494763713606455e-03
6 1.344057748469250e-03
6 6.005826606028132e-03
6 3.856978670443211e-03
5 5.044827533421796e-03
6 3.036506920801845e-03
6 3.583103253217234e-03
6 4.360335517624618e-03
6 2.670323131727950e-03
6 3.835257951667789e-03
6 4.190924207934729e-03
6 4.165071073615165e-03
6 4.559101230825423e-03
6 5.179732554840080e-03
6 3.905595272574085e-03
6 4.827956159243608e-03
6 5.033863376772421e-03
6 4.627302524893954e-03
6 4.935803123447429e-03
6 5.327169878561674e-03
6 4.420298678382865e-03
6 5.010327542608150e-03
6 5.180575879366259e-03
6 4.787932569819305e-03
6 4.582938367573212e-03
6 5.057504347610911e-03
6 4.908650425869553e-03
6 5.336051735971980e-03
6 4.483837467964741e-03
6 4.489740684514298e-03
6 5.021421242893322e-03
6 5.189652843019434e-03
2 1.500456620340260e-02
2 1.469786452706357e-02
2 1.500456620340260e-02
2 1.469786452706357e-02
4 8.070167278164842e-05
4 4.190582306022403e-04
4 9.033520233372880e-04
4 1.057903399168886e-04
4 7.468260288687331e-04
4 2.813204016788387e-03
4 1.835865841037969e-03
4 2.365631418024971e-03
4 9.993193960868092e-04
4 1.885775255131217e-03
4 2.579401528772764e-03
4 2.579527112615587e-03
4 2.886279705056505e-03
4 3.220199347219533e-03
4 2.294110088522219e-03
4 2.772606098461720e-03
4 2.734302726938142e-03
4 3.083064445172222e-03
4 3.087043492803285e-03
4 3.263720194113228e-03
4 3.447749407672319e-03
4 2.938481880410163e-03
4 2.931235010789962e-03
4 3.178022066127739e-03
4 3.176113029149692e-03
4 3.321911844809002e-03
4 3.486129197221736e-03
4 3.050406725792788e-03
4 1.543300683207981e-06
4 3.540525563189957e-05
4 4.040961871686381e-05
4 5.599011512280290e-06
4 3.540525563189957e-05
4 4.040961871686377e-05
4 1.543300683207981e-06
4 5.599011512280285e-06
4 7.739217315571877e-04
4 1.405988156388391e-03
4 1.405988156388393e-03
4 2.625394943134463e-03
4 7.739217315571883e-04
4 1.949043583679307e-03
4 2.076910913035799e-03
4 2.076910913035786e-03
4 2.070885066592447e-03
4 2.070885066426786e-03
4 1.949043582561481e-03
4 1.678351603827276e-06
4 1.678351603827230e-06
4 1.705015976354777e-04
4 8.383879456330434e-04
4 6.663088420400071e-04
4 6.663088420400085e-04
4 8.383879456330420e-04
4 1.705015976354781e-04
4 1.154304500624055e-03
4 1.625423002970991e-03
4 1.597673313779839e-03
4 1.597673313779825e-03
4 1.625423002970995e-03
4 1.154304500624050e-03
4 2.037646844934947e-03
4 2.149345675791758e-03
4 2.142605825918764e-03
4 2.142605825918758e-03
4 2.149345675791752e-03
4 2.037646844934936e-03
4 1.414235849180043e-06
4 1.414235849180046e-06
4 5.632932062042193e-04
4 5.632932062042149e-04
4 1.065035487933430e-03
4 2.438707998506656e-03
4 2.438707998506663e-03
4 1.065035487933430e-03
4 2.017200759098501e-03
4 2.060633519095508e-03
4 2.072618260277389e-03
4 2.072618260277389e-03
4 2.060633519095508e-03
4 2.017200759098501e-03
4 5.562790296911939e-04
4 1.025937102375778e-03
4 1.811362288997137e-03
4 1.910010519884190e-03
4 1.793494861983314e-03
4 1.956891306558703e-03
4 1.886852611594896e-03
4 1.892248257912732e-03
4 1.188456881456514e-03
4 2.662891397329625e-03
4 2.662891397329625e-03
4 1.188456881456514e-03
4 1.860292444315452e-03
4 1.866114591722131e-03
1 1.883533793468560e-03
4 1.866114591722131e-03
1 1.883533793468560e-03
4 1.860292444315452e-03
4 8.625636440510128e-04
4 1.624775040319829e-03
4 9.433653379018694e-04
4 8.625636439348105e-04
4 1.832389798686183e-03
4 1.834558463156834e-03
1 1.830564236025356e-03
4 1.814874051790562e-03
1 1.810974978192163e-03
4 1.832389798686183e-03
4 1.062745771927205e-03
4 1.475374042304563e-03
4 1.731434277535684e-03
4 1.731434277535684e-03
4 1.475374042304563e-03
4 1.062745771927205e-03
4 1.025937102368976e-03
4 5.562790296911943e-04
4 1.892248257912733e-03
4 1.886852611594887e-03
4 1.956891306558703e-03
4 1.793494861983299e-03
4 1.910010519884188e-03
4 1.811362288997132e-03
