0.000000 0.000059 0.000113 1.91859
0.050000 0.001398 0.001461 1.04508
0.100000 0.005704 0.005610 0.983506
0.150000 0.013785 0.013324 0.966583
0.200000 0.025784 0.024729 0.959104
0.250000 0.041396 0.039521 0.954705
0.300000 0.060035 0.057128 0.951576
0.350000 0.080957 0.076833 0.949058
0.400000 0.103354 0.097863 0.94687
0.450000 0.126416 0.119448 0.944885
0.500000 0.149379 0.140871 0.943039
0.550000 0.171558 0.161494 0.941342
0.600000 0.192356 0.180767 0.939754
0.650000 0.211281 0.198237 0.938266
0.700000 0.227943 0.213552 0.936864
0.750000 0.242055 0.226455 0.93555
0.800000 0.253422 0.236779 0.934327
0.850000 0.261934 0.244431 0.933178
0.900000 0.267559 0.249388 0.932087
0.950000 0.270330 0.251683 0.931024
1.000000 0.270335 0.251400 0.929958
1.050000 0.267710 0.248666 0.928863
1.100000 0.262623 0.243641 0.927722
1.150000 0.255273 0.236519 0.926531
1.200000 0.245877 0.227511 0.925302
1.250000 0.234665 0.216845 0.924063
1.300000 0.221871 0.204756 0.922858
1.350000 0.207734 0.191477 0.921739
1.400000 0.192488 0.177231 0.920741
1.450000 0.176359 0.162213 0.919789
1.500000 0.159564 0.146583 0.918649
1.550000 0.142309 0.130494 0.916975
1.600000 0.124786 0.114106 0.914418
1.650000 0.107170 0.097611 0.910811
1.700000 0.089622 0.081241 0.906488
1.750000 0.072287 0.065245 0.902575
1.800000 0.055294 0.049532 0.895777
1.850000 0.038756 0.034799 0.897905
1.900000 0.022769 0.022250 0.977202
1.950000 0.007417 0.013125 1.76968
2.000000 -0.007175 0.008157 -1.13689
2.050000 -0.019728 0.007494 -0.379841
2.100000 -0.028515 0.010843 -0.380261
2.150000 -0.032695 0.017639 -0.539491
2.200000 -0.032105 0.027166 -0.846155
2.250000 -0.027038 0.038652 -1.42958
2.300000 -0.018076 0.051330 -2.83964
2.350000 -0.005969 0.064492 -10.8039
2.400000 0.008463 0.077504 9.15829
2.450000 0.024394 0.089821 3.68206
2.500000 0.041040 0.100990 2.46077
2.550000 0.057687 0.110658 1.91826
2.600000 0.073710 0.118565 1.60854
2.650000 0.088585 0.124534 1.40581
2.700000 0.101888 0.128457 1.26077
2.750000 0.113294 0.130290 1.15002
2.800000 0.122571 0.130040 1.06094
2.850000 0.129573 0.127764 0.986037
2.900000 0.134229 0.123560 0.920516
2.950000 0.136533 0.117565 0.861072
3.000000 0.136538 0.109947 0.805249
3.050000 0.134338 0.100895 0.751051
3.100000 0.130069 0.090614 0.696658
3.150000 0.123893 0.079314 0.640181
3.200000 0.115993 0.067207 0.579404
3.250000 0.106566 0.054481 0.51124
3.300000 0.095816 0.041277 0.430795
3.350000 0.083950 0.027698 0.329931
3.400000 0.071174 0.013838 0.19443
3.450000 0.057689 -0.000173 -0.00299614
3.500000 0.043686 -0.014131 -0.323469
3.550000 0.029347 -0.027681 -0.943215
3.600000 0.014841 -0.040783 -2.74792
3.650000 0.000325 -0.053234 -163.814
3.700000 -0.014060 -0.064318 4.57447
3.750000 -0.028187 -0.072913 2.58673
3.800000 -0.041943 -0.077969 1.85893
3.850000 -0.055230 -0.078890 1.42839
3.900000 -0.067964 -0.075598 1.11232
3.950000 -0.080075 -0.068429 0.854554
4.000000 -0.091447 -0.057982 0.634051
4.050000 -0.100812 -0.044996 0.446334
4.100000 -0.106450 -0.030261 0.28428
4.150000 -0.107529 -0.014546 0.135271
4.200000 -0.103893 0.001447 -0.0139272
4.250000 -0.095840 0.017095 -0.178367
4.300000 -0.083958 0.031867 -0.379557
4.350000 -0.069000 0.045329 -0.65695
4.400000 -0.051790 0.057149 -1.10348
4.450000 -0.033156 0.067084 -2.02328
4.500000 -0.013886 0.074974 -5.39903
4.550000 0.005304 0.080725 15.2193
4.600000 0.023790 0.084302 3.54355
4.650000 0.041046 0.085723 2.08844
4.700000 0.056648 0.085051 1.5014
4.750000 0.070271 0.082397 1.17257
4.800000 0.081683 0.077910 0.953805
4.850000 0.090738 0.071769 0.790939
4.900000 0.097367 0.064176 0.659108
4.950000 0.101566 0.055342 0.544885
5.000000 0.103386 0.045486 0.439964
5.050000 0.102926 0.034825 0.338344
5.100000 0.100322 0.023536 0.234604
5.150000 0.095738 0.011743 0.122655
5.200000 0.089359 -0.000476 -0.00532181
5.250000 0.081383 -0.013043 -0.160271
5.300000 0.072017 -0.025840 -0.358798
5.350000 0.061471 -0.038516 -0.62657
5.400000 0.049952 -0.050818 -1.01733
5.450000 0.037662 -0.062607 -1.66232
5.500000 0.024796 -0.073548 -2.96612
5.550000 0.011537 -0.082872 -7.18296
5.600000 -0.001943 -0.089543 46.0954
5.650000 -0.015485 -0.092655 5.98335
5.700000 -0.028947 -0.091714 3.16831
5.750000 -0.042199 -0.086706 2.05468
5.800000 -0.055126 -0.077998 1.4149
5.850000 -0.067629 -0.066208 0.978992
5.900000 -0.079620 -0.052089 0.654214
5.950000 -0.091029 -0.036431 0.400209
6.000000 -0.101737 -0.019993 0.196517
6.050000 -0.110475 -0.003465 0.0313642
6.100000 -0.115521 0.012551 -0.108648
6.150000 -0.116042 0.027546 -0.237382
6.200000 -0.111878 0.041111 -0.367465
6.250000 -0.103328 0.052936 -0.512312
6.300000 -0.090978 0.062801 -0.690284
6.350000 -0.075579 0.070563 -0.933626
6.400000 -0.057954 0.076145 -1.31389
6.450000 -0.038930 0.079525 -2.04278
6.500000 -0.019292 0.080730 -4.18459
6.550000 0.000244 0.079836 326.859
6.600000 0.019056 0.076968 4.03916
6.650000 0.036617 0.072289 1.97419
6.700000 0.052506 0.065992 1.25685
6.750000 0.066398 0.058285 0.877816
6.800000 0.078063 0.049386 0.632642
6.850000 0.087356 0.039519 0.45239
6.900000 0.094207 0.028897 0.306736
6.950000 0.098614 0.017686 0.179347
7.000000 0.100630 0.005993 0.0595537
7.050000 0.100354 -0.006121 -0.0609906
7.100000 0.097921 -0.018618 -0.190132
7.150000 0.093498 -0.031276 -0.334513
7.200000 0.087269 -0.043759 -0.50143
7.250000 0.079434 -0.055811 -0.702604
7.300000 0.070200 -0.067212 -0.957434
7.350000 0.059777 -0.077523 -1.29686
7.400000 0.048373 -0.085956 -1.77692
7.450000 0.036191 -0.091564 -2.53
7.500000 0.023426 -0.093563 -3.994
7.550000 0.010261 -0.091560 -8.92286
7.600000 -0.003131 -0.085600 27.3417
7.650000 -0.016592 -0.076085 4.58574
7.700000 -0.029977 -0.063655 2.12345
7.750000 -0.043157 -0.049072 1.13706
7.800000 -0.056018 -0.033128 0.591381
7.850000 -0.068458 -0.016571 0.242056
7.900000 -0.080391 -0.000075 0.00092987
7.950000 -0.091746 0.015776 -0.171949
8.000000 -0.102403 0.030494 -0.297781
8.050000 -0.111094 0.043693 -0.3933
8.100000 -0.116097 0.055085 -0.474479
8.150000 -0.116577 0.064469 -0.553018
8.200000 -0.112376 0.071718 -0.638203
8.250000 -0.103790 0.076770 -0.739664
8.300000 -0.091407 0.079612 -0.870962
8.350000 -0.075978 0.080285 -1.05669
8.400000 -0.058324 0.078876 -1.35238
8.450000 -0.039273 0.075523 -1.92304
8.500000 -0.019611 0.070404 -3.59011
8.550000 -0.000051 0.063722 -1244.76
8.600000 0.018781 0.055691 2.96521
8.650000 0.036363 0.046530 1.27962
8.700000 0.052270 0.036466 0.697644
8.750000 0.066179 0.025702 0.388364
8.800000 0.077860 0.014391 0.184838
8.850000 0.087168 0.002633 0.0302071
8.900000 0.094033 -0.009559 -0.101659
8.950000 0.098453 -0.022103 -0.224506
9.000000 0.100480 -0.034738 -0.34572
9.050000 0.100215 -0.047131 -0.470297
9.100000 0.097793 -0.059006 -0.603375
9.150000 0.093379 -0.070065 -0.750327
9.200000 0.087159 -0.079792 -0.915477
9.250000 0.079332 -0.087407 -1.10178
9.300000 0.070106 -0.092046 -1.31295
9.350000 0.059690 -0.093035 -1.55864
9.400000 0.048292 -0.090075 -1.86519
9.450000 0.036116 -0.083268 -2.30554
9.500000 0.023357 -0.073053 -3.12772
9.550000 0.010197 -0.060090 -5.8928
9.600000 -0.003190 -0.045148 14.1528
9.650000 -0.016646 -0.029016 1.74307
9.700000 -0.030028 -0.012431 0.413977
9.750000 -0.043204 0.003949 -0.0913986
9.800000 -0.056061 0.019558 -0.348876
9.850000 -0.068498 0.033933 -0.495388
9.900000 -0.080428 0.046708 -0.580745
9.950000 -0.091780 0.057616 -0.627761
10.000000 -0.102435 0.066473 -0.64893
10.050000 -0.111124 0.073170 -0.658453
10.100000 -0.116124 0.077654 -0.668721
10.150000 -0.116602 0.079928 -0.685479
10.200000 -0.112399 0.080042 -0.712127
10.250000 -0.103812 0.078098 -0.75231
10.300000 -0.091427 0.074249 -0.812113
10.350000 -0.075996 0.068686 -0.90381
10.400000 -0.058340 0.061619 -1.0562
10.450000 -0.039288 0.053265 -1.35575
10.500000 -0.019625 0.043846 -2.23422
10.550000 -0.000064 0.033584 -521.248
10.600000 0.018769 0.022670 1.20782
10.650000 0.036352 0.011258 0.309696
10.700000 0.052260 -0.000594 -0.011365
10.750000 0.066170 -0.012871 -0.194513
10.800000 0.077851 -0.025449 -0.326894
10.850000 0.087160 -0.038045 -0.436503
10.900000 0.094025 -0.050325 -0.535229
10.950000 0.098446 -0.061980 -0.629585
11.000000 0.100474 -0.072641 -0.722985
11.050000 0.100209 -0.081742 -0.815718
11.100000 0.097788 -0.088522 -0.905251
11.150000 0.093374 -0.092199 -0.987419
11.200000 0.087155 -0.092202 -1.05792
11.250000 0.079328 -0.088314 -1.11328
11.300000 0.070102 -0.080697 -1.15114
11.350000 0.059686 -0.069824 -1.16985
11.400000 0.048289 -0.056372 -1.16739
11.450000 0.036113 -0.041117 -1.13857
11.500000 0.023354 -0.024841 -1.06366
11.550000 0.010194 -0.008267 -0.810965
11.600000 -0.003192 0.007961 -2.49362
11.650000 -0.016649 0.023300 -1.39951
11.700000 -0.030030 0.037307 -1.24233
11.750000 -0.043206 0.049639 -1.14889
11.800000 -0.056063 0.060047 -1.07107
11.850000 -0.068499 0.068366 -0.998057
11.900000 -0.080430 0.074501 -0.926283
11.950000 -0.091782 0.078413 -0.854339
12.000000 -0.102436 0.080115 -0.782097
12.050000 -0.111125 0.079672 -0.71696
12.100000 -0.116125 0.077200 -0.664801
12.150000 -0.116603 0.072867 -0.624913
12.200000 -0.112400 0.066875 -0.594976
12.250000 -0.103812 0.059441 -0.572581
12.300000 -0.091428 0.050784 -0.555451
12.350000 -0.075996 0.041124 -0.541133
12.400000 -0.058341 0.030673 -0.525757
12.450000 -0.039289 0.019625 -0.499494
12.500000 -0.019625 0.008107 -0.413112
12.550000 -0.000065 -0.003842 59.1683
12.600000 0.018769 -0.016192 -0.862686
12.650000 0.036351 -0.028782 -0.791776
12.700000 0.052259 -0.041314 -0.790559
12.750000 0.066169 -0.053444 -0.807688
12.800000 0.077851 -0.064826 -0.832692
12.850000 0.087159 -0.075031 -0.860852
12.900000 0.094025 -0.083463 -0.887668
12.950000 0.098446 -0.089389 -0.908006
13.000000 0.100474 -0.092108 -0.916737
13.050000 0.100209 -0.091142 -0.909519
13.100000 0.097787 -0.086354 -0.883075
13.150000 0.093374 -0.077960 -0.834917
13.200000 0.087154 -0.066466 -0.762622
13.250000 0.079328 -0.052567 -0.662651
13.300000 0.070102 -0.037040 -0.528369
13.350000 0.059686 -0.020657 -0.346095
13.400000 0.048289 -0.004131 -0.0855508
13.450000 0.036113 0.011915 0.329939
13.500000 0.023354 0.026958 1.15436
13.550000 0.010194 0.040578 3.98038
13.600000 -0.003193 0.052450 -16.4288
13.650000 -0.016649 0.062347 -3.74483
13.700000 -0.030030 0.070119 -2.33496
13.750000 -0.043206 0.075685 -1.75171
13.800000 -0.056063 0.079021 -1.4095
13.850000 -0.068500 0.080152 -1.17011
13.900000 -0.080430 0.079157 -0.984169
13.950000 -0.091782 0.076166 -0.829866
14.000000 -0.102436 0.071364 -0.69667
14.050000 -0.111125 0.064962 -0.584587
14.100000 -0.116125 0.057180 -0.492402
14.150000 -0.116603 0.048239 -0.413704
14.200000 -0.112400 0.038352 -0.341212
14.250000 -0.103812 0.027729 -0.267103
14.300000 -0.091428 0.016553 -0.181047
14.350000 -0.075997 0.004929 -0.064857
14.400000 -0.058341 -0.007115 0.121951
14.450000 -0.039289 -0.019521 0.496863
14.500000 -0.019625 -0.032100 1.63566
14.550000 -0.000065 -0.044540 685.767
14.600000 0.018769 -0.056480 -3.00926
14.650000 0.036351 -0.067536 -1.85787
14.700000 0.052259 -0.077232 -1.47787
14.750000 0.066169 -0.084957 -1.28393
14.800000 0.077851 -0.090014 -1.15623
14.850000 0.087159 -0.091780 -1.05301
14.900000 0.094025 -0.089864 -0.955744
14.950000 0.098446 -0.084204 -0.855331
15.000000 0.100474 -0.075067 -0.747133
15.050000 0.100209 -0.062992 -0.62861
15.100000 0.097787 -0.048687 -0.497882
15.150000 0.093374 -0.032927 -0.352636
15.200000 0.087154 -0.016477 -0.189052
15.250000 0.079328 -0.000032 -0.000402115
15.300000 0.070102 0.015803 0.225434
15.350000 0.059686 0.030527 0.511455
15.400000 0.048289 0.043738 0.905764
15.450000 0.036113 0.055136 1.52677
15.500000 0.023354 0.064510 2.7623
15.550000 0.010194 0.071726 7.03582
15.600000 -0.003193 0.076719 -24.0303
15.650000 -0.016649 0.079477 -4.77373
15.700000 -0.030030 0.080039 -2.66532
15.750000 -0.043206 0.078498 -1.81682
15.800000 -0.056063 0.075002 -1.33782
15.850000 -0.068500 0.069747 -1.01821
15.900000 -0.080430 0.062952 -0.782693
15.950000 -0.091782 0.054842 -0.597526
16.000000 -0.102436 0.045633 -0.445472
16.050000 -0.111125 0.035533 -0.319761
16.100000 -0.116125 0.024751 -0.213138
16.150000 -0.116603 0.013452 -0.115368
16.200000 -0.112400 0.001723 -0.0153248
16.250000 -0.103812 -0.010407 0.10025
16.300000 -0.091428 -0.022852 0.249946
16.350000 -0.075997 -0.035396 0.465757
16.400000 -0.058341 -0.047711 0.817802
16.450000 -0.039289 -0.059420 1.51238
16.500000 -0.019625 -0.070098 3.5718
16.550000 -0.000065 -0.079238 1219.99
16.600000 0.018769 -0.086222 -4.59391
16.650000 0.036351 -0.090399 -2.48682
16.700000 0.052259 -0.091219 -1.74551
16.750000 0.066169 -0.088375 -1.33558
16.800000 0.077851 -0.081872 -1.05165
16.850000 0.087159 -0.072030 -0.826417
16.900000 0.094025 -0.059413 -0.631888
16.950000 0.098446 -0.044742 -0.454482
17.000000 0.100474 -0.028789 -0.286536
17.050000 0.100209 -0.012308 -0.122822
17.100000 0.097787 0.004023 0.0411401
17.150000 0.093374 0.019619 0.210114
17.200000 0.087154 0.034000 0.390107
17.250000 0.079328 0.046785 0.589769
17.300000 0.070102 0.057694 0.823003
17.350000 0.059686 0.066533 1.11472
17.400000 0.048289 0.073186 1.51558
17.450000 0.036113 0.077601 2.14882
17.500000 0.023354 0.079780 3.41618
17.550000 0.010194 0.079777 7.82557
17.600000 -0.003193 0.077699 -24.3374
17.650000 -0.016649 0.073711 -4.42742
17.700000 -0.030030 0.068019 -2.26505
17.750000 -0.043206 0.060851 -1.40838
17.800000 -0.056063 0.052430 -0.9352
17.850000 -0.068500 0.042968 -0.627269
17.900000 -0.080430 0.032671 -0.406207
17.950000 -0.091782 0.021740 -0.236864
18.000000 -0.102436 0.010323 -0.10077
18.050000 -0.111125 -0.001509 0.013581
18.100000 -0.116125 -0.013713 0.118089
18.150000 -0.116603 -0.026176 0.22449
18.200000 -0.112400 -0.038659 0.34394
18.250000 -0.103812 -0.050817 0.489508
18.300000 -0.091428 -0.062250 0.680862
18.350000 -0.075997 -0.072503 0.954024
18.400000 -0.058341 -0.081041 1.3891
18.450000 -0.039289 -0.087258 2.22093
18.500000 -0.019625 -0.090546 4.6137
18.550000 -0.000065 -0.090430 1392.32
18.600000 0.018769 -0.086680 -4.61834
18.650000 0.036351 -0.079368 -2.18337
18.700000 0.052259 -0.068857 -1.3176
18.750000 0.066169 -0.055739 -0.842368
18.800000 0.077851 -0.040742 -0.523333
18.850000 0.087159 -0.024636 -0.282652
18.900000 0.094025 -0.008159 -0.086774
18.950000 0.098446 0.008026 0.081532
19.000000 0.100474 0.023357 0.232466
19.050000 0.100209 0.037372 0.372939
19.100000 0.097787 0.049714 0.508384
19.150000 0.093374 0.060119 0.643855
19.200000 0.087154 0.068414 0.78497
19.250000 0.079328 0.074496 0.939093
19.300000 0.070102 0.078330 1.11738
19.350000 0.059686 0.079932 1.3392
19.400000 0.048289 0.079368 1.64361
19.450000 0.036113 0.076764 2.12565
19.500000 0.023354 0.072298 3.09579
19.550000 0.010194 0.066187 6.49254
19.600000 -0.003193 0.058664 -18.375
19.650000 -0.016649 0.049948 -3.00011
19.700000 -0.030030 0.040248 -1.34027
19.750000 -0.043206 0.029768 -0.688978
19.800000 -0.056063 0.018696 -0.33349
19.850000 -0.068500 0.007164 -0.104592
19.900000 -0.080430 -0.004762 0.0592125
19.950000 -0.091782 -0.017026 0.185504
