0.000000 0.000008 0.000015 1.95818
0.025000 0.000192 0.000207 1.07787
0.050000 0.000835 0.000845 1.01161
0.075000 0.002151 0.002137 0.993377
0.100000 0.004292 0.004230 0.985615
0.125000 0.007355 0.007218 0.981374
0.150000 0.011394 0.011150 0.978625
0.175000 0.016423 0.016039 0.976609
0.200000 0.022427 0.021866 0.974992
0.225000 0.029367 0.028592 0.973608
0.250000 0.037182 0.036155 0.972369
0.275000 0.045799 0.044481 0.971226
0.300000 0.055130 0.053484 0.970147
0.325000 0.065082 0.063072 0.969114
0.350000 0.075557 0.073147 0.968116
0.375000 0.086450 0.083610 0.967144
0.400000 0.097661 0.094360 0.966195
0.425000 0.109088 0.105299 0.965264
0.450000 0.120631 0.116330 0.96435
0.475000 0.132194 0.127363 0.963452
0.500000 0.143687 0.138309 0.96257
0.525000 0.155022 0.149088 0.961719
0.550000 0.166121 0.159625 0.960894
0.575000 0.176907 0.169847 0.960093
0.600000 0.187314 0.179692 0.959308
0.625000 0.197279 0.189101 0.958542
0.650000 0.206748 0.198022 0.957795
0.675000 0.215671 0.206411 0.957064
0.700000 0.224007 0.214230 0.956351
0.725000 0.231720 0.221445 0.955657
0.750000 0.238779 0.228030 0.954983
0.775000 0.245160 0.233964 0.954331
0.800000 0.250845 0.239231 0.953701
0.825000 0.255820 0.243819 0.953091
0.850000 0.260076 0.247722 0.952498
0.875000 0.263610 0.250936 0.95192
0.900000 0.266422 0.253462 0.951354
0.925000 0.268516 0.255305 0.950798
0.950000 0.269900 0.256472 0.950247
0.975000 0.270586 0.256974 0.949697
1.000000 0.270586 0.256825 0.949144
1.025000 0.269919 0.256041 0.948584
1.050000 0.268604 0.254640 0.948015
1.075000 0.266661 0.252644 0.947434
1.100000 0.264115 0.250075 0.946841
1.125000 0.260990 0.246957 0.946234
1.150000 0.257311 0.243317 0.945614
1.175000 0.253107 0.239182 0.944982
1.200000 0.248406 0.234580 0.944341
1.225000 0.243235 0.229540 0.943695
1.250000 0.237625 0.224092 0.943048
1.275000 0.231605 0.218266 0.942406
1.300000 0.225205 0.212093 0.941776
1.325000 0.218454 0.205601 0.941165
1.350000 0.211382 0.198821 0.94058
1.375000 0.204018 0.191782 0.940027
1.400000 0.196391 0.184511 0.939508
1.425000 0.188530 0.177033 0.939019
1.450000 0.180462 0.169370 0.938539
1.475000 0.172214 0.161543 0.938036
1.500000 0.163814 0.153570 0.937466
1.525000 0.155286 0.145469 0.936782
1.550000 0.146655 0.137259 0.935932
1.575000 0.137946 0.128962 0.934869
1.600000 0.129182 0.120598 0.93355
1.625000 0.120384 0.112191 0.931947
1.650000 0.111573 0.103769 0.930056
1.675000 0.102770 0.095361 0.927907
1.700000 0.093994 0.087000 0.925586
1.725000 0.085263 0.078720 0.923261
1.750000 0.076594 0.070552 0.921124
1.775000 0.068002 0.062480 0.918798
1.800000 0.059504 0.054482 0.915603
1.825000 0.051113 0.046613 0.911955
1.850000 0.042842 0.039009 0.910511
1.875000 0.034704 0.031861 0.918084
1.900000 0.026710 0.025368 0.949763
1.925000 0.018869 0.019702 1.04418
1.950000 0.011191 0.015001 1.34041
1.975000 0.003686 0.011356 3.08097
2.000000 -0.003633 0.008818 -2.42742
2.025000 -0.010588 0.007399 -0.698843
2.050000 -0.016892 0.007083 -0.419338
2.075000 -0.022325 0.007829 -0.350692
2.100000 -0.026731 0.009576 -0.358232
2.125000 -0.030008 0.012248 -0.408169
2.150000 -0.032100 0.015761 -0.490983
2.175000 -0.032990 0.020020 -0.606847
2.200000 -0.032690 0.024928 -0.762554
2.225000 -0.031239 0.030385 -0.97266
2.250000 -0.028696 0.036291 -1.26467
2.275000 -0.025135 0.042546 -1.69271
2.300000 -0.020643 0.049056 -2.37643
2.325000 -0.015313 0.055729 -3.63931
2.350000 -0.009247 0.062481 -6.75715
2.375000 -0.002547 0.069231 -27.184
2.400000 0.004682 0.075902 16.2103
2.425000 0.012337 0.082424 6.6812
2.450000 0.020315 0.088734 4.36795
2.475000 0.028518 0.094773 3.32328
2.500000 0.036852 0.100491 2.72687
2.525000 0.045228 0.105841 2.34019
2.550000 0.053561 0.110786 2.06841
2.575000 0.061773 0.115292 1.86638
2.600000 0.069793 0.119332 1.70981
2.625000 0.077555 0.122886 1.58451
2.650000 0.084999 0.125933 1.48159
2.675000 0.092072 0.128462 1.39523
2.700000 0.098729 0.130462 1.32142
2.725000 0.104928 0.131929 1.25733
2.750000 0.110634 0.132860 1.2009
2.775000 0.115820 0.133257 1.15056
2.800000 0.120461 0.133124 1.10512
2.825000 0.124539 0.132467 1.06366
2.850000 0.128041 0.131297 1.02543
2.875000 0.130958 0.129627 0.989835
2.900000 0.133286 0.127472 0.956376
2.925000 0.135024 0.124849 0.924641
2.950000 0.136176 0.121779 0.894276
2.975000 0.136747 0.118282 0.86497
3.000000 0.136748 0.114382 0.83645
3.025000 0.136190 0.110104 0.808461
3.050000 0.135088 0.105472 0.780769
3.075000 0.133459 0.100514 0.753145
3.100000 0.131322 0.095256 0.725359
3.125000 0.128697 0.089724 0.697171
3.150000 0.125606 0.083947 0.66833
3.175000 0.122073 0.077950 0.638556
3.200000 0.118119 0.071762 0.607538
3.225000 0.113772 0.065408 0.574902
3.250000 0.109055 0.058909 0.540179
3.275000 0.103994 0.052284 0.502762
3.300000 0.098616 0.045547 0.461868
3.325000 0.092946 0.038710 0.41648
3.350000 0.087010 0.031782 0.365272
3.375000 0.080833 0.024775 0.306492
3.400000 0.074442 0.017700 0.23777
3.425000 0.067862 0.010574 0.155813
3.450000 0.061116 0.003415 0.0558709
3.475000 0.054229 -0.003753 -0.0692104
3.500000 0.047225 -0.010897 -0.230743
3.525000 0.040126 -0.017966 -0.44774
3.550000 0.032954 -0.024908 -0.75584
3.575000 0.025730 -0.031704 -1.23219
3.600000 0.018475 -0.038371 -2.07698
3.625000 0.011207 -0.044921 -4.0081
3.650000 0.003947 -0.051319 -13.0018
3.675000 -0.003289 -0.057472 17.4748
3.700000 -0.010483 -0.063240 6.03235
3.725000 -0.017621 -0.068454 3.88481
3.750000 -0.024686 -0.072945 2.95492
3.775000 -0.031665 -0.076566 2.41801
3.800000 -0.038545 -0.079202 2.05481
3.825000 -0.045312 -0.080774 1.78261
3.850000 -0.051957 -0.081246 1.56371
3.875000 -0.058468 -0.080612 1.37872
3.900000 -0.064837 -0.078896 1.21685
3.925000 -0.071053 -0.076148 1.0717
3.950000 -0.077109 -0.072432 0.939339
3.975000 -0.082998 -0.067829 0.817235
4.000000 -0.088707 -0.062430 0.703785
4.025000 -0.094059 -0.056332 0.598901
4.050000 -0.098769 -0.049635 0.502534
4.075000 -0.102617 -0.042442 0.413598
4.100000 -0.105448 -0.034857 0.330559
4.125000 -0.107163 -0.026978 0.251745
4.150000 -0.107704 -0.018899 0.175468
4.175000 -0.107057 -0.010710 0.100038
4.200000 -0.105234 -0.002496 0.0237179
4.225000 -0.102275 0.005663 -0.0553705
4.250000 -0.098239 0.013693 -0.139385
4.275000 -0.093201 0.021526 -0.230965
4.300000 -0.087248 0.029100 -0.333533
4.325000 -0.080475 0.036359 -0.451806
4.350000 -0.072983 0.043254 -0.592661
4.375000 -0.064876 0.049743 -0.766745
4.400000 -0.056258 0.055790 -0.991687
4.425000 -0.047233 0.061365 -1.29919
4.450000 -0.037904 0.066443 -1.75293
4.475000 -0.028369 0.071004 -2.50286
4.500000 -0.018723 0.075032 -4.00746
4.525000 -0.009055 0.078515 -8.67059
4.550000 0.000550 0.081447 148.164
4.575000 0.010014 0.083823 8.37062
4.600000 0.019265 0.085642 4.4454
4.625000 0.028238 0.086906 3.07764
4.650000 0.036873 0.087621 2.37632
4.675000 0.045116 0.087795 1.94597
4.700000 0.052922 0.087438 1.65221
4.725000 0.060250 0.086566 1.43679
4.750000 0.067065 0.085195 1.27034
4.775000 0.073338 0.083345 1.13644
4.800000 0.079046 0.081036 1.02517
4.825000 0.084172 0.078292 0.930151
4.850000 0.088701 0.075139 0.847105
4.875000 0.092624 0.071601 0.773028
4.900000 0.095939 0.067707 0.705727
4.925000 0.098644 0.063482 0.643552
4.950000 0.100742 0.058955 0.585211
4.975000 0.102241 0.054153 0.529666
5.000000 0.103149 0.049105 0.476058
5.025000 0.103480 0.043839 0.423651
5.050000 0.103248 0.038384 0.371766
5.075000 0.102470 0.032764 0.319739
5.100000 0.101166 0.026998 0.266868
5.125000 0.099355 0.021101 0.212382
5.150000 0.097060 0.015085 0.155415
5.175000 0.094304 0.008956 0.0949677
5.200000 0.091111 0.002722 0.0298773
5.225000 0.087507 -0.003609 -0.0412374
5.250000 0.083516 -0.010027 -0.120061
5.275000 0.079164 -0.016522 -0.208707
5.300000 0.074478 -0.023074 -0.309812
5.325000 0.069483 -0.029641 -0.426587
5.350000 0.064207 -0.036160 -0.563178
5.375000 0.058674 -0.042576 -0.725636
5.400000 0.052912 -0.048863 -0.92348
5.425000 0.046944 -0.055019 -1.17202
5.450000 0.040796 -0.061047 -1.4964
5.475000 0.034492 -0.066925 -1.9403
5.500000 0.028056 -0.072591 -2.58735
5.525000 0.021511 -0.077939 -3.6232
5.550000 0.014879 -0.082831 -5.56691
5.575000 0.008182 -0.087112 -10.6473
5.600000 0.001439 -0.090634 -62.9732
5.625000 -0.005328 -0.093267 17.5043
5.650000 -0.012102 -0.094913 7.84282
5.675000 -0.018864 -0.095509 5.06307
5.700000 -0.025597 -0.095025 3.71236
5.725000 -0.032285 -0.093464 2.89498
5.750000 -0.038912 -0.090857 2.33491
5.775000 -0.045466 -0.087257 1.91919
5.800000 -0.051931 -0.082735 1.59318
5.825000 -0.058295 -0.077372 1.32725
5.850000 -0.064548 -0.071263 1.10404
5.875000 -0.070677 -0.064507 0.912691
5.900000 -0.076674 -0.057207 0.746099
5.925000 -0.082530 -0.049467 0.599385
5.950000 -0.088235 -0.041389 0.469074
5.975000 -0.093783 -0.033069 0.352616
6.000000 -0.099159 -0.024602 0.248109
6.025000 -0.104189 -0.016076 0.154294
6.050000 -0.108585 -0.007572 0.0697361
6.075000 -0.112129 0.000831 -0.00740966
6.100000 -0.114664 0.009062 -0.0790332
6.125000 -0.116091 0.017056 -0.146923
6.150000 -0.116354 0.024754 -0.212749
6.175000 -0.115435 0.032103 -0.278101
6.200000 -0.113348 0.039056 -0.344568
6.225000 -0.110133 0.045576 -0.413829
6.250000 -0.105849 0.051630 -0.487771
6.275000 -0.100570 0.057190 -0.568657
6.300000 -0.094383 0.062233 -0.659371
6.325000 -0.087383 0.066743 -0.7638
6.350000 -0.079671 0.070706 -0.887479
6.375000 -0.071349 0.074112 -1.03873
6.400000 -0.062523 0.076957 -1.23084
6.425000 -0.053297 0.079236 -1.48668
6.450000 -0.043773 0.080951 -1.84935
6.475000 -0.034048 0.082106 -2.41144
6.500000 -0.024218 0.082706 -3.41501
6.525000 -0.014373 0.082762 -5.75837
6.550000 -0.004595 0.082287 -17.9096
6.575000 0.005037 0.081297 16.139
6.600000 0.014451 0.079809 5.5227
6.625000 0.023581 0.077847 3.3012
6.650000 0.032369 0.075432 2.3304
6.675000 0.040760 0.072591 1.78092
6.700000 0.048710 0.069350 1.42374
6.725000 0.056177 0.065737 1.17018
6.750000 0.063126 0.061778 0.978643
6.775000 0.069530 0.057501 0.826995
6.800000 0.075365 0.052933 0.702362
6.825000 0.080612 0.048104 0.596735
6.850000 0.085260 0.043044 0.504853
6.875000 0.089299 0.037781 0.423088
6.900000 0.092724 0.032343 0.348812
6.925000 0.095537 0.026753 0.280027
6.950000 0.097740 0.021027 0.215132
6.975000 0.099339 0.015177 0.152782
7.000000 0.100346 0.009212 0.0918054
7.025000 0.100771 0.003138 0.0311439
7.050000 0.100631 -0.003040 -0.0302121
7.075000 0.099942 -0.009323 -0.093289
7.100000 0.098723 -0.015710 -0.159128
7.125000 0.096995 -0.022181 -0.228685
7.150000 0.094781 -0.028696 -0.302758
7.175000 0.092103 -0.035192 -0.382091
7.200000 0.088985 -0.041610 -0.46761
7.225000 0.085453 -0.047912 -0.560686
7.250000 0.081532 -0.054080 -0.663289
7.275000 0.077249 -0.060103 -0.778049
7.300000 0.072628 -0.065966 -0.908269
7.325000 0.067698 -0.071624 -1.058
7.350000 0.062483 -0.077000 -1.23233
7.375000 0.057010 -0.081981 -1.43801
7.400000 0.051305 -0.086436 -1.68474
7.425000 0.045393 -0.090222 -1.98758
7.450000 0.039299 -0.093208 -2.37177
7.475000 0.033047 -0.095281 -2.88317
7.500000 0.026662 -0.096358 -3.61409
7.525000 0.020165 -0.096387 -4.77986
7.550000 0.013580 -0.095350 -7.02125
7.575000 0.006928 -0.093258 -13.4608
7.600000 0.000230 -0.090148 -392.524
7.625000 -0.006495 -0.086078 13.2521
7.650000 -0.013228 -0.081120 6.13241
7.675000 -0.019950 -0.075362 3.77748
7.700000 -0.026645 -0.068900 2.58586
7.725000 -0.033296 -0.061837 1.8572
7.750000 -0.039888 -0.054277 1.36075
7.775000 -0.046407 -0.046324 0.998219
7.800000 -0.052838 -0.038078 0.720646
7.825000 -0.059171 -0.029635 0.500847
7.850000 -0.065392 -0.021089 0.3225
7.875000 -0.071492 -0.012524 0.175184
7.900000 -0.077460 -0.004022 0.05192
7.925000 -0.083287 0.004344 -0.0521525
7.950000 -0.088965 0.012503 -0.140534
7.975000 -0.094487 0.020392 -0.215823
8.000000 -0.099838 0.027957 -0.280021
8.025000 -0.104843 0.035146 -0.335228
8.050000 -0.109216 0.041919 -0.383816
8.075000 -0.112737 0.048238 -0.427882
8.100000 -0.115251 0.054074 -0.469185
8.125000 -0.116656 0.059401 -0.509197
8.150000 -0.116899 0.064200 -0.549194
8.175000 -0.115960 0.068455 -0.590335
8.200000 -0.113855 0.072156 -0.633753
8.225000 -0.110621 0.075294 -0.680645
8.250000 -0.106319 0.077865 -0.732373
8.275000 -0.101023 0.079869 -0.790601
8.300000 -0.094820 0.081307 -0.857486
8.325000 -0.087804 0.082183 -0.935985
8.350000 -0.080076 0.082507 -1.03035
8.375000 -0.071740 0.082289 -1.14704
8.400000 -0.062900 0.081544 -1.2964
8.425000 -0.053660 0.080289 -1.49626
8.450000 -0.044122 0.078547 -1.7802
8.475000 -0.034385 0.076339 -2.22011
8.500000 -0.024543 0.073691 -3.00256
8.525000 -0.014685 0.070632 -4.8098
8.550000 -0.004896 0.067188 -13.7242
8.575000 0.004747 0.063388 13.3523
8.600000 0.014172 0.059257 4.18131
8.625000 0.023312 0.054823 2.35167
8.650000 0.032110 0.050115 1.56075
8.675000 0.040511 0.045163 1.11483
8.700000 0.048469 0.039997 0.825195
8.725000 0.055945 0.034645 0.619275
8.750000 0.062903 0.029134 0.46315
8.775000 0.069315 0.023482 0.338765
8.800000 0.075158 0.017704 0.235563
8.825000 0.080413 0.011814 0.146915
8.850000 0.085068 0.005818 0.0683902
8.875000 0.089114 -0.000283 -0.00318057
8.900000 0.092547 -0.006497 -0.0701993
8.925000 0.095366 -0.012827 -0.1345
8.950000 0.097575 -0.019262 -0.197402
8.975000 0.099181 -0.025765 -0.259779
9.000000 0.100193 -0.032282 -0.322202
9.025000 0.100624 -0.038754 -0.385133
9.050000 0.100489 -0.045129 -0.449094
9.075000 0.099806 -0.051376 -0.514756
9.100000 0.098592 -0.057472 -0.582924
9.125000 0.096869 -0.063397 -0.654461
9.150000 0.094660 -0.069118 -0.73017
9.175000 0.091986 -0.074574 -0.810708
9.200000 0.088873 -0.079678 -0.89654
9.225000 0.085345 -0.084318 -0.987969
9.250000 0.081428 -0.088368 -1.08522
9.275000 0.077149 -0.091698 -1.18858
9.300000 0.072532 -0.094191 -1.2986
9.325000 0.067605 -0.095749 -1.4163
9.350000 0.062394 -0.096304 -1.54349
9.375000 0.056924 -0.095817 -1.68323
9.400000 0.051223 -0.094278 -1.84055
9.425000 0.045314 -0.091706 -2.02381
9.450000 0.039223 -0.088144 -2.24729
9.475000 0.032974 -0.083654 -2.53699
9.500000 0.026591 -0.078314 -2.94514
9.525000 0.020097 -0.072215 -3.59329
9.550000 0.013515 -0.065456 -4.8433
9.575000 0.006865 -0.058141 -8.46893
9.600000 0.000169 -0.050374 -297.785
9.625000 -0.006554 -0.042260 6.44836
9.650000 -0.013284 -0.033897 2.55172
9.675000 -0.020004 -0.025382 1.26882
9.700000 -0.026697 -0.016803 0.629417
9.725000 -0.033346 -0.008246 0.247298
9.750000 -0.039936 0.000211 -0.00528505
9.775000 -0.046453 0.008496 -0.1829
9.800000 -0.052883 0.016542 -0.312815
9.825000 -0.059213 0.024290 -0.410214
9.850000 -0.065433 0.031686 -0.484251
9.875000 -0.071531 0.038684 -0.5408
9.900000 -0.077497 0.045244 -0.583818
9.925000 -0.083323 0.051334 -0.616078
9.950000 -0.089000 0.056924 -0.639595
9.975000 -0.094521 0.061993 -0.655867
10.000000 -0.099870 0.066523 -0.666093
10.025000 -0.104875 0.070501 -0.672242
10.050000 -0.109246 0.073918 -0.676617
10.075000 -0.112766 0.076767 -0.680767
10.100000 -0.115278 0.079047 -0.685704
10.125000 -0.116683 0.080757 -0.692103
10.150000 -0.116924 0.081900 -0.700453
10.175000 -0.115985 0.082483 -0.711154
10.200000 -0.113878 0.082516 -0.724596
10.225000 -0.110644 0.082011 -0.741215
10.250000 -0.106341 0.080985 -0.761562
10.275000 -0.101044 0.079458 -0.786371
10.300000 -0.094840 0.077453 -0.816668
10.325000 -0.087823 0.074995 -0.853931
10.350000 -0.080095 0.072113 -0.900347
10.375000 -0.071758 0.068835 -0.959269
10.400000 -0.062917 0.065189 -1.0361
10.425000 -0.053677 0.061201 -1.14017
10.450000 -0.044138 0.056899 -1.2891
10.475000 -0.034400 0.052310 -1.52062
10.500000 -0.024558 0.047464 -1.93277
10.525000 -0.014699 0.042391 -2.88394
10.550000 -0.004909 0.037121 -7.56167
10.575000 0.004734 0.031680 6.69148
10.600000 0.014159 0.026090 1.8426
10.625000 0.023300 0.020372 0.87432
10.650000 0.032098 0.014542 0.453052
10.675000 0.040500 0.008611 0.212608
10.700000 0.048459 0.002577 0.0531738
10.725000 0.055935 -0.003569 -0.0638082
10.750000 0.062893 -0.009836 -0.156392
10.775000 0.069306 -0.016220 -0.234029
10.800000 0.075149 -0.022694 -0.301987
10.825000 0.080405 -0.029213 -0.363327
10.850000 0.085060 -0.035720 -0.419944
10.875000 0.089106 -0.042160 -0.473147
10.900000 0.092539 -0.048488 -0.523971
10.925000 0.095359 -0.054669 -0.573304
10.950000 0.097568 -0.060678 -0.621901
10.975000 0.099174 -0.066480 -0.670334
11.000000 0.100187 -0.072028 -0.718936
11.025000 0.100618 -0.077252 -0.76777
11.050000 0.100483 -0.082058 -0.816634
11.075000 0.099800 -0.086337 -0.865102
11.100000 0.098587 -0.089969 -0.912588
11.125000 0.096864 -0.092836 -0.958421
11.150000 0.094654 -0.094836 -1.00192
11.175000 0.091981 -0.095884 -1.04243
11.200000 0.088868 -0.095925 -1.0794
11.225000 0.085341 -0.094931 -1.11237
11.250000 0.081424 -0.092902 -1.14097
11.275000 0.077145 -0.089865 -1.16489
11.300000 0.072528 -0.085867 -1.18391
11.325000 0.067601 -0.080976 -1.19785
11.350000 0.062390 -0.075275 -1.20651
11.375000 0.056921 -0.068857 -1.20969
11.400000 0.051219 -0.061823 -1.20704
11.425000 0.045310 -0.054280 -1.19795
11.450000 0.039219 -0.046330 -1.1813
11.475000 0.032971 -0.038078 -1.1549
11.500000 0.026588 -0.029622 -1.11411
11.525000 0.020094 -0.021056 -1.04784
11.550000 0.013512 -0.012467 -0.922661
11.575000 0.006863 -0.003938 -0.573874
11.600000 0.000167 0.004454 26.722
11.625000 -0.006556 0.012641 -1.92819
11.650000 -0.013286 0.020558 -1.54732
11.675000 -0.020006 0.028149 -1.40698
11.700000 -0.026699 0.035363 -1.32449
11.725000 -0.033348 0.042157 -1.26415
11.750000 -0.039938 0.048494 -1.21423
11.775000 -0.046454 0.054343 -1.16982
11.800000 -0.052884 0.059679 -1.12849
11.825000 -0.059215 0.064482 -1.08896
11.850000 -0.065435 0.068737 -1.05047
11.875000 -0.071533 0.072432 -1.01257
11.900000 -0.077499 0.075560 -0.974977
11.925000 -0.083325 0.078116 -0.93749
11.950000 -0.089001 0.080100 -0.899981
11.975000 -0.094522 0.081512 -0.862364
12.000000 -0.099872 0.082359 -0.824645
12.025000 -0.104876 0.082647 -0.788048
12.050000 -0.109247 0.082389 -0.754148
12.075000 -0.112767 0.081598 -0.723597
12.100000 -0.115280 0.080293 -0.696509
12.125000 -0.116684 0.078497 -0.672732
12.150000 -0.116925 0.076235 -0.652
12.175000 -0.115986 0.073536 -0.634008
12.200000 -0.113879 0.070428 -0.618446
12.225000 -0.110645 0.066940 -0.605002
12.250000 -0.106342 0.063100 -0.593371
12.275000 -0.101045 0.058935 -0.583252
12.300000 -0.094841 0.054471 -0.574343
12.325000 -0.087824 0.049738 -0.56634
12.350000 -0.080095 0.044765 -0.558901
12.375000 -0.071759 0.039581 -0.551589
12.400000 -0.062918 0.034212 -0.543764
12.425000 -0.053677 0.028685 -0.534389
12.450000 -0.044139 0.023022 -0.521579
12.475000 -0.034401 0.017246 -0.501319
12.500000 -0.024558 0.011370 -0.462986
12.525000 -0.014700 0.005396 -0.367087
12.550000 -0.004910 -0.000685 0.139546
12.575000 0.004734 -0.006885 -1.4544
12.600000 0.014159 -0.013206 -0.932702
12.625000 0.023300 -0.019633 -0.842633
12.650000 0.032098 -0.026132 -0.814125
12.675000 0.040499 -0.032651 -0.806201
12.700000 0.048458 -0.039135 -0.807596
12.725000 0.055935 -0.045532 -0.814023
12.750000 0.062893 -0.051798 -0.823593
12.775000 0.069306 -0.057897 -0.83539
12.800000 0.075149 -0.063793 -0.848889
12.825000 0.080404 -0.069442 -0.863658
12.850000 0.085060 -0.074786 -0.879213
12.875000 0.089106 -0.079746 -0.894962
12.900000 0.092539 -0.084229 -0.910203
12.925000 0.095358 -0.088126 -0.924159
12.950000 0.097568 -0.091326 -0.936027
12.975000 0.099174 -0.093723 -0.945036
13.000000 0.100186 -0.095226 -0.950486
13.025000 0.100618 -0.095765 -0.951774
13.050000 0.100483 -0.095298 -0.948397
13.075000 0.099800 -0.093806 -0.939942
13.100000 0.098586 -0.091298 -0.926075
13.125000 0.096864 -0.087808 -0.90651
13.150000 0.094654 -0.083389 -0.880991
13.175000 0.091981 -0.078115 -0.849254
13.200000 0.088868 -0.072071 -0.810994
13.225000 0.085340 -0.065355 -0.765813
13.250000 0.081424 -0.058068 -0.713161
13.275000 0.077144 -0.050317 -0.652251
13.300000 0.072528 -0.042207 -0.581942
13.325000 0.067601 -0.033839 -0.500569
13.350000 0.062390 -0.025311 -0.405683
13.375000 0.056921 -0.016714 -0.293628
13.400000 0.051219 -0.008134 -0.158807
13.425000 0.045310 0.000348 0.00768338
13.450000 0.039219 0.008659 0.220784
13.475000 0.032971 0.016731 0.507463
13.500000 0.026588 0.024505 0.921645
13.525000 0.020094 0.031925 1.58876
13.550000 0.013512 0.038946 2.88228
13.575000 0.006863 0.045525 6.63386
13.600000 0.000167 0.051630 309.888
13.625000 -0.006556 0.057231 -8.72958
13.650000 -0.013286 0.062306 -4.68948
13.675000 -0.020006 0.066837 -3.34078
13.700000 -0.026699 0.070811 -2.65218
13.725000 -0.033348 0.074218 -2.22555
13.750000 -0.039938 0.077052 -1.9293
13.775000 -0.046455 0.079312 -1.7073
13.800000 -0.052884 0.080997 -1.53158
13.825000 -0.059215 0.082111 -1.38666
13.850000 -0.065435 0.082660 -1.26325
13.875000 -0.071533 0.082654 -1.15548
13.900000 -0.077499 0.082106 -1.05944
13.925000 -0.083325 0.081031 -0.972474
13.950000 -0.089001 0.079452 -0.892701
13.975000 -0.094522 0.077393 -0.818782
14.000000 -0.099872 0.074882 -0.749786
14.025000 -0.104876 0.071950 -0.686054
14.050000 -0.109247 0.068626 -0.628172
14.075000 -0.112767 0.064938 -0.57586
14.100000 -0.115280 0.060914 -0.528401
14.125000 -0.116684 0.056581 -0.484909
14.150000 -0.116925 0.051968 -0.444453
14.175000 -0.115986 0.047102 -0.4061
14.200000 -0.113879 0.042010 -0.368904
14.225000 -0.110645 0.036720 -0.331874
14.250000 -0.106342 0.031258 -0.293937
14.275000 -0.101045 0.025651 -0.253856
14.300000 -0.094841 0.019925 -0.210087
14.325000 -0.087824 0.014098 -0.160521
14.350000 -0.080095 0.008175 -0.102071
14.375000 -0.071759 0.002153 -0.0299972
14.400000 -0.062918 -0.003982 0.063294
14.425000 -0.053677 -0.010237 0.19071
14.450000 -0.044139 -0.016605 0.376204
14.475000 -0.034401 -0.023064 0.670441
14.500000 -0.024558 -0.029572 1.20415
14.525000 -0.014700 -0.036077 2.4543
14.550000 -0.004910 -0.042526 8.66174
14.575000 0.004734 -0.048867 -10.323
14.600000 0.014159 -0.055056 -3.88845
14.625000 0.023300 -0.061051 -2.62023
14.650000 0.032098 -0.066808 -2.0814
14.675000 0.040499 -0.072275 -1.78458
14.700000 0.048458 -0.077384 -1.59691
14.725000 0.055935 -0.082054 -1.46697
14.750000 0.062893 -0.086189 -1.37041
14.775000 0.069306 -0.089686 -1.29406
14.800000 0.075149 -0.092441 -1.23011
14.825000 0.080404 -0.094361 -1.17358
14.850000 0.085060 -0.095366 -1.12117
14.875000 0.089106 -0.095401 -1.07065
14.900000 0.092539 -0.094431 -1.02045
14.925000 0.095358 -0.092451 -0.969508
14.950000 0.097568 -0.089475 -0.917061
14.975000 0.099174 -0.085546 -0.86259
15.000000 0.100186 -0.080723 -0.805733
15.025000 0.100618 -0.075084 -0.746226
15.050000 0.100483 -0.068717 -0.683866
15.075000 0.099800 -0.061723 -0.618466
15.100000 0.098586 -0.054205 -0.54982
15.125000 0.096864 -0.046269 -0.477668
15.150000 0.094654 -0.038019 -0.401661
15.175000 0.091981 -0.029556 -0.321326
15.200000 0.088868 -0.020975 -0.236027
15.225000 0.085340 -0.012367 -0.144915
15.250000 0.081424 -0.003815 -0.0468588
15.275000 0.077144 0.004602 0.0596571
15.300000 0.072528 0.012815 0.176687
15.325000 0.067601 0.020758 0.307064
15.350000 0.062390 0.028374 0.454784
15.375000 0.056921 0.035612 0.625644
15.400000 0.051219 0.042428 0.828363
15.425000 0.045310 0.048783 1.07665
15.450000 0.039219 0.054647 1.39336
15.475000 0.032971 0.059992 1.81955
15.500000 0.026588 0.064799 2.43714
15.525000 0.020094 0.069051 3.43635
15.550000 0.013512 0.072739 5.38324
15.575000 0.006863 0.075853 11.0532
15.600000 0.000167 0.078391 470.517
15.625000 -0.006556 0.080351 -12.2561
15.650000 -0.013286 0.081736 -6.15189
15.675000 -0.020006 0.082551 -4.12623
15.700000 -0.026699 0.082803 -3.10135
15.725000 -0.033348 0.082503 -2.47401
15.750000 -0.039938 0.081666 -2.04483
15.775000 -0.046455 0.080312 -1.72883
15.800000 -0.052884 0.078464 -1.48368
15.825000 -0.059215 0.076150 -1.28598
15.850000 -0.065435 0.073400 -1.12172
15.875000 -0.071533 0.070244 -0.981982
15.900000 -0.077499 0.066712 -0.860812
15.925000 -0.083325 0.062833 -0.754077
15.950000 -0.089001 0.058636 -0.658817
15.975000 -0.094522 0.054147 -0.572853
16.000000 -0.099872 0.049394 -0.494578
16.025000 -0.104876 0.044403 -0.423386
16.050000 -0.109247 0.039199 -0.358805
16.075000 -0.112767 0.033808 -0.299804
16.100000 -0.115280 0.028261 -0.245148
16.125000 -0.116684 0.022584 -0.193551
16.150000 -0.116925 0.016802 -0.143696
16.175000 -0.115986 0.010924 -0.0941873
16.200000 -0.113879 0.004952 -0.0434854
16.225000 -0.110645 -0.001124 0.0101593
16.250000 -0.106342 -0.007314 0.0687758
16.275000 -0.101045 -0.013618 0.134776
16.300000 -0.094841 -0.020025 0.21114
16.325000 -0.087824 -0.026502 0.301766
16.350000 -0.080095 -0.033007 0.412094
16.375000 -0.071759 -0.039486 0.550264
16.400000 -0.062918 -0.045886 0.729307
16.425000 -0.053677 -0.052157 0.971669
16.450000 -0.044139 -0.058249 1.31968
16.475000 -0.034401 -0.064117 1.86381
16.500000 -0.024558 -0.069709 2.83852
16.525000 -0.014700 -0.074965 5.09975
16.550000 -0.004910 -0.079812 16.2561
16.575000 0.004734 -0.084166 -17.7796
16.600000 0.014159 -0.087932 -6.21036
16.625000 0.023300 -0.091012 -3.90613
16.650000 0.032098 -0.093313 -2.90717
16.675000 0.040499 -0.094751 -2.33957
16.700000 0.048458 -0.095260 -1.9658
16.725000 0.055935 -0.094793 -1.69472
16.750000 0.062893 -0.093329 -1.48393
16.775000 0.069306 -0.090870 -1.31115
16.800000 0.075149 -0.087440 -1.16356
16.825000 0.080404 -0.083087 -1.03337
16.850000 0.085060 -0.077877 -0.915561
16.875000 0.089106 -0.071891 -0.806806
16.900000 0.092539 -0.065222 -0.704809
16.925000 0.095358 -0.057971 -0.607931
16.950000 0.097568 -0.050243 -0.514959
16.975000 0.099174 -0.042144 -0.424949
17.000000 0.100186 -0.033776 -0.337129
17.025000 0.100618 -0.025238 -0.250834
17.050000 0.100483 -0.016626 -0.165458
17.075000 0.099800 -0.008026 -0.08042
17.100000 0.098586 0.000480 0.00486453
17.125000 0.096864 0.008816 0.0910112
17.150000 0.094654 0.016914 0.178695
17.175000 0.091981 0.024714 0.268684
17.200000 0.088868 0.032160 0.361881
17.225000 0.085340 0.039204 0.459379
17.250000 0.081424 0.045804 0.562537
17.275000 0.077144 0.051925 0.673095
17.300000 0.072528 0.057539 0.793334
17.325000 0.067601 0.062621 0.926326
17.350000 0.062390 0.067153 1.07634
17.375000 0.056921 0.071121 1.24948
17.400000 0.051219 0.074517 1.45488
17.425000 0.045310 0.077335 1.7068
17.450000 0.039219 0.079573 2.02893
17.475000 0.032971 0.081232 2.46378
17.500000 0.026588 0.082316 3.096
17.525000 0.020094 0.082831 4.12211
17.550000 0.013512 0.082786 6.12685
17.575000 0.006863 0.082194 11.9772
17.600000 0.000167 0.081073 486.613
17.625000 -0.006556 0.079444 -12.1176
17.650000 -0.013286 0.077334 -5.82053
17.675000 -0.020006 0.074773 -3.73744
17.700000 -0.026699 0.071791 -2.68892
17.725000 -0.033348 0.068421 -2.05173
17.750000 -0.039938 0.064691 -1.6198
17.775000 -0.046455 0.060633 -1.3052
17.800000 -0.052884 0.056273 -1.06407
17.825000 -0.059215 0.051638 -0.872049
17.850000 -0.065435 0.046754 -0.714508
17.875000 -0.071533 0.041643 -0.582149
17.900000 -0.077499 0.036332 -0.468802
17.925000 -0.083325 0.030850 -0.370236
17.950000 -0.089001 0.025227 -0.28344
17.975000 -0.094522 0.019488 -0.206174
18.000000 -0.099872 0.013651 -0.136689
18.025000 -0.104876 0.007723 -0.0736352
18.050000 -0.109247 0.001697 -0.0155362
18.075000 -0.112767 -0.004433 0.0393142
18.100000 -0.115280 -0.010675 0.0926009
18.125000 -0.116684 -0.017023 0.145886
18.150000 -0.116925 -0.023456 0.200609
18.175000 -0.115986 -0.029941 0.258141
18.200000 -0.113879 -0.036429 0.319893
18.225000 -0.110645 -0.042869 0.387448
18.250000 -0.106342 -0.049206 0.462718
18.275000 -0.101045 -0.055388 0.548155
18.300000 -0.094841 -0.061364 0.647021
18.325000 -0.087824 -0.067081 0.76381
18.350000 -0.080095 -0.072482 0.904941
18.375000 -0.071759 -0.077500 1.08001
18.400000 -0.062918 -0.082059 1.30423
18.425000 -0.053677 -0.086074 1.60354
18.450000 -0.044139 -0.089452 2.0266
18.475000 -0.034401 -0.092103 2.67733
18.500000 -0.024558 -0.093941 3.82527
18.525000 -0.014700 -0.094895 6.45558
18.550000 -0.004910 -0.094908 19.3309
18.575000 0.004734 -0.093945 -19.8455
18.600000 0.014159 -0.091996 -6.49737
18.625000 0.023300 -0.089069 -3.82272
18.650000 0.032098 -0.085199 -2.65437
18.675000 0.040499 -0.080439 -1.98618
18.700000 0.048458 -0.074860 -1.54483
18.725000 0.055935 -0.068547 -1.22549
18.750000 0.062893 -0.061597 -0.979392
18.775000 0.069306 -0.054111 -0.780761
18.800000 0.075149 -0.046195 -0.614712
18.825000 0.080404 -0.037953 -0.472025
18.850000 0.085060 -0.029488 -0.34667
18.875000 0.089106 -0.020897 -0.234514
18.900000 0.092539 -0.012272 -0.132612
18.925000 0.095358 -0.003699 -0.0387905
18.950000 0.097568 0.004743 0.0486081
18.975000 0.099174 0.012981 0.130889
19.000000 0.100186 0.020950 0.209113
19.025000 0.100618 0.028592 0.284169
19.050000 0.100483 0.035855 0.35683
19.075000 0.099800 0.042694 0.427794
19.100000 0.098586 0.049069 0.497721
19.125000 0.096864 0.054947 0.567261
19.150000 0.094654 0.060302 0.637082
19.175000 0.091981 0.065114 0.707905
19.200000 0.088868 0.069365 0.780535
19.225000 0.085340 0.073044 0.855909
19.250000 0.081424 0.076144 0.935152
19.275000 0.077144 0.078662 1.01967
19.300000 0.072528 0.080598 1.11126
19.325000 0.067601 0.081954 1.21232
19.350000 0.062390 0.082736 1.32611
19.375000 0.056921 0.082951 1.45731
19.400000 0.051219 0.082611 1.61289
19.425000 0.045310 0.081729 1.80377
19.450000 0.039219 0.080328 2.04817
19.475000 0.032971 0.078431 2.3788
19.500000 0.026588 0.076067 2.86094
19.525000 0.020094 0.073267 3.64614
19.550000 0.013512 0.070063 5.18521
19.575000 0.006863 0.066487 9.68835
19.600000 0.000167 0.062571 375.561
19.625000 -0.006556 0.058343 -8.89917
19.650000 -0.013286 0.053831 -4.05159
19.675000 -0.020006 0.049058 -2.45212
19.700000 -0.026699 0.044047 -1.64978
19.725000 -0.033348 0.038824 -1.1642
19.750000 -0.039938 0.033415 -0.83667
19.775000 -0.046455 0.027850 -0.59952
19.800000 -0.052884 0.022159 -0.419004
19.825000 -0.059215 0.016362 -0.276314
19.850000 -0.065435 0.010472 -0.160036
19.875000 -0.071533 0.004490 -0.0627706
19.900000 -0.077499 -0.001589 0.0205038
19.925000 -0.083325 -0.007772 0.0932784
19.950000 -0.089001 -0.014061 0.157981
19.975000 -0.094522 -0.020442 0.216271
