0.000000 0.000001 0.000002 1.97835
0.012500 0.000025 0.000028 1.09418
0.025000 0.000113 0.000116 1.02553
0.037500 0.000300 0.000302 1.00663
0.050000 0.000618 0.000617 0.998722
0.062500 0.001094 0.001088 0.994563
0.075000 0.001750 0.001736 0.992017
0.087500 0.002604 0.002579 0.990273
0.100000 0.003673 0.003633 0.988973
0.112500 0.004969 0.004909 0.987935
0.125000 0.006499 0.006415 0.987062
0.137500 0.008272 0.008159 0.986299
0.150000 0.010291 0.010143 0.98561
0.162500 0.012558 0.012370 0.984974
0.175000 0.015073 0.014838 0.984375
0.187500 0.017834 0.017545 0.983805
0.200000 0.020837 0.020488 0.983256
0.212500 0.024077 0.023661 0.982723
0.225000 0.027547 0.027057 0.982203
0.237500 0.031241 0.030670 0.981693
0.250000 0.035150 0.034489 0.981191
0.262500 0.039265 0.038507 0.980696
0.275000 0.043574 0.042712 0.980207
0.287500 0.048068 0.047094 0.979722
0.300000 0.052735 0.051641 0.979242
0.312500 0.057564 0.056342 0.978765
0.325000 0.062542 0.061184 0.978291
0.337500 0.067656 0.066155 0.97782
0.350000 0.072895 0.071244 0.977352
0.362500 0.078245 0.076436 0.976886
0.375000 0.083693 0.081720 0.976423
0.387500 0.089227 0.087082 0.975962
0.400000 0.094834 0.092511 0.975503
0.412500 0.100502 0.097994 0.975047
0.425000 0.106217 0.103518 0.974593
0.437500 0.111967 0.109071 0.974141
0.450000 0.117739 0.114642 0.973692
0.462500 0.123523 0.120219 0.973246
0.475000 0.129306 0.125790 0.972802
0.487500 0.135077 0.131344 0.972361
0.500000 0.140825 0.136871 0.971923
0.512500 0.146539 0.142361 0.971494
0.525000 0.152208 0.147805 0.971072
0.537500 0.157822 0.153192 0.970658
0.550000 0.163373 0.158512 0.97025
0.562500 0.168849 0.163758 0.969846
0.575000 0.174244 0.168920 0.969446
0.587500 0.179547 0.173990 0.96905
0.600000 0.184752 0.178961 0.968657
0.612500 0.189849 0.183825 0.968269
0.625000 0.194833 0.188575 0.967885
0.637500 0.199695 0.193206 0.967505
0.650000 0.204430 0.197710 0.967129
0.662500 0.209032 0.202083 0.966757
0.675000 0.213494 0.206318 0.966389
0.687500 0.217812 0.210412 0.966025
0.700000 0.221980 0.214359 0.965665
0.712500 0.225995 0.218155 0.965309
0.725000 0.229852 0.221797 0.964958
0.737500 0.233547 0.225282 0.964612
0.750000 0.237077 0.228606 0.964271
0.762500 0.240438 0.231767 0.963935
0.775000 0.243629 0.234763 0.963605
0.787500 0.246647 0.237590 0.963281
0.800000 0.249490 0.240249 0.962962
0.812500 0.252156 0.242737 0.962648
0.825000 0.254643 0.245053 0.962339
0.837500 0.256952 0.247196 0.962034
0.850000 0.259080 0.249166 0.961734
0.862500 0.261028 0.250962 0.961437
0.875000 0.262795 0.252583 0.961144
0.887500 0.264381 0.254031 0.960854
0.900000 0.265787 0.255306 0.960566
0.912500 0.267013 0.256407 0.960281
0.925000 0.268060 0.257337 0.959998
0.937500 0.268928 0.258095 0.959717
0.950000 0.269620 0.258684 0.959437
0.962500 0.270137 0.259104 0.959158
0.975000 0.270479 0.259357 0.958878
0.987500 0.270649 0.259444 0.958598
1.000000 0.270649 0.259368 0.958317
1.012500 0.270481 0.259131 0.958035
1.025000 0.270148 0.258734 0.957751
1.037500 0.269650 0.258181 0.957464
1.050000 0.268992 0.257473 0.957175
1.062500 0.268176 0.256613 0.956883
1.075000 0.267205 0.255605 0.956588
1.087500 0.266080 0.254450 0.95629
1.100000 0.264807 0.253152 0.955989
1.112500 0.263387 0.251715 0.955684
1.125000 0.261824 0.250140 0.955376
1.137500 0.260121 0.248432 0.955064
1.150000 0.258281 0.246594 0.954749
1.162500 0.256309 0.244629 0.954432
1.175000 0.254206 0.242541 0.954111
1.187500 0.251978 0.240333 0.953787
1.200000 0.249626 0.238009 0.953462
1.212500 0.247156 0.235573 0.953134
1.225000 0.244570 0.233028 0.952806
1.237500 0.241873 0.230378 0.952477
1.250000 0.239067 0.227628 0.952149
1.262500 0.236158 0.224780 0.951821
1.275000 0.233147 0.221838 0.951495
1.287500 0.230040 0.218807 0.951172
1.300000 0.226839 0.215690 0.950852
1.312500 0.223549 0.212491 0.950536
1.325000 0.220173 0.209214 0.950226
1.337500 0.216715 0.205862 0.949921
1.350000 0.213178 0.202439 0.949624
1.362500 0.209567 0.198949 0.949335
1.375000 0.205884 0.195395 0.949054
1.387500 0.202135 0.191782 0.948782
1.400000 0.198321 0.188111 0.948519
1.412500 0.194446 0.184387 0.948264
1.425000 0.190515 0.180612 0.948016
1.437500 0.186531 0.176789 0.947772
1.450000 0.182496 0.172921 0.94753
1.462500 0.178415 0.169010 0.947284
1.475000 0.174291 0.165059 0.947031
1.487500 0.170127 0.161070 0.946763
1.500000 0.165927 0.157046 0.946476
1.512500 0.161693 0.152988 0.946163
1.525000 0.157428 0.148898 0.945818
1.537500 0.153137 0.144781 0.945434
1.550000 0.148821 0.140637 0.945005
1.562500 0.144485 0.136469 0.944524
1.575000 0.140130 0.132281 0.943986
1.587500 0.135760 0.128074 0.943386
1.600000 0.131377 0.123851 0.942718
1.612500 0.126985 0.119617 0.941978
1.625000 0.122585 0.115373 0.941165
1.637500 0.118181 0.111123 0.940277
1.650000 0.113776 0.106871 0.939316
1.662500 0.109371 0.102621 0.938285
1.675000 0.104969 0.098376 0.93719
1.687500 0.100573 0.094141 0.936042
1.700000 0.096185 0.089919 0.934856
1.712500 0.091806 0.085715 0.933651
1.725000 0.087441 0.081535 0.932456
1.737500 0.083089 0.077381 0.931302
1.750000 0.078754 0.073258 0.930213
1.762500 0.074438 0.069166 0.929175
1.775000 0.070142 0.065098 0.928087
1.787500 0.065869 0.061046 0.926791
1.800000 0.061619 0.057009 0.925187
1.812500 0.057396 0.052993 0.923289
1.825000 0.053200 0.049011 0.921261
1.837500 0.049034 0.045083 0.919435
1.850000 0.044898 0.041232 0.918354
1.862500 0.040795 0.037484 0.918834
1.875000 0.036726 0.033864 0.92207
1.887500 0.032692 0.030397 0.929819
1.900000 0.028694 0.027109 0.944753
1.912500 0.024735 0.024021 0.97114
1.925000 0.020814 0.021153 1.01627
1.937500 0.016934 0.018522 1.09381
1.950000 0.013095 0.016144 1.23285
1.962500 0.009299 0.014029 1.50876
1.975000 0.005546 0.012187 2.19754
1.987500 0.001837 0.010623 5.782
2.000000 -0.001825 0.009342 -5.11903
2.012500 -0.005418 0.008344 -1.54013
2.025000 -0.008900 0.007629 -0.857253
2.037500 -0.012234 0.007196 -0.588162
2.050000 -0.015390 0.007040 -0.457411
2.062500 -0.018339 0.007155 -0.390156
2.075000 -0.021058 0.007536 -0.357854
2.087500 -0.023527 0.008174 -0.347407
2.100000 -0.025732 0.009060 -0.352102
2.112500 -0.027659 0.010186 -0.368275
2.125000 -0.029298 0.011541 -0.393901
2.137500 -0.030643 0.013113 -0.427925
2.150000 -0.031690 0.014892 -0.46993
2.162500 -0.032435 0.016865 -0.519974
2.175000 -0.032880 0.019021 -0.578516
2.187500 -0.033025 0.021348 -0.646406
2.200000 -0.032874 0.023831 -0.724917
2.212500 -0.032433 0.026460 -0.815833
2.225000 -0.031707 0.029221 -0.921596
2.237500 -0.030703 0.032101 -1.04554
2.250000 -0.029430 0.035088 -1.19225
2.262500 -0.027898 0.038170 -1.36819
2.275000 -0.026116 0.041333 -1.58266
2.287500 -0.024096 0.044566 -1.84953
2.300000 -0.021848 0.047856 -2.19043
2.312500 -0.019385 0.051194 -2.64094
2.325000 -0.016718 0.054568 -3.26393
2.337500 -0.013862 0.057967 -4.18186
2.350000 -0.010827 0.061381 -5.66937
2.362500 -0.007627 0.064799 -8.49594
2.375000 -0.004275 0.068211 -15.9542
2.387500 -0.000785 0.071607 -91.2177
2.400000 0.002831 0.074979 26.4838
2.412500 0.006560 0.078317 11.9385
2.425000 0.010389 0.081614 7.85592
2.437500 0.014305 0.084860 5.9323
2.450000 0.018295 0.088049 4.81264
2.462500 0.022348 0.091173 4.07964
2.475000 0.026451 0.094224 3.56218
2.487500 0.030593 0.097197 3.17713
2.500000 0.034761 0.100086 2.87924
2.512500 0.038945 0.102884 2.64175
2.525000 0.043135 0.105587 2.44785
2.537500 0.047318 0.108189 2.28643
2.550000 0.051486 0.110686 2.14985
2.562500 0.055628 0.113075 2.03269
2.575000 0.059735 0.115350 1.93102
2.587500 0.063799 0.117510 1.84188
2.600000 0.067810 0.119550 1.76303
2.612500 0.071760 0.121469 1.69271
2.625000 0.075642 0.123263 1.62956
2.637500 0.079447 0.124930 1.57249
2.650000 0.083170 0.126469 1.5206
2.662500 0.086804 0.127877 1.47317
2.675000 0.090341 0.129153 1.42962
2.687500 0.093777 0.130297 1.38943
2.700000 0.097106 0.131306 1.35219
2.712500 0.100323 0.132181 1.31755
2.725000 0.103423 0.132920 1.28521
2.737500 0.106402 0.133525 1.25491
2.750000 0.109255 0.133994 1.22643
2.762500 0.111981 0.134328 1.19957
2.775000 0.114574 0.134527 1.17415
2.787500 0.117032 0.134592 1.15005
2.800000 0.119353 0.134524 1.12711
2.812500 0.121534 0.134322 1.10523
2.825000 0.123573 0.133990 1.08429
2.837500 0.125469 0.133527 1.06422
2.850000 0.127220 0.132935 1.04492
2.862500 0.128825 0.132215 1.02631
2.875000 0.130284 0.131371 1.00834
2.887500 0.131596 0.130403 0.990935
2.900000 0.132760 0.129313 0.97404
2.912500 0.133776 0.128104 0.957604
2.925000 0.134645 0.126779 0.941579
2.937500 0.135367 0.125339 0.92592
2.950000 0.135943 0.123788 0.910586
2.962500 0.136373 0.122127 0.895538
2.975000 0.136658 0.120360 0.88074
2.987500 0.136800 0.118490 0.866155
3.000000 0.136800 0.116520 0.851752
3.012500 0.136660 0.114453 0.837499
3.025000 0.136381 0.112291 0.823365
3.037500 0.135965 0.110039 0.80932
3.050000 0.135413 0.107699 0.795336
3.062500 0.134729 0.105275 0.781383
3.075000 0.133915 0.102771 0.767433
3.087500 0.132972 0.100188 0.753457
3.100000 0.131903 0.097532 0.739426
3.112500 0.130711 0.094806 0.725309
3.125000 0.129398 0.092012 0.711076
3.137500 0.127967 0.089154 0.696694
3.150000 0.126422 0.086236 0.682131
3.162500 0.124764 0.083261 0.667352
3.175000 0.122996 0.080233 0.65232
3.187500 0.121123 0.077155 0.636996
3.200000 0.119146 0.074030 0.621337
3.212500 0.117068 0.070861 0.605297
3.225000 0.114894 0.067652 0.588824
3.237500 0.112626 0.064406 0.57186
3.250000 0.110267 0.061125 0.554337
3.262500 0.107821 0.057811 0.536181
3.275000 0.105290 0.054467 0.517304
3.287500 0.102678 0.051094 0.497609
3.300000 0.099989 0.047693 0.476982
3.312500 0.097225 0.044266 0.455297
3.325000 0.094389 0.040815 0.432408
3.337500 0.091486 0.037340 0.40815
3.350000 0.088517 0.033843 0.38233
3.362500 0.085487 0.030325 0.35473
3.375000 0.082398 0.026787 0.325097
3.387500 0.079255 0.023232 0.293133
3.400000 0.076059 0.019661 0.258494
3.412500 0.072814 0.016075 0.220767
3.425000 0.069523 0.012477 0.179464
3.437500 0.066190 0.008869 0.133996
3.450000 0.062817 0.005254 0.0836447
3.462500 0.059407 0.001635 0.0275262
3.475000 0.055963 -0.001985 -0.0354628
3.487500 0.052488 -0.005601 -0.106717
3.500000 0.048986 -0.009211 -0.188025
3.512500 0.045458 -0.012806 -0.28171
3.525000 0.041908 -0.016380 -0.390857
3.537500 0.038339 -0.019924 -0.519687
3.550000 0.034752 -0.023431 -0.674211
3.562500 0.031152 -0.026896 -0.863378
3.575000 0.027540 -0.030322 -1.10102
3.587500 0.023918 -0.033713 -1.4095
3.600000 0.020290 -0.037074 -1.82716
3.612500 0.016658 -0.040408 -2.4257
3.625000 0.013024 -0.043715 -3.35642
3.637500 0.009391 -0.046992 -5.00391
3.650000 0.005761 -0.050230 -8.71962
3.662500 0.002135 -0.053416 -25.0181
3.675000 -0.001483 -0.056536 38.1197
3.687500 -0.005092 -0.059570 11.6986
3.700000 -0.008690 -0.062497 7.19219
3.712500 -0.012274 -0.065296 5.31994
3.725000 -0.015843 -0.067944 4.28864
3.737500 -0.019395 -0.070419 3.63085
3.750000 -0.022927 -0.072700 3.17088
3.762500 -0.026439 -0.074768 2.8279
3.775000 -0.029929 -0.076606 2.5596
3.787500 -0.033395 -0.078200 2.34169
3.800000 -0.036835 -0.079537 2.1593
3.812500 -0.040247 -0.080608 2.00281
3.825000 -0.043632 -0.081405 1.86574
3.837500 -0.046986 -0.081924 1.74359
3.850000 -0.050308 -0.082162 1.63317
3.862500 -0.053598 -0.082118 1.53212
3.875000 -0.056854 -0.081796 1.4387
3.887500 -0.060074 -0.081196 1.3516
3.900000 -0.063259 -0.080326 1.2698
3.912500 -0.066405 -0.079189 1.19252
3.925000 -0.069514 -0.077795 1.11914
3.937500 -0.072582 -0.076152 1.04918
3.950000 -0.075611 -0.074268 0.982246
3.962500 -0.078597 -0.072155 0.918033
3.975000 -0.081542 -0.069823 0.856283
3.987500 -0.084444 -0.067284 0.79679
4.000000 -0.087301 -0.064550 0.739393
4.012500 -0.090090 -0.061632 0.684116
4.025000 -0.092771 -0.058544 0.631062
4.037500 -0.095306 -0.055298 0.580218
4.050000 -0.097665 -0.051908 0.531492
4.062500 -0.099819 -0.048386 0.48474
4.075000 -0.101745 -0.044746 0.439787
4.087500 -0.103425 -0.041001 0.396434
4.100000 -0.104842 -0.037164 0.354473
4.112500 -0.105984 -0.033246 0.313689
4.125000 -0.106842 -0.029261 0.273867
4.137500 -0.107409 -0.025219 0.234793
4.150000 -0.107680 -0.021132 0.196252
4.162500 -0.107654 -0.017013 0.158032
4.175000 -0.107330 -0.012871 0.119921
4.187500 -0.106710 -0.008718 0.0816992
4.200000 -0.105798 -0.004564 0.0431417
4.212500 -0.104598 -0.000420 0.00401246
4.225000 -0.103118 0.003706 -0.0359393
4.237500 -0.101364 0.007803 -0.0769838
4.250000 -0.099345 0.011863 -0.119417
4.262500 -0.097070 0.015878 -0.16357
4.275000 -0.094550 0.019838 -0.209813
4.287500 -0.091795 0.023736 -0.258574
4.300000 -0.088817 0.027564 -0.310349
4.312500 -0.085628 0.031316 -0.365724
4.325000 -0.082240 0.034985 -0.425399
4.337500 -0.078666 0.038564 -0.490226
4.350000 -0.074918 0.042048 -0.561252
4.362500 -0.071010 0.045431 -0.639788
4.375000 -0.066955 0.048709 -0.727499
4.387500 -0.062765 0.051878 -0.826537
4.400000 -0.058454 0.054932 -0.93974
4.412500 -0.054036 0.057869 -1.07093
4.425000 -0.049522 0.060684 -1.2254
4.437500 -0.044925 0.063375 -1.41068
4.450000 -0.040259 0.065940 -1.63787
4.462500 -0.035536 0.068374 -1.9241
4.475000 -0.030767 0.070677 -2.29718
4.487500 -0.025964 0.072846 -2.80561
4.500000 -0.021140 0.074879 -3.54207
4.512500 -0.016305 0.076776 -4.70879
4.525000 -0.011470 0.078534 -6.84712
4.537500 -0.006645 0.080153 -12.062
4.550000 -0.001841 0.081632 -44.3336
4.562500 0.002932 0.082971 28.2994
4.575000 0.007665 0.084169 10.9807
4.587500 0.012349 0.085226 6.90124
4.600000 0.016976 0.086143 5.07437
4.612500 0.021537 0.086920 4.03582
4.625000 0.026024 0.087556 3.3644
4.637500 0.030430 0.088053 2.89359
4.650000 0.034749 0.088412 2.54434
4.662500 0.038972 0.088634 2.2743
4.675000 0.043095 0.088720 2.05872
4.687500 0.047110 0.088670 1.88218
4.700000 0.051014 0.088488 1.73459
4.712500 0.054800 0.088175 1.60902
4.725000 0.058465 0.087732 1.5006
4.737500 0.062003 0.087162 1.40578
4.750000 0.065411 0.086468 1.32192
4.762500 0.068685 0.085651 1.24701
4.775000 0.071822 0.084714 1.1795
4.787500 0.074819 0.083660 1.11817
4.800000 0.077673 0.082492 1.06204
4.812500 0.080383 0.081212 1.01032
4.825000 0.082946 0.079825 0.962371
4.837500 0.085360 0.078332 0.917661
4.850000 0.087625 0.076737 0.875745
4.862500 0.089738 0.075044 0.836248
4.875000 0.091700 0.073255 0.798852
4.887500 0.093510 0.071375 0.763283
4.900000 0.095167 0.069406 0.729304
4.912500 0.096672 0.067352 0.696709
4.925000 0.098025 0.065217 0.665316
4.937500 0.099225 0.063004 0.634961
4.950000 0.100274 0.060716 0.605502
4.962500 0.101173 0.058357 0.576807
4.975000 0.101922 0.055930 0.548759
4.987500 0.102523 0.053440 0.521249
5.000000 0.102977 0.050889 0.494178
5.012500 0.103286 0.048281 0.467454
5.025000 0.103451 0.045621 0.44099
5.037500 0.103474 0.042911 0.414701
5.050000 0.103358 0.040155 0.388505
5.062500 0.103104 0.037356 0.362318
5.075000 0.102715 0.034518 0.336055
5.087500 0.102193 0.031642 0.309628
5.100000 0.101540 0.028730 0.282945
5.112500 0.100760 0.025785 0.255909
5.125000 0.099854 0.022808 0.228418
5.137500 0.098826 0.019801 0.200361
5.150000 0.097678 0.016764 0.171622
5.162500 0.096413 0.013698 0.142075
5.175000 0.095035 0.010604 0.111583
5.187500 0.093546 0.007484 0.0800014
5.200000 0.091949 0.004337 0.0471693
5.212500 0.090248 0.001165 0.0129134
5.225000 0.088445 -0.002030 -0.0229566
5.237500 0.086544 -0.005249 -0.0606515
5.250000 0.084548 -0.008489 -0.100406
5.262500 0.082460 -0.011749 -0.142485
5.275000 0.080284 -0.015028 -0.18719
5.287500 0.078023 -0.018325 -0.234862
5.300000 0.075679 -0.021635 -0.285882
5.312500 0.073257 -0.024956 -0.340662
5.325000 0.070759 -0.028279 -0.399648
5.337500 0.068190 -0.031595 -0.463334
5.350000 0.065551 -0.034893 -0.532305
5.362500 0.062847 -0.038166 -0.607285
5.375000 0.060080 -0.041407 -0.689194
5.387500 0.057254 -0.044613 -0.779206
5.400000 0.054373 -0.047783 -0.878816
5.412500 0.051438 -0.050920 -0.989929
5.425000 0.048454 -0.054024 -1.11497
5.437500 0.045423 -0.057098 -1.25703
5.450000 0.042348 -0.060141 -1.42015
5.462500 0.039234 -0.063152 -1.60965
5.475000 0.036081 -0.066126 -1.83269
5.487500 0.032895 -0.069055 -2.09927
5.500000 0.029676 -0.071928 -2.42374
5.512500 0.026429 -0.074731 -2.82757
5.525000 0.023156 -0.077448 -3.34454
5.537500 0.019860 -0.080061 -4.03114
5.550000 0.016544 -0.082549 -4.98963
5.562500 0.013210 -0.084893 -6.4264
5.575000 0.009861 -0.087073 -8.83005
5.587500 0.006499 -0.089069 -13.7041
5.600000 0.003128 -0.090863 -29.0487
5.612500 -0.000251 -0.092438 368.238
5.625000 -0.003635 -0.093779 25.7985
5.637500 -0.007022 -0.094874 13.5114
5.650000 -0.010409 -0.095713 9.19525
5.662500 -0.013794 -0.096287 6.98023
5.675000 -0.017175 -0.096590 5.62376
5.687500 -0.020550 -0.096620 4.70161
5.700000 -0.023917 -0.096375 4.02952
5.712500 -0.027274 -0.095855 3.51456
5.725000 -0.030618 -0.095063 3.10481
5.737500 -0.033948 -0.094002 2.76901
5.750000 -0.037262 -0.092679 2.48723
5.762500 -0.040558 -0.091101 2.24616
5.775000 -0.043835 -0.089274 2.03659
5.787500 -0.047091 -0.087209 1.85194
5.800000 -0.050323 -0.084916 1.6874
5.812500 -0.053532 -0.082404 1.53934
5.825000 -0.056714 -0.079685 1.40502
5.837500 -0.059869 -0.076771 1.28231
5.850000 -0.062996 -0.073674 1.1695
5.862500 -0.066092 -0.070407 1.06528
5.875000 -0.069157 -0.066983 0.968563
5.887500 -0.072189 -0.063416 0.878461
5.900000 -0.075188 -0.059718 0.794249
5.912500 -0.078152 -0.055903 0.715316
5.925000 -0.081079 -0.051984 0.641151
5.937500 -0.083970 -0.047974 0.571317
5.950000 -0.086823 -0.043884 0.505442
5.962500 -0.089637 -0.039728 0.443207
5.975000 -0.092411 -0.035517 0.384336
5.987500 -0.095144 -0.031263 0.328586
6.000000 -0.097835 -0.026978 0.275749
6.012500 -0.100461 -0.022673 0.225687
6.025000 -0.102981 -0.018358 0.178268
6.037500 -0.105357 -0.014045 0.133305
6.050000 -0.107559 -0.009742 0.0905753
6.062500 -0.109558 -0.005461 0.0498422
6.075000 -0.111332 -0.001209 0.0108627
6.087500 -0.112862 0.003003 -0.0266035
6.100000 -0.114131 0.007166 -0.0627907
6.112500 -0.115128 0.011274 -0.0979245
6.125000 -0.115842 0.015317 -0.132223
6.137500 -0.116267 0.019288 -0.165896
6.150000 -0.116399 0.023180 -0.199147
6.162500 -0.116235 0.026987 -0.232177
6.175000 -0.115775 0.030702 -0.265185
6.187500 -0.115021 0.034319 -0.29837
6.200000 -0.113978 0.037833 -0.331937
6.212500 -0.112648 0.041240 -0.366095
6.225000 -0.111040 0.044534 -0.401067
6.237500 -0.109160 0.047713 -0.43709
6.250000 -0.107016 0.050771 -0.474421
6.262500 -0.104619 0.053706 -0.513343
6.275000 -0.101978 0.056514 -0.554175
6.287500 -0.099105 0.059193 -0.597274
6.300000 -0.096010 0.061740 -0.643057
6.312500 -0.092705 0.064153 -0.692006
6.325000 -0.089204 0.066430 -0.744695
6.337500 -0.085518 0.068569 -0.801811
6.350000 -0.081660 0.070569 -0.864186
6.362500 -0.077643 0.072429 -0.932848
6.375000 -0.073481 0.074148 -1.00908
6.387500 -0.069186 0.075725 -1.09452
6.400000 -0.064771 0.077160 -1.19126
6.412500 -0.060250 0.078451 -1.30209
6.425000 -0.055636 0.079601 -1.43074
6.437500 -0.050940 0.080607 -1.58238
6.450000 -0.046177 0.081471 -1.76434
6.462500 -0.041357 0.082193 -1.98741
6.475000 -0.036493 0.082773 -2.2682
6.487500 -0.031597 0.083213 -2.63356
6.500000 -0.026681 0.083514 -3.1301
6.512500 -0.021755 0.083676 -3.84626
6.525000 -0.016831 0.083701 -4.97309
6.537500 -0.011919 0.083592 -7.01358
6.550000 -0.007028 0.083348 -11.8589
6.562500 -0.002170 0.082974 -38.2368
6.575000 0.002647 0.082471 31.1557
6.587500 0.007414 0.081841 11.0389
6.600000 0.012122 0.081086 6.68929
6.612500 0.016763 0.080210 4.78506
6.625000 0.021329 0.079216 3.71405
6.637500 0.025813 0.078106 3.02589
6.650000 0.030207 0.076883 2.5452
6.662500 0.034506 0.075551 2.18952
6.675000 0.038702 0.074113 1.91495
6.687500 0.042791 0.072572 1.69597
6.700000 0.046766 0.070932 1.51674
6.712500 0.050623 0.069196 1.36689
6.725000 0.054357 0.067369 1.23937
6.737500 0.057964 0.065452 1.12919
6.750000 0.061439 0.063450 1.03273
6.762500 0.064779 0.061366 0.947308
6.775000 0.067982 0.059203 0.870873
6.787500 0.071043 0.056965 0.801848
6.800000 0.073960 0.054656 0.738991
6.812500 0.076732 0.052279 0.681314
6.825000 0.079356 0.049837 0.628019
6.837500 0.081831 0.047336 0.578455
6.850000 0.084155 0.044777 0.532084
6.862500 0.086327 0.042167 0.488453
6.875000 0.088346 0.039507 0.447183
6.887500 0.090213 0.036802 0.407945
6.900000 0.091925 0.034054 0.370456
6.912500 0.093485 0.031267 0.334466
6.925000 0.094891 0.028444 0.299752
6.937500 0.096145 0.025585 0.266114
6.950000 0.097246 0.022694 0.233368
6.962500 0.098196 0.019771 0.201345
6.975000 0.098995 0.016818 0.169888
6.987500 0.099646 0.013836 0.138849
7.000000 0.100149 0.010825 0.108086
7.012500 0.100506 0.007786 0.077467
7.025000 0.100718 0.004720 0.046863
7.037500 0.100788 0.001628 0.0161499
7.050000 0.100718 -0.001490 -0.0147963
7.062500 0.100509 -0.004634 -0.0461033
7.075000 0.100164 -0.007803 -0.0779058
7.087500 0.099686 -0.011000 -0.110345
7.100000 0.099076 -0.014224 -0.143563
7.112500 0.098338 -0.017474 -0.177691
7.125000 0.097474 -0.020747 -0.212843
7.137500 0.096486 -0.024036 -0.249115
7.150000 0.095379 -0.027335 -0.28659
7.162500 0.094154 -0.030633 -0.325347
7.175000 0.092814 -0.033921 -0.365471
7.187500 0.091363 -0.037191 -0.407067
7.200000 0.089804 -0.040436 -0.450269
7.212500 0.088140 -0.043651 -0.495246
7.225000 0.086374 -0.046833 -0.54221
7.237500 0.084508 -0.049979 -0.591414
7.250000 0.082548 -0.053091 -0.643157
7.262500 0.080494 -0.056167 -0.69778
7.275000 0.078352 -0.059208 -0.755668
7.287500 0.076124 -0.062212 -0.817248
7.300000 0.073814 -0.065177 -0.882989
7.312500 0.071424 -0.068096 -0.95341
7.325000 0.068958 -0.070964 -1.02908
7.337500 0.066420 -0.073769 -1.11064
7.350000 0.063812 -0.076499 -1.19882
7.362500 0.061138 -0.079140 -1.29445
7.375000 0.058401 -0.081676 -1.39853
7.387500 0.055605 -0.084088 -1.51225
7.400000 0.052752 -0.086359 -1.63708
7.412500 0.049845 -0.088469 -1.77487
7.425000 0.046889 -0.090401 -1.92799
7.437500 0.043886 -0.092138 -2.0995
7.450000 0.040838 -0.093662 -2.2935
7.462500 0.037750 -0.094961 -2.51552
7.475000 0.034624 -0.096020 -2.77324
7.487500 0.031462 -0.096829 -3.0776
7.500000 0.028269 -0.097380 -3.44472
7.512500 0.025047 -0.097666 -3.89931
7.525000 0.021799 -0.097683 -4.4812
7.537500 0.018526 -0.097429 -5.25893
7.550000 0.015234 -0.096903 -6.36117
7.562500 0.011923 -0.096108 -8.06093
7.575000 0.008596 -0.095045 -11.0566
7.587500 0.005257 -0.093721 -17.8277
7.600000 0.001908 -0.092142 -48.3044
7.612500 -0.001450 -0.090315 62.2921
7.625000 -0.004813 -0.088248 18.3366
7.637500 -0.008179 -0.085951 10.5093
7.650000 -0.011545 -0.083434 7.22671
7.662500 -0.014910 -0.080708 5.4129
7.675000 -0.018272 -0.077785 4.25715
7.687500 -0.021627 -0.074678 3.45298
7.700000 -0.024975 -0.071400 2.85889
7.712500 -0.028312 -0.067964 2.40048
7.725000 -0.031638 -0.064382 2.03494
7.737500 -0.034950 -0.060668 1.73586
7.750000 -0.038246 -0.056836 1.48606
7.762500 -0.041525 -0.052899 1.27389
7.775000 -0.044785 -0.048868 1.09118
7.787500 -0.048023 -0.044758 0.93201
7.800000 -0.051239 -0.040581 0.791983
7.812500 -0.054431 -0.036348 0.667779
7.825000 -0.057598 -0.032072 0.556833
7.837500 -0.060737 -0.027765 0.457133
7.850000 -0.063848 -0.023437 0.367077
7.862500 -0.066929 -0.019100 0.285373
7.875000 -0.069979 -0.014763 0.210968
7.887500 -0.072996 -0.010438 0.142994
7.900000 -0.075980 -0.006134 0.0807275
7.912500 -0.078930 -0.001860 0.0235633
7.925000 -0.081844 0.002374 -0.0290116
7.937500 -0.084721 0.006560 -0.0774344
7.950000 -0.087560 0.010689 -0.122081
7.962500 -0.090360 0.014754 -0.163275
7.975000 -0.093121 0.018745 -0.201301
7.987500 -0.095842 0.022658 -0.236407
8.000000 -0.098521 0.026484 -0.268814
8.012500 -0.101134 0.030217 -0.298786
8.025000 -0.103641 0.033853 -0.326634
8.037500 -0.106006 0.037385 -0.352667
8.050000 -0.108196 0.040808 -0.377172
8.062500 -0.110183 0.044119 -0.400413
8.075000 -0.111946 0.047313 -0.422636
8.087500 -0.113465 0.050385 -0.444061
8.100000 -0.114723 0.053334 -0.464891
8.112500 -0.115709 0.056155 -0.485311
8.125000 -0.116413 0.058846 -0.505494
8.137500 -0.116827 0.061404 -0.525598
8.150000 -0.116949 0.063828 -0.545775
8.162500 -0.116775 0.066114 -0.566171
8.175000 -0.116305 0.068263 -0.586928
8.187500 -0.115542 0.070271 -0.608188
8.200000 -0.114489 0.072139 -0.630095
8.212500 -0.113150 0.073864 -0.6528
8.225000 -0.111532 0.075447 -0.676462
8.237500 -0.109643 0.076887 -0.70125
8.250000 -0.107491 0.078184 -0.727352
8.262500 -0.105085 0.079337 -0.754976
8.275000 -0.102436 0.080346 -0.784356
8.287500 -0.099554 0.081212 -0.815762
8.300000 -0.096451 0.081935 -0.849505
8.312500 -0.093138 0.082516 -0.885955
8.325000 -0.089629 0.082956 -0.925548
8.337500 -0.085935 0.083255 -0.968812
8.350000 -0.082069 0.083414 -1.01639
8.362500 -0.078045 0.083437 -1.06908
8.375000 -0.073875 0.083323 -1.12788
8.387500 -0.069573 0.083075 -1.19406
8.400000 -0.065152 0.082694 -1.26926
8.412500 -0.060624 0.082184 -1.35565
8.425000 -0.056002 0.081547 -1.45614
8.437500 -0.051300 0.080784 -1.57475
8.450000 -0.046529 0.079900 -1.71719
8.462500 -0.041703 0.078896 -1.89186
8.475000 -0.036833 0.077777 -2.11161
8.487500 -0.031931 0.076544 -2.39719
8.500000 -0.027008 0.075203 -2.78443
8.512500 -0.022077 0.073756 -3.34091
8.525000 -0.017146 0.072206 -4.21119
8.537500 -0.012228 0.070558 -5.77015
8.550000 -0.007332 0.068815 -9.38533
8.562500 -0.002468 0.066980 -27.1369
8.575000 0.002354 0.065057 27.6325
8.587500 0.007127 0.063049 8.84695
8.600000 0.011840 0.060959 5.1486
8.612500 0.016486 0.058791 3.5661
8.625000 0.021057 0.056548 2.68544
8.637500 0.025546 0.054234 2.12299
8.650000 0.029945 0.051853 1.73157
8.662500 0.034249 0.049408 1.4426
8.675000 0.038450 0.046903 1.21983
8.687500 0.042544 0.044343 1.04228
8.700000 0.046524 0.041730 0.896972
8.712500 0.050385 0.039070 0.775427
8.725000 0.054123 0.036365 0.671888
8.737500 0.057734 0.033618 0.582294
8.750000 0.061214 0.030833 0.5037
8.762500 0.064559 0.028012 0.433908
8.775000 0.067765 0.025158 0.37125
8.787500 0.070830 0.022271 0.314426
8.800000 0.073752 0.019353 0.262413
8.812500 0.076528 0.016407 0.214392
8.825000 0.079155 0.013432 0.169697
8.837500 0.081634 0.010432 0.127785
8.850000 0.083961 0.007405 0.088199
8.862500 0.086137 0.004354 0.0505485
8.875000 0.088160 0.001277 0.0144899
8.887500 0.090030 -0.001826 -0.0202846
8.900000 0.091746 -0.004959 -0.0540503
8.912500 0.093309 -0.008123 -0.0870496
8.925000 0.094719 -0.011318 -0.11949
8.937500 0.095975 -0.014544 -0.151541
8.950000 0.097080 -0.017798 -0.183339
8.962500 0.098033 -0.021076 -0.214987
8.975000 0.098835 -0.024369 -0.246563
8.987500 0.099489 -0.027671 -0.278128
9.000000 0.099995 -0.030972 -0.309732
9.012500 0.100355 -0.034264 -0.341425
9.025000 0.100570 -0.037539 -0.373258
9.037500 0.100643 -0.040790 -0.405296
9.050000 0.100575 -0.044013 -0.43761
9.062500 0.100369 -0.047203 -0.470289
9.075000 0.100027 -0.050357 -0.503432
9.087500 0.099551 -0.053474 -0.537149
9.100000 0.098944 -0.056552 -0.571555
9.112500 0.098208 -0.059590 -0.60677
9.125000 0.097347 -0.062585 -0.642908
9.137500 0.096362 -0.065534 -0.680079
9.150000 0.095256 -0.068430 -0.718382
9.162500 0.094034 -0.071268 -0.757903
9.175000 0.092697 -0.074038 -0.798716
9.187500 0.091248 -0.076728 -0.840878
9.200000 0.089691 -0.079326 -0.884434
9.212500 0.088029 -0.081815 -0.929417
9.225000 0.086264 -0.084182 -0.975855
9.237500 0.084401 -0.086407 -1.02377
9.250000 0.082443 -0.088476 -1.07318
9.262500 0.080391 -0.090370 -1.12412
9.275000 0.078251 -0.092073 -1.17663
9.287500 0.076025 -0.093570 -1.23077
9.300000 0.073716 -0.094846 -1.28663
9.312500 0.071329 -0.095890 -1.34434
9.325000 0.068865 -0.096689 -1.40404
9.337500 0.066328 -0.097236 -1.46598
9.350000 0.063722 -0.097522 -1.53044
9.362500 0.061050 -0.097545 -1.59779
9.375000 0.058315 -0.097299 -1.66853
9.387500 0.055520 -0.096786 -1.74327
9.400000 0.052668 -0.096005 -1.82282
9.412500 0.049764 -0.094959 -1.9082
9.425000 0.046809 -0.093653 -2.00075
9.437500 0.043807 -0.092091 -2.1022
9.450000 0.040761 -0.090280 -2.21487
9.462500 0.037674 -0.088229 -2.3419
9.475000 0.034549 -0.085947 -2.48765
9.487500 0.031390 -0.083443 -2.6583
9.500000 0.028198 -0.080730 -2.86296
9.512500 0.024977 -0.077818 -3.11556
9.525000 0.021730 -0.074719 -3.43856
9.537500 0.018459 -0.071448 -3.87061
9.550000 0.015168 -0.068016 -4.48432
9.562500 0.011858 -0.064437 -5.43412
9.575000 0.008533 -0.060725 -7.11663
9.587500 0.005195 -0.056892 -10.9517
9.600000 0.001846 -0.052952 -28.6778
9.612500 -0.001510 -0.048918 32.4008
9.625000 -0.004871 -0.044803 9.1971
9.637500 -0.008236 -0.040620 4.93188
9.650000 -0.011602 -0.036381 3.13581
9.662500 -0.014966 -0.032098 2.14474
9.675000 -0.018326 -0.027782 1.516
9.687500 -0.021681 -0.023446 1.08142
9.700000 -0.025027 -0.019099 0.76315
9.712500 -0.028364 -0.014754 0.520159
9.725000 -0.031688 -0.010419 0.328786
9.737500 -0.034999 -0.006105 0.17442
9.750000 -0.038295 -0.001821 0.0475488
9.762500 -0.041572 0.002423 -0.0582899
9.775000 -0.044831 0.006619 -0.14764
9.787500 -0.048069 0.010758 -0.223795
9.800000 -0.051284 0.014831 -0.289196
9.812500 -0.054475 0.018832 -0.345701
9.825000 -0.057641 0.022753 -0.394744
9.837500 -0.060779 0.026588 -0.437452
9.850000 -0.063889 0.030330 -0.474726
9.862500 -0.066969 0.033973 -0.507293
9.875000 -0.070018 0.037512 -0.535751
9.887500 -0.073035 0.040943 -0.56059
9.900000 -0.076019 0.044260 -0.582223
9.912500 -0.078967 0.047459 -0.600996
9.925000 -0.081880 0.050537 -0.617204
9.937500 -0.084757 0.053490 -0.631098
9.950000 -0.087595 0.056315 -0.642896
9.962500 -0.090395 0.059009 -0.652785
9.975000 -0.093155 0.061569 -0.66093
9.987500 -0.095875 0.063994 -0.667473
10.000000 -0.098553 0.066282 -0.672548
10.012500 -0.101166 0.068430 -0.676416
10.025000 -0.103673 0.070438 -0.67943
10.037500 -0.106037 0.072305 -0.681886
10.050000 -0.108226 0.074029 -0.684022
10.062500 -0.110213 0.075609 -0.68603
10.075000 -0.111975 0.077046 -0.688066
10.087500 -0.113493 0.078339 -0.690255
10.100000 -0.114751 0.079488 -0.692698
10.112500 -0.115736 0.080492 -0.69548
10.125000 -0.116439 0.081353 -0.698669
10.137500 -0.116854 0.082069 -0.702326
10.150000 -0.116974 0.082643 -0.706506
10.162500 -0.116800 0.083075 -0.711257
10.175000 -0.116330 0.083365 -0.716627
10.187500 -0.115566 0.083516 -0.722666
10.200000 -0.114512 0.083528 -0.729423
10.212500 -0.113173 0.083403 -0.736953
10.225000 -0.111555 0.083144 -0.745315
10.237500 -0.109666 0.082751 -0.754579
10.250000 -0.107513 0.082228 -0.764822
10.262500 -0.105107 0.081577 -0.776136
10.275000 -0.102457 0.080800 -0.788629
10.287500 -0.099574 0.079901 -0.802427
10.300000 -0.096471 0.078883 -0.817685
10.312500 -0.093158 0.077748 -0.834584
10.325000 -0.089648 0.076501 -0.853349
10.337500 -0.085954 0.075145 -0.874251
10.350000 -0.082088 0.073684 -0.897624
10.362500 -0.078063 0.072121 -0.923882
10.375000 -0.073893 0.070461 -0.953545
10.387500 -0.069591 0.068705 -0.987277
10.400000 -0.065169 0.066859 -1.02593
10.412500 -0.060640 0.064925 -1.07065
10.425000 -0.056019 0.062906 -1.12295
10.437500 -0.051316 0.060807 -1.18494
10.450000 -0.046545 0.058629 -1.25962
10.462500 -0.041719 0.056378 -1.35138
10.475000 -0.036848 0.054056 -1.46698
10.487500 -0.031946 0.051667 -1.61732
10.500000 -0.027023 0.049215 -1.82122
10.512500 -0.022091 0.046704 -2.11416
10.525000 -0.017160 0.044138 -2.57205
10.537500 -0.012242 0.041520 -3.39159
10.550000 -0.007346 0.038855 -5.28936
10.562500 -0.002482 0.036145 -14.5653
10.575000 0.002341 0.033395 14.2636
10.587500 0.007114 0.030606 4.30236
10.600000 0.011827 0.027781 2.34891
10.612500 0.016474 0.024923 1.5129
10.625000 0.021045 0.022033 1.04696
10.637500 0.025534 0.019115 0.748607
10.650000 0.029934 0.016170 0.540197
10.662500 0.034238 0.013201 0.385562
10.675000 0.038439 0.010208 0.265554
10.687500 0.042533 0.007191 0.169071
10.700000 0.046513 0.004150 0.0892155
10.712500 0.050375 0.001081 0.0214682
10.725000 0.054113 -0.002016 -0.0372571
10.737500 0.057724 -0.005145 -0.0891353
10.750000 0.061204 -0.008308 -0.135735
10.762500 0.064549 -0.011503 -0.178205
10.775000 0.067755 -0.014730 -0.217398
10.787500 0.070821 -0.017985 -0.253951
10.800000 0.073743 -0.021263 -0.288342
10.812500 0.076519 -0.024558 -0.320936
10.825000 0.079147 -0.027861 -0.352014
10.837500 0.081625 -0.031165 -0.381801
10.850000 0.083953 -0.034461 -0.410478
10.862500 0.086129 -0.037742 -0.438203
10.875000 0.088152 -0.041001 -0.465117
10.887500 0.090022 -0.044232 -0.491351
10.900000 0.091738 -0.047431 -0.517027
10.912500 0.093301 -0.050594 -0.542264
10.925000 0.094711 -0.053718 -0.567173
10.937500 0.095968 -0.056799 -0.591857
10.950000 0.097072 -0.059836 -0.61641
10.962500 0.098026 -0.062826 -0.64091
10.975000 0.098829 -0.065763 -0.665421
10.987500 0.099482 -0.068642 -0.68999
11.000000 0.099988 -0.071456 -0.714645
11.012500 0.100348 -0.074197 -0.739393
11.025000 0.100564 -0.076853 -0.764225
11.037500 0.100637 -0.079413 -0.78911
11.050000 0.100569 -0.081864 -0.814005
11.062500 0.100363 -0.084190 -0.83885
11.075000 0.100021 -0.086376 -0.863576
11.087500 0.099545 -0.088406 -0.888101
11.100000 0.098938 -0.090265 -0.912339
11.112500 0.098203 -0.091938 -0.936201
11.125000 0.097341 -0.093408 -0.959593
11.137500 0.096356 -0.094663 -0.982423
11.150000 0.095251 -0.095690 -1.0046
11.162500 0.094029 -0.096478 -1.02605
11.175000 0.092692 -0.097019 -1.04669
11.187500 0.091243 -0.097305 -1.06644
11.200000 0.089686 -0.097331 -1.08524
11.212500 0.088024 -0.097094 -1.10304
11.225000 0.086260 -0.096592 -1.11977
11.237500 0.084397 -0.095824 -1.1354
11.250000 0.082438 -0.094794 -1.14988
11.262500 0.080387 -0.093504 -1.16318
11.275000 0.078247 -0.091960 -1.17525
11.287500 0.076021 -0.090167 -1.18607
11.300000 0.073712 -0.088133 -1.19563
11.312500 0.071325 -0.085866 -1.20388
11.325000 0.068861 -0.083378 -1.21082
11.337500 0.066324 -0.080678 -1.21642
11.350000 0.063718 -0.077778 -1.22066
11.362500 0.061046 -0.074691 -1.22352
11.375000 0.058311 -0.071428 -1.22495
11.387500 0.055516 -0.068003 -1.22492
11.400000 0.052665 -0.064429 -1.22337
11.412500 0.049760 -0.060719 -1.22024
11.425000 0.046806 -0.056888 -1.21541
11.437500 0.043804 -0.052948 -1.20875
11.450000 0.040758 -0.048912 -1.20007
11.462500 0.037671 -0.044795 -1.1891
11.475000 0.034546 -0.040607 -1.17545
11.487500 0.031387 -0.036363 -1.15855
11.500000 0.028195 -0.032074 -1.13758
11.512500 0.024974 -0.027752 -1.11123
11.525000 0.021727 -0.023408 -1.07739
11.537500 0.018456 -0.019054 -1.03239
11.550000 0.015165 -0.014700 -0.96935
11.562500 0.011855 -0.010357 -0.873581
11.575000 0.008530 -0.006034 -0.707324
11.587500 0.005192 -0.001741 -0.335308
11.600000 0.001844 0.002512 1.36229
11.612500 -0.001512 0.006716 -4.44146
11.625000 -0.004874 0.010864 -2.22902
11.637500 -0.008239 0.014946 -1.81418
11.650000 -0.011604 0.018956 -1.63354
11.662500 -0.014968 0.022885 -1.52894
11.675000 -0.018328 0.026728 -1.45829
11.687500 -0.021683 0.030477 -1.40561
11.700000 -0.025029 0.034128 -1.36353
11.712500 -0.028366 0.037675 -1.32817
11.725000 -0.031691 0.041111 -1.29728
11.737500 -0.035001 0.044434 -1.2695
11.750000 -0.038297 0.047639 -1.24395
11.762500 -0.041574 0.050722 -1.22002
11.775000 -0.044833 0.053678 -1.1973
11.787500 -0.048071 0.056507 -1.17549
11.800000 -0.051286 0.059203 -1.15438
11.812500 -0.054477 0.061765 -1.13379
11.825000 -0.057642 0.064192 -1.11362
11.837500 -0.060781 0.066480 -1.09376
11.850000 -0.063891 0.068628 -1.07414
11.862500 -0.066971 0.070635 -1.05471
11.875000 -0.070020 0.072499 -1.03541
11.887500 -0.073037 0.074221 -1.01621
11.900000 -0.076020 0.075799 -0.997085
11.912500 -0.078969 0.077232 -0.978003
11.925000 -0.081882 0.078520 -0.958944
11.937500 -0.084758 0.079664 -0.939893
11.950000 -0.087597 0.080662 -0.920836
11.962500 -0.090396 0.081516 -0.90176
11.975000 -0.093157 0.082225 -0.882657
11.987500 -0.095877 0.082791 -0.86352
12.000000 -0.098555 0.083215 -0.844351
12.012500 -0.101167 0.083496 -0.825327
12.025000 -0.103674 0.083637 -0.806731
12.037500 -0.106038 0.083639 -0.788764
12.050000 -0.108227 0.083503 -0.771554
12.062500 -0.110214 0.083232 -0.755179
12.075000 -0.111976 0.082826 -0.739677
12.087500 -0.113494 0.082290 -0.725057
12.100000 -0.114752 0.081625 -0.711313
12.112500 -0.115737 0.080833 -0.698421
12.125000 -0.116441 0.079919 -0.686354
12.137500 -0.116855 0.078886 -0.675077
12.150000 -0.116975 0.077736 -0.664552
12.162500 -0.116801 0.076475 -0.654743
12.175000 -0.116331 0.075104 -0.645609
12.187500 -0.115567 0.073629 -0.637111
12.200000 -0.114513 0.072053 -0.62921
12.212500 -0.113174 0.070379 -0.621868
12.225000 -0.111556 0.068612 -0.615044
12.237500 -0.109666 0.066754 -0.6087
12.250000 -0.107514 0.064809 -0.602797
12.262500 -0.105107 0.062780 -0.597296
12.275000 -0.102458 0.060671 -0.592158
12.287500 -0.099575 0.058485 -0.587343
12.300000 -0.096472 0.056225 -0.582815
12.312500 -0.093159 0.053895 -0.578533
12.325000 -0.089649 0.051500 -0.574458
12.337500 -0.085955 0.049041 -0.570548
12.350000 -0.082089 0.046524 -0.566759
12.362500 -0.078064 0.043953 -0.563037
12.375000 -0.073894 0.041331 -0.559321
12.387500 -0.069591 0.038660 -0.55553
12.400000 -0.065170 0.035945 -0.551564
12.412500 -0.060641 0.033188 -0.547291
12.425000 -0.056019 0.030393 -0.542541
12.437500 -0.051317 0.027561 -0.537086
12.450000 -0.046546 0.024698 -0.530612
12.462500 -0.041719 0.021805 -0.522663
12.475000 -0.036849 0.018886 -0.512533
12.487500 -0.031946 0.015944 -0.49907
12.500000 -0.027024 0.012978 -0.480257
12.512500 -0.022092 0.009991 -0.452238
12.525000 -0.017161 0.006980 -0.406712
12.537500 -0.012243 0.003943 -0.322097
12.550000 -0.007346 0.000879 -0.119689
12.562500 -0.002482 -0.002215 0.892361
12.575000 0.002341 -0.005341 -2.28191
12.587500 0.007113 -0.008501 -1.19513
12.600000 0.011827 -0.011694 -0.988797
12.612500 0.016473 -0.014919 -0.905642
12.625000 0.021045 -0.018171 -0.86347
12.637500 0.025534 -0.021447 -0.839954
12.650000 0.029933 -0.024740 -0.826494
12.662500 0.034237 -0.028042 -0.819056
12.675000 0.038439 -0.031346 -0.815492
12.687500 0.042532 -0.034645 -0.814557
12.700000 0.046512 -0.037930 -0.815481
12.712500 0.050374 -0.041195 -0.817775
12.725000 0.054113 -0.044433 -0.821116
12.737500 0.057724 -0.047639 -0.825291
12.750000 0.061204 -0.050809 -0.830156
12.762500 0.064548 -0.053938 -0.835613
12.775000 0.067755 -0.057022 -0.841593
12.787500 0.070821 -0.060059 -0.84804
12.800000 0.073742 -0.063043 -0.854907
12.812500 0.076518 -0.065970 -0.862146
12.825000 0.079146 -0.068834 -0.869705
12.837500 0.081625 -0.071628 -0.877525
12.850000 0.083953 -0.074343 -0.885538
12.862500 0.086129 -0.076970 -0.893667
12.875000 0.088152 -0.079498 -0.901826
12.887500 0.090022 -0.081913 -0.909923
12.900000 0.091738 -0.084202 -0.917856
12.912500 0.093301 -0.086352 -0.925521
12.925000 0.094711 -0.088347 -0.932812
12.937500 0.095968 -0.090173 -0.939621
12.950000 0.097072 -0.091815 -0.945841
12.962500 0.098025 -0.093258 -0.95137
12.975000 0.098828 -0.094491 -0.95611
12.987500 0.099482 -0.095500 -0.959972
13.000000 0.099988 -0.096276 -0.962871
13.012500 0.100348 -0.096809 -0.964729
13.025000 0.100564 -0.097092 -0.965476
13.037500 0.100637 -0.097119 -0.965049
13.050000 0.100569 -0.096887 -0.96339
13.062500 0.100363 -0.096393 -0.960448
13.075000 0.100021 -0.095638 -0.956175
13.087500 0.099545 -0.094621 -0.95053
13.100000 0.098938 -0.093346 -0.943475
13.112500 0.098203 -0.091817 -0.934976
13.125000 0.097341 -0.090040 -0.925
13.137500 0.096356 -0.088023 -0.913516
13.150000 0.095251 -0.085773 -0.900493
13.162500 0.094028 -0.083300 -0.885901
13.175000 0.092691 -0.080614 -0.869707
13.187500 0.091243 -0.077727 -0.851872
13.200000 0.089686 -0.074651 -0.832357
13.212500 0.088024 -0.071397 -0.811114
13.225000 0.086260 -0.067980 -0.788085
13.237500 0.084397 -0.064412 -0.763204
13.250000 0.082438 -0.060707 -0.73639
13.262500 0.080387 -0.056877 -0.707546
13.275000 0.078247 -0.052938 -0.676554
13.287500 0.076021 -0.048902 -0.643272
13.300000 0.073712 -0.044782 -0.607529
13.312500 0.071324 -0.040592 -0.569116
13.325000 0.068861 -0.036343 -0.52778
13.337500 0.066324 -0.032049 -0.483215
13.350000 0.063718 -0.027720 -0.435048
13.362500 0.061046 -0.023370 -0.382821
13.375000 0.058311 -0.019008 -0.325974
13.387500 0.055516 -0.014646 -0.263811
13.400000 0.052665 -0.010294 -0.195461
13.412500 0.049760 -0.005962 -0.119824
13.425000 0.046805 -0.001661 -0.0354918
13.437500 0.043804 0.002601 0.059368
13.450000 0.040758 0.006814 0.167177
13.462500 0.037671 0.010970 0.291203
13.475000 0.034546 0.015061 0.435962
13.487500 0.031387 0.019079 0.607867
13.500000 0.028195 0.023017 0.816344
13.512500 0.024974 0.026868 1.07582
13.525000 0.021727 0.030625 1.40955
13.537500 0.018456 0.034284 1.85756
13.550000 0.015165 0.037837 2.49507
13.562500 0.011855 0.041281 3.4821
13.575000 0.008530 0.044610 5.22971
13.587500 0.005192 0.047820 9.2101
13.600000 0.001844 0.050908 27.6093
13.612500 -0.001512 0.053869 -35.6203
13.625000 -0.004874 0.056700 -11.6334
13.637500 -0.008239 0.059400 -7.20991
13.650000 -0.011604 0.061964 -5.33985
13.662500 -0.014968 0.064391 -4.30192
13.675000 -0.018328 0.066680 -3.63807
13.687500 -0.021683 0.068827 -3.17429
13.700000 -0.025029 0.070833 -2.83002
13.712500 -0.028366 0.072696 -2.5628
13.725000 -0.031691 0.074415 -2.34818
13.737500 -0.035001 0.075989 -2.17103
13.750000 -0.038297 0.077418 -2.02154
13.762500 -0.041574 0.078702 -1.89303
13.775000 -0.044833 0.079840 -1.78083
13.787500 -0.048071 0.080832 -1.68153
13.800000 -0.051286 0.081679 -1.59263
13.812500 -0.054477 0.082381 -1.51223
13.825000 -0.057642 0.082939 -1.43886
13.837500 -0.060781 0.083354 -1.37139
13.850000 -0.063891 0.083626 -1.3089
13.862500 -0.066971 0.083758 -1.25065
13.875000 -0.070020 0.083749 -1.19607
13.887500 -0.073037 0.083602 -1.14465
13.900000 -0.076020 0.083319 -1.096
13.912500 -0.078969 0.082901 -1.04979
13.925000 -0.081882 0.082351 -1.00573
13.937500 -0.084758 0.081672 -0.963585
13.950000 -0.087597 0.080866 -0.923164
13.962500 -0.090396 0.079937 -0.884297
13.975000 -0.093157 0.078889 -0.846842
13.987500 -0.095877 0.077725 -0.810674
14.000000 -0.098555 0.076449 -0.775697
14.012500 -0.101167 0.075064 -0.741978
14.025000 -0.103674 0.073575 -0.709677
14.037500 -0.106038 0.071986 -0.678867
14.050000 -0.108227 0.070299 -0.649554
14.062500 -0.110214 0.068520 -0.621695
14.075000 -0.111977 0.066650 -0.595216
14.087500 -0.113494 0.064694 -0.570023
14.100000 -0.114752 0.062656 -0.546007
14.112500 -0.115737 0.060537 -0.523054
14.125000 -0.116441 0.058342 -0.501047
14.137500 -0.116855 0.056075 -0.479868
14.150000 -0.116975 0.053738 -0.459399
14.162500 -0.116801 0.051337 -0.439524
14.175000 -0.116331 0.048874 -0.420126
14.187500 -0.115567 0.046352 -0.401085
14.200000 -0.114513 0.043776 -0.382279
14.212500 -0.113174 0.041148 -0.363581
14.225000 -0.111556 0.038471 -0.34486
14.237500 -0.109667 0.035749 -0.325978
14.250000 -0.107514 0.032984 -0.306792
14.262500 -0.105108 0.030182 -0.287149
14.275000 -0.102458 0.027344 -0.266882
14.287500 -0.099575 0.024476 -0.245804
14.300000 -0.096472 0.021581 -0.2237
14.312500 -0.093159 0.018661 -0.200315
14.325000 -0.089649 0.015719 -0.175339
14.337500 -0.085955 0.012755 -0.148394
14.350000 -0.082089 0.009769 -0.11901
14.362500 -0.078064 0.006760 -0.0866014
14.375000 -0.073894 0.003726 -0.0504272
14.387500 -0.069591 0.000664 -0.00954717
14.400000 -0.065170 -0.002428 0.037249
14.412500 -0.060641 -0.005551 0.0915436
14.425000 -0.056019 -0.008708 0.155447
14.437500 -0.051317 -0.011897 0.231841
14.450000 -0.046546 -0.015118 0.324789
14.462500 -0.041719 -0.018366 0.440221
14.475000 -0.036849 -0.021637 0.587182
14.487500 -0.031947 -0.024926 0.780232
14.500000 -0.027024 -0.028225 1.04446
14.512500 -0.022092 -0.031528 1.42714
14.525000 -0.017161 -0.034826 2.02938
14.537500 -0.012243 -0.038113 3.11315
14.550000 -0.007346 -0.041381 5.63286
14.562500 -0.002482 -0.044624 17.978
14.575000 0.002341 -0.047835 -20.4357
14.587500 0.007113 -0.051009 -7.17103
14.600000 0.011827 -0.054142 -4.57792
14.612500 0.016473 -0.057229 -3.47404
14.625000 0.021045 -0.060264 -2.86363
14.637500 0.025534 -0.063244 -2.47687
14.650000 0.029933 -0.066162 -2.2103
14.662500 0.034237 -0.069013 -2.01572
14.675000 0.038439 -0.071789 -1.86762
14.687500 0.042532 -0.074482 -1.75119
14.700000 0.046512 -0.077083 -1.65726
14.712500 0.050374 -0.079582 -1.57981
14.725000 0.054113 -0.081965 -1.51471
14.737500 0.057724 -0.084222 -1.45905
14.750000 0.061204 -0.086338 -1.41067
14.762500 0.064548 -0.088301 -1.36797
14.775000 0.067755 -0.090095 -1.32971
14.787500 0.070821 -0.091707 -1.29492
14.800000 0.073742 -0.093124 -1.26283
14.812500 0.076518 -0.094334 -1.23283
14.825000 0.079146 -0.095325 -1.20441
14.837500 0.081625 -0.096086 -1.17717
14.850000 0.083953 -0.096610 -1.15076
14.862500 0.086129 -0.096888 -1.12492
14.875000 0.088152 -0.096914 -1.0994
14.887500 0.090022 -0.096685 -1.07401
14.900000 0.091738 -0.096197 -1.0486
14.912500 0.093301 -0.095450 -1.02303
14.925000 0.094711 -0.094444 -0.997186
14.937500 0.095968 -0.093183 -0.970979
14.950000 0.097072 -0.091668 -0.944331
14.962500 0.098025 -0.089907 -0.91718
14.975000 0.098828 -0.087905 -0.889473
14.987500 0.099482 -0.085671 -0.861168
15.000000 0.099988 -0.083213 -0.832227
15.012500 0.100348 -0.080541 -0.80262
15.025000 0.100564 -0.077667 -0.772321
15.037500 0.100637 -0.074602 -0.741306
15.050000 0.100569 -0.071359 -0.709555
15.062500 0.100363 -0.067950 -0.677044
15.075000 0.100021 -0.064389 -0.643754
15.087500 0.099545 -0.060689 -0.609658
15.100000 0.098938 -0.056863 -0.574731
15.112500 0.098203 -0.052925 -0.53894
15.125000 0.097341 -0.048889 -0.502249
15.137500 0.096356 -0.044768 -0.464613
15.150000 0.095251 -0.040575 -0.425982
15.162500 0.094028 -0.036323 -0.386296
15.175000 0.092691 -0.032023 -0.345484
15.187500 0.091243 -0.027689 -0.303467
15.200000 0.089686 -0.023332 -0.26015
15.212500 0.088024 -0.018963 -0.215428
15.225000 0.086260 -0.014593 -0.169175
15.237500 0.084397 -0.010233 -0.121249
15.250000 0.082438 -0.005893 -0.0714869
15.262500 0.080387 -0.001583 -0.0196973
15.275000 0.078247 0.002687 0.0343401
15.287500 0.076021 0.006909 0.0908825
15.300000 0.073712 0.011074 0.150231
15.312500 0.071324 0.015173 0.212739
15.325000 0.068861 0.019200 0.278826
15.337500 0.066324 0.023147 0.348992
15.350000 0.063718 0.027006 0.423832
15.362500 0.061046 0.030771 0.50407
15.375000 0.058311 0.034438 0.590585
15.387500 0.055516 0.037998 0.684459
15.400000 0.052665 0.041449 0.787036
15.412500 0.049760 0.044785 0.900008
15.425000 0.046805 0.048001 1.02554
15.437500 0.043804 0.051093 1.16642
15.450000 0.040758 0.054059 1.32634
15.462500 0.037671 0.056894 1.51029
15.475000 0.034546 0.059596 1.72511
15.487500 0.031387 0.062163 1.98055
15.500000 0.028195 0.064591 2.29088
15.512500 0.024974 0.066880 2.67798
15.525000 0.021727 0.069028 3.17706
15.537500 0.018456 0.071033 3.8487
15.550000 0.015165 0.072893 4.80677
15.562500 0.011855 0.074609 6.29342
15.575000 0.008530 0.076180 8.93074
15.587500 0.005192 0.077605 14.9465
15.600000 0.001844 0.078883 42.7815
15.612500 -0.001512 0.080015 -52.9093
15.625000 -0.004874 0.081001 -16.6193
15.637500 -0.008239 0.081841 -9.93385
15.650000 -0.011604 0.082536 -7.11267
15.662500 -0.014968 0.083086 -5.55089
15.675000 -0.018328 0.083492 -4.55536
15.687500 -0.021683 0.083755 -3.86276
15.700000 -0.025029 0.083877 -3.35114
15.712500 -0.028366 0.083857 -2.95628
15.725000 -0.031691 0.083699 -2.64114
15.737500 -0.035001 0.083404 -2.38287
15.750000 -0.038297 0.082974 -2.1666
15.762500 -0.041574 0.082411 -1.98224
15.775000 -0.044833 0.081718 -1.82271
15.787500 -0.048071 0.080898 -1.6829
15.800000 -0.051286 0.079955 -1.55901
15.812500 -0.054477 0.078892 -1.44818
15.825000 -0.057642 0.077714 -1.3482
15.837500 -0.060781 0.076423 -1.25735
15.850000 -0.063891 0.075024 -1.17426
15.862500 -0.066971 0.073522 -1.09781
15.875000 -0.070020 0.071919 -1.02712
15.887500 -0.073037 0.070220 -0.961428
15.900000 -0.076020 0.068428 -0.900126
15.912500 -0.078969 0.066547 -0.842693
15.925000 -0.081882 0.064580 -0.788693
15.937500 -0.084758 0.062531 -0.737753
15.950000 -0.087597 0.060403 -0.689557
15.962500 -0.090396 0.058200 -0.643833
15.975000 -0.093157 0.055926 -0.600346
15.987500 -0.095877 0.053585 -0.55889
16.000000 -0.098555 0.051178 -0.519289
16.012500 -0.101167 0.048711 -0.481485
16.025000 -0.103674 0.046184 -0.445477
16.037500 -0.106038 0.043602 -0.411197
16.050000 -0.108227 0.040968 -0.378537
16.062500 -0.110214 0.038284 -0.347361
16.075000 -0.111977 0.035554 -0.317517
16.087500 -0.113494 0.032783 -0.288852
16.100000 -0.114752 0.029974 -0.261205
16.112500 -0.115737 0.027131 -0.23442
16.125000 -0.116441 0.024259 -0.208338
16.137500 -0.116855 0.021361 -0.182796
16.150000 -0.116975 0.018439 -0.157629
16.162500 -0.116801 0.015495 -0.132662
16.175000 -0.116331 0.012530 -0.107713
16.187500 -0.115567 0.009544 -0.0825839
16.200000 -0.114513 0.006535 -0.0570658
16.212500 -0.113174 0.003501 -0.0309326
16.225000 -0.111556 0.000440 -0.00394103
16.237500 -0.109667 -0.002651 0.0241712
16.250000 -0.107514 -0.005772 0.053688
16.262500 -0.105108 -0.008926 0.0849181
16.275000 -0.102458 -0.012111 0.1182
16.287500 -0.099575 -0.015326 0.15391
16.300000 -0.096472 -0.018568 0.192472
16.312500 -0.093159 -0.021834 0.234369
16.325000 -0.089649 -0.025117 0.280168
16.337500 -0.085955 -0.028411 0.33054
16.350000 -0.082089 -0.031711 0.386297
16.362500 -0.078064 -0.035007 0.44844
16.375000 -0.073894 -0.038293 0.51822
16.387500 -0.069591 -0.041562 0.597234
16.400000 -0.065170 -0.044807 0.687548
16.412500 -0.060641 -0.048021 0.791892
16.425000 -0.056019 -0.051199 0.913946
16.437500 -0.051317 -0.054334 1.05879
16.450000 -0.046546 -0.057421 1.23363
16.462500 -0.041719 -0.060454 1.44908
16.475000 -0.036849 -0.063429 1.72134
16.487500 -0.031947 -0.066340 2.07659
16.500000 -0.027024 -0.069179 2.55993
16.512500 -0.022092 -0.071939 3.25642
16.525000 -0.017161 -0.074613 4.34784
16.537500 -0.012243 -0.077192 6.30519
16.550000 -0.007346 -0.079664 10.844
16.562500 -0.002482 -0.082020 33.0442
16.575000 0.002341 -0.084247 -35.9914
16.587500 0.007113 -0.086332 -12.1368
16.600000 0.011827 -0.088263 -7.46299
16.612500 0.016473 -0.090027 -5.46509
16.625000 0.021045 -0.091612 -4.35321
16.637500 0.025534 -0.093003 -3.64238
16.650000 0.029933 -0.094191 -3.14668
16.662500 0.034237 -0.095163 -2.77952
16.675000 0.038439 -0.095909 -2.49512
16.687500 0.042532 -0.096422 -2.26702
16.700000 0.046512 -0.096693 -2.07885
16.712500 0.050374 -0.096716 -1.91995
16.725000 0.054113 -0.096487 -1.78307
16.737500 0.057724 -0.096003 -1.66314
16.750000 0.061204 -0.095263 -1.55649
16.762500 0.064548 -0.094267 -1.4604
16.775000 0.067755 -0.093016 -1.37283
16.787500 0.070821 -0.091515 -1.29221
16.800000 0.073742 -0.089768 -1.21732
16.812500 0.076518 -0.087781 -1.14718
16.825000 0.079146 -0.085561 -1.08105
16.837500 0.081625 -0.083118 -1.01829
16.850000 0.083953 -0.080460 -0.9584
16.862500 0.086129 -0.077599 -0.900971
16.875000 0.088152 -0.074546 -0.845661
16.887500 0.090022 -0.071314 -0.792184
16.900000 0.091738 -0.067914 -0.740301
16.912500 0.093301 -0.064360 -0.689809
16.925000 0.094711 -0.060666 -0.640535
16.937500 0.095968 -0.056844 -0.592325
16.950000 0.097072 -0.052909 -0.545048
16.962500 0.098025 -0.048874 -0.498585
16.975000 0.098828 -0.044752 -0.45283
16.987500 0.099482 -0.040557 -0.407684
17.000000 0.099988 -0.036302 -0.363059
17.012500 0.100348 -0.031998 -0.318868
17.025000 0.100564 -0.027658 -0.275032
17.037500 0.100637 -0.023295 -0.231473
17.050000 0.100569 -0.018919 -0.188117
17.062500 0.100363 -0.014541 -0.144889
17.075000 0.100021 -0.010174 -0.101716
17.087500 0.099545 -0.005826 -0.0585235
17.100000 0.098938 -0.001507 -0.0152367
17.112500 0.098203 0.002771 0.0282221
17.125000 0.097341 0.007002 0.0719338
17.137500 0.096356 0.011176 0.115983
17.150000 0.095251 0.015284 0.160461
17.162500 0.094028 0.019319 0.205464
17.175000 0.092691 0.023274 0.251096
17.187500 0.091243 0.027142 0.297471
17.200000 0.089686 0.030916 0.344713
17.212500 0.088024 0.034590 0.392961
17.225000 0.086260 0.038158 0.442366
17.237500 0.084397 0.041616 0.4931
17.250000 0.082438 0.044958 0.545355
17.262500 0.080387 0.048180 0.599351
17.275000 0.078247 0.051278 0.655335
17.287500 0.076021 0.054248 0.713595
17.300000 0.073712 0.057087 0.774461
17.312500 0.071324 0.059793 0.838319
17.325000 0.068861 0.062361 0.905619
17.337500 0.066324 0.064792 0.976895
17.350000 0.063718 0.067081 1.05278
17.362500 0.061046 0.069228 1.13404
17.375000 0.058311 0.071232 1.22159
17.387500 0.055516 0.073091 1.31657
17.400000 0.052665 0.074804 1.42037
17.412500 0.049760 0.076370 1.53477
17.425000 0.046805 0.077790 1.662
17.437500 0.043804 0.079063 1.80495
17.450000 0.040758 0.080190 1.96747
17.462500 0.037671 0.081169 2.15468
17.475000 0.034546 0.082002 2.37368
17.487500 0.031387 0.082689 2.63453
17.500000 0.028195 0.083231 2.95199
17.512500 0.024974 0.083629 3.34861
17.525000 0.021727 0.083883 3.86076
17.537500 0.018456 0.083994 4.55098
17.550000 0.015165 0.083964 5.53681
17.562500 0.011855 0.083795 7.06824
17.575000 0.008530 0.083488 9.78746
17.587500 0.005192 0.083045 15.9944
17.600000 0.001844 0.082469 44.7264
17.612500 -0.001512 0.081763 -54.065
17.625000 -0.004874 0.080930 -16.6046
17.637500 -0.008239 0.079973 -9.70705
17.650000 -0.011604 0.078896 -6.79898
17.662500 -0.014968 0.077703 -5.19127
17.675000 -0.018328 0.076398 -4.16833
17.687500 -0.021683 0.074986 -3.45832
17.700000 -0.025029 0.073470 -2.93534
17.712500 -0.028366 0.071853 -2.53309
17.725000 -0.031691 0.070141 -2.2133
17.737500 -0.035001 0.068336 -1.95237
17.750000 -0.038297 0.066443 -1.73494
17.762500 -0.041574 0.064465 -1.55058
17.775000 -0.044833 0.062406 -1.39196
17.787500 -0.048071 0.060270 -1.25377
17.800000 -0.051286 0.058060 -1.13209
17.812500 -0.054477 0.055780 -1.02393
17.825000 -0.057642 0.053433 -0.926982
17.837500 -0.060781 0.051022 -0.839445
17.850000 -0.063891 0.048549 -0.759879
17.862500 -0.066971 0.046017 -0.687125
17.875000 -0.070020 0.043430 -0.620244
17.887500 -0.073037 0.040789 -0.558467
17.900000 -0.076020 0.038098 -0.501161
17.912500 -0.078969 0.035362 -0.447802
17.925000 -0.081882 0.032585 -0.397951
17.937500 -0.084758 0.029770 -0.351238
17.950000 -0.087597 0.026923 -0.307349
17.962500 -0.090396 0.024046 -0.266007
17.975000 -0.093157 0.021144 -0.226971
17.987500 -0.095877 0.018219 -0.190021
18.000000 -0.098555 0.015272 -0.154959
18.012500 -0.101167 0.012304 -0.121624
18.025000 -0.103674 0.009316 -0.0898549
18.037500 -0.106038 0.006304 -0.059455
18.050000 -0.108227 0.003269 -0.0302066
18.062500 -0.110214 0.000208 -0.00188392
18.075000 -0.111977 -0.002882 0.0257385
18.087500 -0.113494 -0.006002 0.0528804
18.100000 -0.114752 -0.009152 0.0797522
18.112500 -0.115737 -0.012332 0.106554
18.125000 -0.116441 -0.015542 0.133475
18.137500 -0.116855 -0.018778 0.160696
18.150000 -0.116975 -0.022037 0.188389
18.162500 -0.116801 -0.025314 0.216725
18.175000 -0.116331 -0.028602 0.24587
18.187500 -0.115567 -0.031897 0.276
18.200000 -0.114513 -0.035189 0.307293
18.212500 -0.113174 -0.038473 0.339945
18.225000 -0.111556 -0.041741 0.374169
18.237500 -0.109667 -0.044986 0.410204
18.250000 -0.107514 -0.048200 0.448318
18.262500 -0.105108 -0.051379 0.488819
18.275000 -0.102458 -0.054514 0.532061
18.287500 -0.099575 -0.057600 0.578458
18.300000 -0.096472 -0.060631 0.62849
18.312500 -0.093159 -0.063602 0.682724
18.325000 -0.089649 -0.066505 0.741834
18.337500 -0.085955 -0.069333 0.806626
18.350000 -0.082089 -0.072080 0.878075
18.362500 -0.078064 -0.074737 0.957379
18.375000 -0.073894 -0.077295 1.04602
18.387500 -0.069591 -0.079744 1.14589
18.400000 -0.065170 -0.082074 1.2594
18.412500 -0.060641 -0.084274 1.38971
18.425000 -0.056019 -0.086331 1.54109
18.437500 -0.051317 -0.088234 1.7194
18.450000 -0.046546 -0.089970 1.93293
18.462500 -0.041719 -0.091528 2.19389
18.475000 -0.036849 -0.092895 2.52097
18.487500 -0.031947 -0.094060 2.9443
18.500000 -0.027024 -0.095013 3.51592
18.512500 -0.022092 -0.095744 4.33396
18.525000 -0.017161 -0.096244 5.6083
18.537500 -0.012243 -0.096507 7.88286
18.550000 -0.007346 -0.096525 13.1391
18.562500 -0.002482 -0.096295 38.7952
18.575000 0.002341 -0.095813 -40.9326
18.587500 0.007113 -0.095077 -13.3662
18.600000 0.011827 -0.094089 -7.95554
18.612500 0.016473 -0.092848 -5.63631
18.625000 0.021045 -0.091358 -4.34117
18.637500 0.025534 -0.089624 -3.51002
18.650000 0.029933 -0.087650 -2.92817
18.662500 0.034237 -0.085445 -2.49567
18.675000 0.038439 -0.083015 -2.15968
18.687500 0.042532 -0.080372 -1.88966
18.700000 0.046512 -0.077524 -1.66673
18.712500 0.050374 -0.074483 -1.47859
18.725000 0.054113 -0.071261 -1.3169
18.737500 0.057724 -0.067871 -1.17578
18.750000 0.061204 -0.064325 -1.051
18.762500 0.064548 -0.060637 -0.939407
18.775000 0.067755 -0.056821 -0.838619
18.787500 0.070821 -0.052889 -0.746802
18.800000 0.073742 -0.048856 -0.662517
18.812500 0.076518 -0.044734 -0.58462
18.825000 0.079146 -0.040538 -0.512186
18.837500 0.081625 -0.036279 -0.444463
18.850000 0.083953 -0.031972 -0.38083
18.862500 0.086129 -0.027627 -0.320767
18.875000 0.088152 -0.023258 -0.26384
18.887500 0.090022 -0.018875 -0.209677
18.900000 0.091738 -0.014491 -0.157962
18.912500 0.093301 -0.010116 -0.10842
18.925000 0.094711 -0.005760 -0.0608146
18.937500 0.095968 -0.001433 -0.0149352
18.950000 0.097072 0.002854 0.0294024
18.962500 0.098025 0.007093 0.0723629
18.975000 0.098828 0.011276 0.114094
18.987500 0.099482 0.015393 0.15473
19.000000 0.099988 0.019437 0.194392
19.012500 0.100348 0.023401 0.233193
19.025000 0.100564 0.027277 0.271238
19.037500 0.100637 0.031059 0.308623
19.050000 0.100569 0.034741 0.345441
19.062500 0.100363 0.038317 0.38178
19.075000 0.100021 0.041781 0.417727
19.087500 0.099545 0.045130 0.453363
19.100000 0.098938 0.048358 0.488771
19.112500 0.098203 0.051462 0.524035
19.125000 0.097341 0.054437 0.559236
19.137500 0.096356 0.057280 0.59446
19.150000 0.095251 0.059989 0.629795
19.162500 0.094028 0.062560 0.665331
19.175000 0.092691 0.064992 0.701164
19.187500 0.091243 0.067282 0.737395
19.200000 0.089686 0.069429 0.774135
19.212500 0.088024 0.071431 0.811499
19.225000 0.086260 0.073288 0.849618
19.237500 0.084397 0.074998 0.888634
19.250000 0.082438 0.076560 0.928703
19.262500 0.080387 0.077976 0.970004
19.275000 0.078247 0.079243 1.01273
19.287500 0.076021 0.080363 1.05712
19.300000 0.073712 0.081336 1.10343
19.312500 0.071324 0.082162 1.15195
19.325000 0.068861 0.082841 1.20303
19.337500 0.066324 0.083375 1.25709
19.350000 0.063718 0.083764 1.3146
19.362500 0.061046 0.084008 1.37615
19.375000 0.058311 0.084110 1.44244
19.387500 0.055516 0.084070 1.51433
19.400000 0.052665 0.083889 1.59289
19.412500 0.049760 0.083570 1.67946
19.425000 0.046805 0.083115 1.77576
19.437500 0.043804 0.082527 1.88402
19.450000 0.040758 0.081807 2.00716
19.462500 0.037671 0.080961 2.14916
19.475000 0.034546 0.079991 2.31546
19.487500 0.031387 0.078900 2.51382
19.500000 0.028195 0.077694 2.7556
19.512500 0.024974 0.076375 3.05819
19.525000 0.021727 0.074949 3.44958
19.537500 0.018456 0.073418 3.97797
19.550000 0.015165 0.071788 4.73387
19.562500 0.011855 0.070062 5.90982
19.575000 0.008530 0.068244 8.00039
19.587500 0.005192 0.066339 12.7768
19.600000 0.001844 0.064350 34.8998
19.612500 -0.001512 0.062282 -41.1835
19.625000 -0.004874 0.060138 -12.3388
19.637500 -0.008239 0.057922 -7.03053
19.650000 -0.011604 0.055636 -4.79451
19.662500 -0.014968 0.053283 -3.5598
19.675000 -0.018328 0.050866 -2.77529
19.687500 -0.021683 0.048388 -2.23163
19.700000 -0.025029 0.045850 -1.83187
19.712500 -0.028366 0.043257 -1.52496
19.725000 -0.031691 0.040610 -1.28146
19.737500 -0.035001 0.037914 -1.08321
19.750000 -0.038297 0.035173 -0.918424
19.762500 -0.041574 0.032390 -0.779081
19.775000 -0.044833 0.029570 -0.659563
19.787500 -0.048071 0.026718 -0.555804
19.800000 -0.051286 0.023837 -0.464782
19.812500 -0.054477 0.020930 -0.384201
19.825000 -0.057642 0.018000 -0.312278
19.837500 -0.060781 0.015050 -0.247603
19.850000 -0.063891 0.012078 -0.18904
19.862500 -0.066971 0.009085 -0.135662
19.875000 -0.070020 0.006071 -0.0867054
19.887500 -0.073037 0.003033 -0.0415324
19.900000 -0.076020 -0.000030 0.000388244
19.912500 -0.078969 -0.003119 0.0395012
19.925000 -0.081882 -0.006238 0.0761776
19.937500 -0.084758 -0.009385 0.110725
19.950000 -0.087597 -0.012561 0.143398
19.962500 -0.090396 -0.015765 0.174402
19.975000 -0.093157 -0.018995 0.203903
19.987500 -0.095877 -0.022247 0.232036
