0.000000 0.000059 0.000113 1.92102
0.050000 0.001398 0.001400 1.0013
0.100000 0.005704 0.005381 0.943405
0.150000 0.013785 0.012796 0.928258
0.200000 0.025784 0.023778 0.922211
0.250000 0.041396 0.038051 0.919199
0.300000 0.060035 0.055077 0.917414
0.350000 0.080957 0.074175 0.916227
0.400000 0.103354 0.094606 0.915362
0.450000 0.126416 0.115631 0.914689
0.500000 0.149379 0.136554 0.914142
0.550000 0.171558 0.156749 0.913685
0.600000 0.192356 0.175677 0.913294
0.650000 0.211281 0.192890 0.912954
0.700000 0.227943 0.208033 0.912652
0.750000 0.242055 0.220847 0.91238
0.800000 0.253422 0.231154 0.912132
0.850000 0.261934 0.238858 0.911903
0.900000 0.267559 0.243929 0.911686
0.950000 0.270330 0.246399 0.911478
1.000000 0.270335 0.246350 0.911277
1.050000 0.267710 0.243905 0.911082
1.100000 0.262623 0.239219 0.910882
1.150000 0.255273 0.232471 0.910674
1.200000 0.245877 0.223859 0.910451
1.250000 0.234665 0.213594 0.91021
1.300000 0.221871 0.201892 0.909949
1.350000 0.207734 0.188970 0.909671
1.400000 0.192488 0.175046 0.909388
1.450000 0.176359 0.160328 0.9091
1.500000 0.159564 0.145010 0.908792
1.550000 0.142309 0.129278 0.90843
1.600000 0.124786 0.113304 0.907991
1.650000 0.107170 0.097252 0.907457
1.700000 0.089622 0.081268 0.906785
1.750000 0.072287 0.065479 0.905819
1.800000 0.055294 0.049998 0.904204
1.850000 0.038756 0.034919 0.901005
1.900000 0.022769 0.020345 0.89353
1.950000 0.007417 0.006502 0.876621
2.000000 -0.007175 -0.005417 0.754996
2.050000 -0.019728 -0.014168 0.718178
2.100000 -0.028515 -0.018877 0.661996
2.150000 -0.032695 -0.019296 0.590171
2.200000 -0.032105 -0.015641 0.487195
2.250000 -0.027038 -0.008416 0.31127
2.300000 -0.018076 0.001716 -0.0949038
2.350000 -0.005969 0.014012 -2.34735
2.400000 0.008463 0.027725 3.27608
2.450000 0.024394 0.042140 1.72745
2.500000 0.041040 0.056609 1.37937
2.550000 0.057687 0.070565 1.22325
2.600000 0.073710 0.083527 1.13319
2.650000 0.088585 0.095106 1.07361
2.700000 0.101888 0.105001 1.03056
2.750000 0.113294 0.112999 0.997399
2.800000 0.122571 0.118961 0.970549
2.850000 0.129573 0.122820 0.947884
2.900000 0.134229 0.124570 0.928044
2.950000 0.136533 0.124257 0.910083
3.000000 0.136538 0.121967 0.893282
3.050000 0.134338 0.117815 0.877
3.100000 0.130069 0.111944 0.860651
3.150000 0.123893 0.104519 0.843621
3.200000 0.115993 0.095718 0.825199
3.250000 0.106566 0.085727 0.804453
3.300000 0.095816 0.074741 0.780049
3.350000 0.083950 0.062952 0.749877
3.400000 0.071174 0.050545 0.710162
3.450000 0.057689 0.037692 0.653372
3.500000 0.043686 0.024553 0.562044
3.550000 0.029347 0.011280 0.384373
3.600000 0.014841 -0.001984 -0.133674
3.650000 0.000325 -0.015108 -46.4904
3.700000 -0.014060 -0.027987 1.99047
3.750000 -0.028187 -0.040541 1.43828
3.800000 -0.041943 -0.052698 1.25641
3.850000 -0.055230 -0.064344 1.16502
3.900000 -0.067964 -0.075159 1.10586
3.950000 -0.080075 -0.084101 1.05028
4.000000 -0.091447 -0.090008 0.984264
4.050000 -0.100812 -0.092016 0.912751
4.100000 -0.106450 -0.089832 0.843897
4.150000 -0.107529 -0.083628 0.777723
4.200000 -0.103893 -0.073880 0.711114
4.250000 -0.095840 -0.061241 0.638995
4.300000 -0.083958 -0.046451 0.553264
4.350000 -0.069000 -0.030263 0.43859
4.400000 -0.051790 -0.013395 0.258639
4.450000 -0.033156 0.003499 -0.105536
4.500000 -0.013886 0.019846 -1.42916
4.550000 0.005304 0.035159 6.62861
4.600000 0.023790 0.049040 2.06136
4.650000 0.041046 0.061184 1.49062
4.700000 0.056648 0.071369 1.25987
4.750000 0.070271 0.079451 1.13064
4.800000 0.081683 0.085358 1.04499
4.850000 0.090738 0.089082 0.98174
4.900000 0.097367 0.090668 0.931193
4.950000 0.101566 0.090204 0.88813
5.000000 0.103386 0.087803 0.849272
5.050000 0.102926 0.083607 0.812295
5.100000 0.100322 0.077777 0.77527
5.150000 0.095738 0.070492 0.736303
5.200000 0.089359 0.061941 0.693175
5.250000 0.081383 0.052320 0.642887
5.300000 0.072017 0.041827 0.580785
5.350000 0.061471 0.030651 0.498617
5.400000 0.049952 0.018968 0.37972
5.450000 0.037662 0.006940 0.184278
5.500000 0.024796 -0.005278 -0.212869
5.550000 0.011537 -0.017540 -1.52025
5.600000 -0.001943 -0.029707 15.2926
5.650000 -0.015485 -0.041675 2.69124
5.700000 -0.028947 -0.053377 1.84392
5.750000 -0.042199 -0.064753 1.53446
5.800000 -0.055126 -0.075671 1.37269
5.850000 -0.067629 -0.085743 1.26785
5.900000 -0.079620 -0.094006 1.18068
5.950000 -0.091029 -0.099356 1.09148
6.000000 -0.101737 -0.100948 0.992252
6.050000 -0.110475 -0.098444 0.891101
6.100000 -0.115521 -0.091966 0.796098
6.150000 -0.116042 -0.081956 0.706263
6.200000 -0.111878 -0.069047 0.617161
6.250000 -0.103328 -0.053969 0.522301
6.300000 -0.090978 -0.037472 0.411877
6.350000 -0.075579 -0.020277 0.268282
6.400000 -0.057954 -0.003038 0.0524137
6.450000 -0.038930 0.013670 -0.351148
6.500000 -0.019292 0.029356 -1.52167
6.550000 0.000244 0.043619 178.581
6.600000 0.019056 0.056146 2.94644
6.650000 0.036617 0.066711 1.82184
6.700000 0.052506 0.075164 1.43155
6.750000 0.066398 0.081431 1.22641
6.800000 0.078063 0.085499 1.09526
6.850000 0.087356 0.087412 1.00064
6.900000 0.094207 0.087256 0.926217
6.950000 0.098614 0.085145 0.863417
7.000000 0.100630 0.081219 0.807104
7.050000 0.100354 0.075640 0.753731
7.100000 0.097921 0.068586 0.700417
7.150000 0.093498 0.060246 0.644351
7.200000 0.087269 0.050816 0.582284
7.250000 0.079434 0.040496 0.5098
7.300000 0.070200 0.029479 0.419926
7.350000 0.059777 0.017944 0.300175
7.400000 0.048373 0.006051 0.125097
7.450000 0.036191 -0.006045 -0.167041
7.500000 0.023426 -0.018197 -0.776785
7.550000 0.010261 -0.030262 -2.94915
7.600000 -0.003131 -0.042132 13.4576
7.650000 -0.016592 -0.053745 3.23928
7.700000 -0.029977 -0.065050 2.17001
7.750000 -0.043157 -0.075907 1.75884
7.800000 -0.056018 -0.085893 1.53332
7.850000 -0.068458 -0.094104 1.37462
7.900000 -0.080391 -0.099484 1.2375
7.950000 -0.091746 -0.101203 1.10308
8.000000 -0.102403 -0.098892 0.96571
8.050000 -0.111094 -0.092629 0.833784
8.100000 -0.116097 -0.082822 0.713393
8.150000 -0.116577 -0.070085 0.601195
8.200000 -0.112376 -0.055136 0.490642
8.250000 -0.103790 -0.038725 0.373104
8.300000 -0.091407 -0.021573 0.236006
8.350000 -0.075978 -0.004339 0.0571124
8.400000 -0.058324 0.012397 -0.212561
8.450000 -0.039273 0.028144 -0.716624
8.500000 -0.019611 0.042493 -2.16683
8.550000 -0.000051 0.055125 -1076.83
8.600000 0.018781 0.065809 3.50394
8.650000 0.036363 0.074390 2.04578
8.700000 0.052270 0.080789 1.54561
8.750000 0.066179 0.084990 1.28424
8.800000 0.077860 0.087034 1.11783
8.850000 0.087168 0.087004 0.99812
8.900000 0.094033 0.085009 0.904036
8.950000 0.098453 0.081188 0.824639
9.000000 0.100480 0.075702 0.753401
9.050000 0.100215 0.068730 0.685828
9.100000 0.097793 0.060462 0.618262
9.150000 0.093379 0.051093 0.547156
9.200000 0.087159 0.040825 0.468398
9.250000 0.079332 0.029854 0.376319
9.300000 0.070106 0.018362 0.261915
9.350000 0.059690 0.006510 0.109065
9.400000 0.048292 -0.005550 -0.114934
9.450000 0.036116 -0.017672 -0.489314
9.500000 0.023357 -0.029715 -1.27225
9.550000 0.010197 -0.041570 -4.07662
9.600000 -0.003190 -0.053172 16.6679
9.650000 -0.016646 -0.064471 3.87298
9.700000 -0.030028 -0.075317 2.50826
9.750000 -0.043204 -0.085276 1.97379
9.800000 -0.056061 -0.093490 1.66765
9.850000 -0.068498 -0.098949 1.44456
9.900000 -0.080428 -0.100835 1.25373
9.950000 -0.091780 -0.098753 1.07597
10.000000 -0.102435 -0.092741 0.905366
10.050000 -0.111124 -0.083177 0.748507
10.100000 -0.116124 -0.070650 0.608402
10.150000 -0.116602 -0.055867 0.47913
10.200000 -0.112399 -0.039575 0.352094
10.250000 -0.103812 -0.022496 0.216703
10.300000 -0.091427 -0.005295 0.0579122
10.350000 -0.075996 0.011447 -0.150621
10.400000 -0.058340 0.027230 -0.466743
10.450000 -0.039288 0.041643 -1.05995
10.500000 -0.019625 0.054362 -2.77004
10.550000 -0.000064 0.065145 -1011.11
10.600000 0.018769 0.073834 3.93379
10.650000 0.036352 0.080345 2.21023
10.700000 0.052260 0.084661 1.62001
10.750000 0.066170 0.086820 1.31208
10.800000 0.077851 0.086901 1.11625
10.850000 0.087160 0.085013 0.975376
10.900000 0.094025 0.081290 0.86455
10.950000 0.098446 0.075890 0.770881
11.000000 0.100474 0.068993 0.686678
11.050000 0.100209 0.060790 0.606627
11.100000 0.097788 0.051476 0.526405
11.150000 0.093374 0.041253 0.441806
11.200000 0.087155 0.030319 0.347882
11.250000 0.079328 0.018859 0.237739
11.300000 0.070102 0.007039 0.100406
11.350000 0.059686 -0.004991 -0.0836253
11.400000 0.048289 -0.017085 -0.353809
11.450000 0.036113 -0.029107 -0.80598
11.500000 0.023354 -0.040949 -1.75342
11.550000 0.010194 -0.052548 -5.15457
11.600000 -0.003192 -0.063849 19.9997
11.650000 -0.016649 -0.074687 4.48605
11.700000 -0.030030 -0.084625 2.81803
11.750000 -0.043206 -0.092847 2.14892
11.800000 -0.056063 -0.098384 1.75489
11.850000 -0.068499 -0.100432 1.46617
11.900000 -0.080430 -0.098572 1.22556
11.950000 -0.091782 -0.092808 1.01118
12.000000 -0.102436 -0.083484 0.814989
12.050000 -0.111125 -0.071170 0.640455
12.100000 -0.116125 -0.056560 0.487064
12.150000 -0.116603 -0.040394 0.346424
12.200000 -0.112400 -0.023396 0.208146
12.250000 -0.103812 -0.006232 0.06003
12.300000 -0.091428 0.010509 -0.114946
12.350000 -0.075996 0.026325 -0.346403
12.400000 -0.058341 0.040800 -0.699338
12.450000 -0.039289 0.053603 -1.36432
12.500000 -0.019625 0.064486 -3.28585
12.550000 -0.000065 0.073285 -1128.64
12.600000 0.018769 0.079910 4.25759
12.650000 0.036351 0.084340 2.32014
12.700000 0.052259 0.086611 1.65734
12.750000 0.066169 0.086803 1.31183
12.800000 0.077851 0.085019 1.09207
12.850000 0.087159 0.081392 0.933828
12.900000 0.094025 0.076078 0.809127
12.950000 0.098446 0.069256 0.7035
13.000000 0.100474 0.061118 0.608293
13.050000 0.100209 0.051860 0.517516
13.100000 0.097787 0.041684 0.426275
13.150000 0.093374 0.030789 0.32974
13.200000 0.087154 0.019361 0.222143
13.250000 0.079328 0.007568 0.0954023
13.300000 0.070102 -0.004434 -0.0632578
13.350000 0.059686 -0.016501 -0.276466
13.400000 0.048289 -0.028499 -0.59018
13.450000 0.036113 -0.040326 -1.11666
13.500000 0.023354 -0.051920 -2.22321
13.550000 0.010194 -0.063220 -6.20145
13.600000 -0.003193 -0.074051 23.1946
13.650000 -0.016649 -0.083972 5.04375
13.700000 -0.030030 -0.092206 3.07047
13.750000 -0.043206 -0.097821 2.26404
13.800000 -0.056063 -0.100026 1.78417
13.850000 -0.068500 -0.098383 1.43626
13.900000 -0.080430 -0.092863 1.15459
13.950000 -0.091782 -0.083779 0.912806
14.000000 -0.102436 -0.071677 0.69972
14.050000 -0.111125 -0.057239 0.51509
14.100000 -0.116125 -0.041201 0.354797
14.150000 -0.116603 -0.024285 0.208268
14.200000 -0.112400 -0.007161 0.0637064
14.250000 -0.103812 0.009578 -0.092266
14.300000 -0.091428 0.025425 -0.278084
14.350000 -0.075997 0.039957 -0.52577
14.400000 -0.058341 0.052839 -0.905691
14.450000 -0.039289 0.063820 -1.62437
14.500000 -0.019625 0.072727 -3.70574
14.550000 -0.000065 0.079466 -1223.51
14.600000 0.018769 0.084011 4.47613
14.650000 0.036351 0.086397 2.37673
14.700000 0.052259 0.086698 1.659
14.750000 0.066169 0.085019 1.28487
14.800000 0.077851 0.081489 1.04673
14.850000 0.087159 0.076262 0.874979
14.900000 0.094025 0.069517 0.739341
14.950000 0.098446 0.061443 0.624129
15.000000 0.100474 0.052241 0.519947
15.050000 0.100209 0.042114 0.420261
15.100000 0.097787 0.031260 0.31967
15.150000 0.093374 0.019865 0.212744
15.200000 0.087154 0.008100 0.0929388
15.250000 0.079328 -0.003878 -0.0488813
15.300000 0.070102 -0.015921 -0.227111
15.350000 0.059686 -0.027898 -0.467413
15.400000 0.048289 -0.039711 -0.822353
15.450000 0.036113 -0.051298 -1.42047
15.500000 0.023354 -0.062594 -2.68026
15.550000 0.010194 -0.073415 -7.20151
15.600000 -0.003193 -0.083322 26.0988
15.650000 -0.016649 -0.091568 5.49998
15.700000 -0.030030 -0.097257 3.23867
15.750000 -0.043206 -0.099612 2.3055
15.800000 -0.056063 -0.098181 1.75126
15.850000 -0.068500 -0.092902 1.35625
15.900000 -0.080430 -0.084057 1.04509
15.950000 -0.091782 -0.072169 0.78631
16.000000 -0.102436 -0.057907 0.565299
16.050000 -0.111125 -0.042000 0.377953
16.100000 -0.116125 -0.025170 0.216746
16.150000 -0.116603 -0.008088 0.0693636
16.200000 -0.112400 0.008647 -0.0769334
16.250000 -0.103812 0.024523 -0.236224
16.300000 -0.091428 0.039112 -0.427792
16.350000 -0.075997 0.052073 -0.685206
16.400000 -0.058341 0.063149 -1.08241
16.450000 -0.039289 0.072163 -1.83674
16.500000 -0.019625 0.079016 -4.0262
16.550000 -0.000065 0.083678 -1288.35
16.600000 0.018769 0.086178 4.59155
16.650000 0.036351 0.086589 2.38201
16.700000 0.052259 0.085014 1.62677
16.750000 0.066169 0.081581 1.23291
16.800000 0.077851 0.076442 0.981903
16.850000 0.087159 0.069773 0.80052
16.900000 0.094025 0.061764 0.656889
16.950000 0.098446 0.052618 0.534483
17.000000 0.100474 0.042538 0.423373
17.050000 0.100209 0.031725 0.316587
17.100000 0.097787 0.020366 0.208264
17.150000 0.093374 0.008632 0.0924404
17.200000 0.087154 -0.003319 -0.0380844
17.250000 0.079328 -0.015339 -0.193358
17.300000 0.070102 -0.027296 -0.389379
17.350000 0.059686 -0.039095 -0.655015
17.400000 0.048289 -0.050676 -1.04943
17.450000 0.036113 -0.061968 -1.71593
17.500000 0.023354 -0.072780 -3.11643
17.550000 0.010194 -0.082677 -8.11003
17.600000 -0.003193 -0.090937 28.4839
17.650000 -0.016649 -0.096699 5.80815
17.700000 -0.030030 -0.099198 3.3033
17.750000 -0.043206 -0.097971 2.26751
17.800000 -0.056063 -0.092927 1.65756
17.850000 -0.068500 -0.084319 1.23094
17.900000 -0.080430 -0.072645 0.903204
17.950000 -0.091782 -0.058560 0.638039
18.000000 -0.102436 -0.042787 0.417692
18.050000 -0.111125 -0.026045 0.23438
18.100000 -0.116125 -0.009010 0.0775886
18.150000 -0.116603 0.007718 -0.0661931
18.200000 -0.112400 0.023621 -0.210152
18.250000 -0.103812 0.038265 -0.3686
18.300000 -0.091428 0.051304 -0.56114
18.350000 -0.075997 0.062474 -0.822058
18.400000 -0.058341 0.071593 -1.22715
18.450000 -0.039289 0.078558 -1.99951
18.500000 -0.019625 0.083336 -4.2463
18.550000 -0.000065 0.085951 -1323.35
18.600000 0.018769 0.086473 4.60727
18.650000 0.036351 0.085003 2.33839
18.700000 0.052259 0.081668 1.56274
18.750000 0.066169 0.076618 1.15791
18.800000 0.077851 0.070027 0.899504
18.850000 0.087159 0.062086 0.712325
18.900000 0.094025 0.052995 0.563629
18.950000 0.098446 0.042962 0.436406
19.000000 0.100474 0.032188 0.320367
19.050000 0.100209 0.020863 0.208194
19.100000 0.097787 0.009159 0.0936594
19.150000 0.093374 -0.002765 -0.0296133
19.200000 0.087154 -0.014761 -0.169361
19.250000 0.079328 -0.026698 -0.336558
19.300000 0.070102 -0.038484 -0.548973
19.350000 0.059686 -0.050057 -0.838664
19.400000 0.048289 -0.061341 -1.2703
19.450000 0.036113 -0.072143 -1.99769
19.500000 0.023354 -0.082031 -3.51256
19.550000 0.010194 -0.090308 -8.85862
19.600000 -0.003193 -0.096141 30.1139
19.650000 -0.016649 -0.098780 5.93317
19.700000 -0.030030 -0.097751 3.25513
19.750000 -0.043206 -0.092939 2.15107
19.800000 -0.056063 -0.084566 1.50841
19.850000 -0.068500 -0.073107 1.06726
19.900000 -0.080430 -0.059202 0.736068
19.950000 -0.091782 -0.043565 0.474658
