0.000000 0.000008 0.000015 1.95838
0.025000 0.000192 0.000203 1.05632
0.050000 0.000835 0.000828 0.991949
0.075000 0.002151 0.002096 0.974623
0.100000 0.004292 0.004153 0.967578
0.125000 0.007355 0.007091 0.964
0.150000 0.011394 0.010960 0.961899
0.175000 0.016423 0.015775 0.960526
0.200000 0.022427 0.021520 0.959554
0.225000 0.029367 0.028158 0.958818
0.250000 0.037182 0.035630 0.958244
0.275000 0.045799 0.043865 0.957777
0.300000 0.055130 0.052780 0.957375
0.325000 0.065082 0.062285 0.957023
0.350000 0.075557 0.072285 0.956703
0.375000 0.086450 0.082682 0.956408
0.400000 0.097661 0.093377 0.956132
0.425000 0.109088 0.104274 0.955871
0.450000 0.120631 0.115278 0.955625
0.475000 0.132194 0.126297 0.955392
0.500000 0.143687 0.137245 0.955171
0.525000 0.155022 0.148040 0.954961
0.550000 0.166121 0.158606 0.954762
0.575000 0.176907 0.168871 0.954573
0.600000 0.187314 0.178771 0.954393
0.625000 0.197279 0.188248 0.954222
0.650000 0.206748 0.197250 0.954059
0.675000 0.215671 0.205729 0.953902
0.700000 0.224007 0.213647 0.953752
0.725000 0.231720 0.220970 0.953607
0.750000 0.238779 0.227668 0.953468
0.775000 0.245160 0.233719 0.953334
0.800000 0.250845 0.239107 0.953205
0.825000 0.255820 0.243817 0.95308
0.850000 0.260076 0.247842 0.952959
0.875000 0.263610 0.251179 0.952841
0.900000 0.266422 0.253827 0.952725
0.925000 0.268516 0.255792 0.952612
0.950000 0.269900 0.257080 0.952501
0.975000 0.270586 0.257703 0.952391
1.000000 0.270586 0.257675 0.952283
1.025000 0.269919 0.257011 0.952177
1.050000 0.268604 0.255730 0.952073
1.075000 0.266661 0.253854 0.95197
1.100000 0.264115 0.251402 0.951865
1.125000 0.260990 0.248399 0.951759
1.150000 0.257311 0.244871 0.951651
1.175000 0.253107 0.240842 0.95154
1.200000 0.248406 0.236340 0.951426
1.225000 0.243235 0.231392 0.951309
1.250000 0.237625 0.226026 0.951187
1.275000 0.231605 0.220271 0.951061
1.300000 0.225205 0.214154 0.950931
1.325000 0.218454 0.207705 0.950797
1.350000 0.211382 0.200952 0.95066
1.375000 0.204018 0.193923 0.950523
1.400000 0.196391 0.186647 0.950386
1.425000 0.188530 0.179151 0.950252
1.450000 0.180462 0.171460 0.950119
1.475000 0.172214 0.163601 0.949986
1.500000 0.163814 0.155598 0.949848
1.525000 0.155286 0.147475 0.949701
1.550000 0.146655 0.139255 0.94954
1.575000 0.137946 0.130961 0.949363
1.600000 0.129182 0.122615 0.949166
1.625000 0.120384 0.114238 0.948951
1.650000 0.111573 0.105851 0.948715
1.675000 0.102770 0.097473 0.948457
1.700000 0.093994 0.089122 0.948169
1.725000 0.085263 0.080815 0.947835
1.750000 0.076594 0.072567 0.947427
1.775000 0.068002 0.064392 0.946907
1.800000 0.059504 0.056304 0.946217
1.825000 0.051113 0.048316 0.945271
1.850000 0.042842 0.040439 0.943906
1.875000 0.034704 0.032686 0.94184
1.900000 0.026710 0.025070 0.9386
1.925000 0.018869 0.017596 0.932571
1.950000 0.011191 0.010324 0.922515
1.975000 0.003686 0.003398 0.921799
2.000000 -0.003633 -0.002963 0.815635
2.025000 -0.010588 -0.008546 0.807181
2.050000 -0.016892 -0.013186 0.780602
2.075000 -0.022325 -0.016773 0.751328
2.100000 -0.026731 -0.019246 0.720006
2.125000 -0.030008 -0.020581 0.685842
2.150000 -0.032100 -0.020783 0.647454
2.175000 -0.032990 -0.019887 0.602827
2.200000 -0.032690 -0.017944 0.548921
2.225000 -0.031239 -0.015023 0.480899
2.250000 -0.028696 -0.011203 0.390403
2.275000 -0.025135 -0.006574 0.261543
2.300000 -0.020643 -0.001231 0.0596356
2.325000 -0.015313 0.004727 -0.308682
2.350000 -0.009247 0.011200 -1.21125
2.375000 -0.002547 0.018089 -7.10292
2.400000 0.004682 0.025298 5.40291
2.425000 0.012337 0.032732 2.65325
2.450000 0.020315 0.040303 1.98391
2.475000 0.028518 0.047924 1.68048
2.500000 0.036852 0.055516 1.50647
2.525000 0.045228 0.063006 1.39308
2.550000 0.053561 0.070323 1.31297
2.575000 0.061773 0.077407 1.25308
2.600000 0.069793 0.084199 1.20641
2.625000 0.077555 0.090649 1.16884
2.650000 0.084999 0.096713 1.13782
2.675000 0.092072 0.102350 1.11163
2.700000 0.098729 0.107529 1.08914
2.725000 0.104928 0.112221 1.06951
2.750000 0.110634 0.116403 1.05214
2.775000 0.115820 0.120058 1.0366
2.800000 0.120461 0.123173 1.02251
2.825000 0.124539 0.125738 1.00963
2.850000 0.128041 0.127750 0.997727
2.875000 0.130958 0.129208 0.986632
2.900000 0.133286 0.130114 0.976203
2.925000 0.135024 0.130476 0.966317
2.950000 0.136176 0.130303 0.956871
2.975000 0.136747 0.129605 0.947775
3.000000 0.136748 0.128398 0.938943
3.025000 0.136190 0.126696 0.930293
3.050000 0.135088 0.124516 0.921742
3.075000 0.133459 0.121876 0.913211
3.100000 0.131322 0.118797 0.904625
3.125000 0.128697 0.115300 0.895903
3.150000 0.125606 0.111408 0.886964
3.175000 0.122073 0.107145 0.877715
3.200000 0.118119 0.102534 0.868053
3.225000 0.113772 0.097600 0.857857
3.250000 0.109055 0.092368 0.846987
3.275000 0.103994 0.086863 0.83527
3.300000 0.098616 0.081111 0.822497
3.325000 0.092946 0.075138 0.808404
3.350000 0.087010 0.068968 0.792645
3.375000 0.080833 0.062626 0.774752
3.400000 0.074442 0.056135 0.754074
3.425000 0.067862 0.049518 0.729687
3.450000 0.061116 0.042796 0.700235
3.475000 0.054229 0.035989 0.663645
3.500000 0.047225 0.029118 0.616589
3.525000 0.040126 0.022204 0.553347
3.550000 0.032954 0.015264 0.463181
3.575000 0.025730 0.008317 0.323249
3.600000 0.018475 0.001382 0.0748216
3.625000 0.011207 -0.005524 -0.49286
3.650000 0.003947 -0.012384 -3.13764
3.675000 -0.003289 -0.019185 5.83339
3.700000 -0.010483 -0.025913 2.47184
3.725000 -0.017621 -0.032560 1.84782
3.750000 -0.024686 -0.039118 1.5846
3.775000 -0.031665 -0.045578 1.43938
3.800000 -0.038545 -0.051934 1.34738
3.825000 -0.045312 -0.058169 1.28374
3.850000 -0.051957 -0.064283 1.23723
3.875000 -0.058468 -0.070247 1.20144
3.900000 -0.064837 -0.075983 1.17192
3.925000 -0.071053 -0.081357 1.14502
3.950000 -0.077109 -0.086187 1.11773
3.975000 -0.082998 -0.090280 1.08773
4.000000 -0.088707 -0.093470 1.0537
4.025000 -0.094059 -0.095640 1.01681
4.050000 -0.098769 -0.096717 0.979231
4.075000 -0.102617 -0.096673 0.942079
4.100000 -0.105448 -0.095510 0.905748
4.125000 -0.107163 -0.093256 0.870225
4.150000 -0.107704 -0.089961 0.835261
4.175000 -0.107057 -0.085693 0.800442
4.200000 -0.105234 -0.080528 0.765234
4.225000 -0.102275 -0.074557 0.728986
4.250000 -0.098239 -0.067873 0.690898
4.275000 -0.093201 -0.060576 0.649956
4.300000 -0.087248 -0.052769 0.604811
4.325000 -0.080475 -0.044550 0.553583
4.350000 -0.072983 -0.036018 0.493507
4.375000 -0.064876 -0.027267 0.420302
4.400000 -0.056258 -0.018389 0.326876
4.425000 -0.047233 -0.009469 0.200475
4.450000 -0.037904 -0.000587 0.0154899
4.475000 -0.028369 0.008182 -0.2884
4.500000 -0.018723 0.016768 -0.895586
4.525000 -0.009055 0.025109 -2.77278
4.550000 0.000550 0.033145 60.2961
4.575000 0.010014 0.040826 4.07693
4.600000 0.019265 0.048105 2.49701
4.625000 0.028238 0.054943 1.94573
4.650000 0.036873 0.061306 1.66264
4.675000 0.045116 0.067164 1.48869
4.700000 0.052922 0.072495 1.36985
4.725000 0.060250 0.077280 1.28266
4.750000 0.067065 0.081506 1.21533
4.775000 0.073338 0.085162 1.16123
4.800000 0.079046 0.088245 1.11636
4.825000 0.084172 0.090752 1.07818
4.850000 0.088701 0.092688 1.04495
4.875000 0.092624 0.094059 1.01549
4.900000 0.095939 0.094874 0.988904
4.925000 0.098644 0.095147 0.96455
4.950000 0.100742 0.094890 0.941908
4.975000 0.102241 0.094118 0.920557
5.000000 0.103149 0.092849 0.900141
5.025000 0.103480 0.091099 0.880355
5.050000 0.103248 0.088889 0.860929
5.075000 0.102470 0.086241 0.841617
5.100000 0.101166 0.083176 0.822179
5.125000 0.099355 0.079720 0.802372
5.150000 0.097060 0.075895 0.781935
5.175000 0.094304 0.071726 0.760583
5.200000 0.091111 0.067239 0.737985
5.225000 0.087507 0.062459 0.713757
5.250000 0.083516 0.057411 0.687432
5.275000 0.079164 0.052123 0.658425
5.300000 0.074478 0.046621 0.625977
5.325000 0.069483 0.040930 0.589065
5.350000 0.064207 0.035074 0.546269
5.375000 0.058674 0.029077 0.495557
5.400000 0.052912 0.022959 0.433907
5.425000 0.046944 0.016742 0.356634
5.450000 0.040796 0.010446 0.256047
5.475000 0.034492 0.004090 0.118581
5.500000 0.028056 -0.002305 -0.0821665
5.525000 0.021511 -0.008721 -0.405427
5.550000 0.014879 -0.015139 -1.01745
5.575000 0.008182 -0.021539 -2.63265
5.600000 0.001439 -0.027905 -19.3889
5.625000 -0.005328 -0.034220 6.42242
5.650000 -0.012102 -0.040471 3.34419
5.675000 -0.018864 -0.046651 2.47304
5.700000 -0.025597 -0.052757 2.06107
5.725000 -0.032285 -0.058789 1.82094
5.750000 -0.038912 -0.064734 1.66359
5.775000 -0.045466 -0.070590 1.5526
5.800000 -0.051931 -0.076350 1.47023
5.825000 -0.058295 -0.081975 1.40621
5.850000 -0.064548 -0.087373 1.35362
5.875000 -0.070677 -0.092405 1.30742
5.900000 -0.076674 -0.096905 1.26385
5.925000 -0.082530 -0.100700 1.22017
5.950000 -0.088235 -0.103631 1.17449
5.975000 -0.093783 -0.105576 1.12575
6.000000 -0.099159 -0.106455 1.07358
6.025000 -0.104189 -0.106231 1.0196
6.050000 -0.108585 -0.104898 0.966044
6.075000 -0.112129 -0.102482 0.913969
6.100000 -0.114664 -0.099029 0.863646
6.125000 -0.116091 -0.094603 0.8149
6.150000 -0.116354 -0.089278 0.767298
6.175000 -0.115435 -0.083142 0.720248
6.200000 -0.113348 -0.076288 0.673038
6.225000 -0.110133 -0.068815 0.624838
6.250000 -0.105849 -0.060826 0.574651
6.275000 -0.100570 -0.052421 0.521239
6.300000 -0.094383 -0.043699 0.462992
6.325000 -0.087383 -0.034755 0.397726
6.350000 -0.079671 -0.025680 0.322322
6.375000 -0.071349 -0.016560 0.232096
6.400000 -0.062523 -0.007476 0.119567
6.425000 -0.053297 0.001498 -0.028105
6.450000 -0.043773 0.010292 -0.235123
6.475000 -0.034048 0.018843 -0.553405
6.500000 -0.024218 0.027091 -1.1186
6.525000 -0.014373 0.034984 -2.43411
6.550000 -0.004595 0.042476 -9.24477
6.575000 0.005037 0.049525 9.83169
6.600000 0.014451 0.056097 3.88184
6.625000 0.023581 0.062163 2.6361
6.650000 0.032369 0.067699 2.09148
6.675000 0.040760 0.072685 1.78324
6.700000 0.048710 0.077109 1.58302
6.725000 0.056177 0.080959 1.44115
6.750000 0.063126 0.084229 1.3343
6.775000 0.069530 0.086920 1.25011
6.800000 0.075365 0.089033 1.18137
6.825000 0.080612 0.090576 1.1236
6.850000 0.085260 0.091558 1.07387
6.875000 0.089299 0.091992 1.03016
6.900000 0.092724 0.091892 0.991018
6.925000 0.095537 0.091271 0.955348
6.950000 0.097740 0.090147 0.922316
6.975000 0.099339 0.088537 0.891258
7.000000 0.100346 0.086461 0.861633
7.025000 0.100771 0.083941 0.832986
7.050000 0.100631 0.081000 0.80492
7.075000 0.099942 0.077661 0.777065
7.100000 0.098723 0.073950 0.749062
7.125000 0.096995 0.069890 0.720545
7.150000 0.094781 0.065505 0.691126
7.175000 0.092103 0.060823 0.660382
7.200000 0.088985 0.055868 0.627833
7.225000 0.085453 0.050667 0.592918
7.250000 0.081532 0.045247 0.554952
7.275000 0.077249 0.039634 0.513065
7.300000 0.072628 0.033853 0.466113
7.325000 0.067698 0.027929 0.412549
7.350000 0.062483 0.021882 0.350211
7.375000 0.057010 0.015734 0.275992
7.400000 0.051305 0.009504 0.185248
7.425000 0.045393 0.003211 0.0707287
7.450000 0.039299 -0.003127 -0.0795769
7.475000 0.033047 -0.009490 -0.287166
7.500000 0.026662 -0.015858 -0.594784
7.525000 0.020165 -0.022212 -1.10149
7.550000 0.013580 -0.028532 -2.10098
7.575000 0.006928 -0.034799 -5.02285
7.600000 0.000230 -0.041000 -178.52
7.625000 -0.006495 -0.047127 7.25541
7.650000 -0.013228 -0.053183 4.02051
7.675000 -0.019950 -0.059168 2.96575
7.700000 -0.026645 -0.065075 2.44231
7.725000 -0.033296 -0.070908 2.12963
7.750000 -0.039888 -0.076658 1.92183
7.775000 -0.046407 -0.082280 1.77304
7.800000 -0.052838 -0.087678 1.65937
7.825000 -0.059171 -0.092711 1.56684
7.850000 -0.065392 -0.097217 1.48668
7.875000 -0.071492 -0.101032 1.4132
7.900000 -0.077460 -0.104007 1.34273
7.925000 -0.083287 -0.106019 1.27294
7.950000 -0.088965 -0.106984 1.20254
7.975000 -0.094487 -0.106856 1.13091
8.000000 -0.099838 -0.105626 1.05797
8.025000 -0.104843 -0.103313 0.9854
8.050000 -0.109216 -0.099959 0.915235
8.075000 -0.112737 -0.095624 0.848201
8.100000 -0.115251 -0.090382 0.784224
8.125000 -0.116656 -0.084319 0.722799
8.150000 -0.116899 -0.077526 0.663194
8.175000 -0.115960 -0.070103 0.604545
8.200000 -0.113855 -0.062150 0.545874
8.225000 -0.110621 -0.053770 0.486073
8.250000 -0.106319 -0.045062 0.423838
8.275000 -0.101023 -0.036123 0.357569
8.300000 -0.094820 -0.027044 0.285215
8.325000 -0.087804 -0.017913 0.204007
8.350000 -0.080076 -0.008809 0.110013
8.375000 -0.071740 0.000191 -0.00265746
8.400000 -0.062900 0.009018 -0.143376
8.425000 -0.053660 0.017610 -0.328167
8.450000 -0.044122 0.025905 -0.587121
8.475000 -0.034385 0.033852 -0.984486
8.500000 -0.024543 0.041401 -1.6869
8.525000 -0.014685 0.048512 -3.30353
8.550000 -0.004896 0.055149 -11.2651
8.575000 0.004747 0.061282 12.9088
8.600000 0.014172 0.066887 4.71969
8.625000 0.023312 0.071943 3.08604
8.650000 0.032110 0.076436 2.38048
8.675000 0.040511 0.080356 1.98357
8.700000 0.048469 0.083697 1.7268
8.725000 0.055945 0.086457 1.54539
8.750000 0.062903 0.088639 1.40912
8.775000 0.069315 0.090249 1.302
8.800000 0.075158 0.091297 1.21473
8.825000 0.080413 0.091795 1.14154
8.850000 0.085068 0.091757 1.07862
8.875000 0.089114 0.091196 1.02336
8.900000 0.092547 0.090128 0.97386
8.925000 0.095366 0.088570 0.928738
8.950000 0.097575 0.086542 0.886932
8.975000 0.099181 0.084067 0.84761
9.000000 0.100193 0.081166 0.810096
9.025000 0.100624 0.077865 0.773819
9.050000 0.100489 0.074188 0.73827
9.075000 0.099806 0.070161 0.702971
9.100000 0.098592 0.065806 0.66746
9.125000 0.096869 0.061151 0.631269
9.150000 0.094660 0.056219 0.593912
9.175000 0.091986 0.051039 0.554858
9.200000 0.088873 0.045637 0.513505
9.225000 0.085345 0.040039 0.469145
9.250000 0.081428 0.034273 0.420898
9.275000 0.077149 0.028363 0.367643
9.300000 0.072532 0.022332 0.307896
9.325000 0.067605 0.016201 0.239643
9.350000 0.062394 0.009988 0.160079
9.375000 0.056924 0.003711 0.0651861
9.400000 0.051223 -0.002613 -0.0510079
9.425000 0.045314 -0.008963 -0.197805
9.450000 0.039223 -0.015322 -0.390637
9.475000 0.032974 -0.021669 -0.657149
9.500000 0.026591 -0.027983 -1.05235
9.525000 0.020097 -0.034245 -1.70397
9.550000 0.013515 -0.040438 -2.99215
9.575000 0.006865 -0.046559 -6.7819
9.600000 0.000169 -0.052609 -310.994
9.625000 -0.006554 -0.058586 8.93957
9.650000 -0.013284 -0.064493 4.85491
9.675000 -0.020004 -0.070332 3.51588
9.700000 -0.026697 -0.076094 2.8503
9.725000 -0.033346 -0.081732 2.45104
9.750000 -0.039936 -0.087151 2.18227
9.775000 -0.046453 -0.092213 1.98509
9.800000 -0.052883 -0.096757 1.82966
9.825000 -0.059213 -0.100625 1.69936
9.850000 -0.065433 -0.103669 1.58436
9.875000 -0.071531 -0.105771 1.47868
9.900000 -0.077497 -0.106843 1.37867
9.925000 -0.083323 -0.106834 1.28217
9.950000 -0.089000 -0.105728 1.18796
9.975000 -0.094521 -0.103539 1.09542
10.000000 -0.099870 -0.100306 1.00436
10.025000 -0.104875 -0.096085 0.916193
10.050000 -0.109246 -0.090949 0.832515
10.075000 -0.112766 -0.084980 0.7536
10.100000 -0.115278 -0.078271 0.67897
10.125000 -0.116683 -0.070917 0.607778
10.150000 -0.116924 -0.063022 0.538995
10.175000 -0.115985 -0.054685 0.471488
10.200000 -0.113878 -0.046009 0.404021
10.225000 -0.110644 -0.037090 0.335224
10.250000 -0.106341 -0.028022 0.263513
10.275000 -0.101044 -0.018892 0.186968
10.300000 -0.094840 -0.009782 0.103138
10.325000 -0.087823 -0.000767 0.00872932
10.350000 -0.080095 0.008083 -0.100921
10.375000 -0.071758 0.016704 -0.232777
10.400000 -0.062917 0.025035 -0.397906
10.425000 -0.053677 0.033024 -0.615234
10.450000 -0.044138 0.040621 -0.920313
10.475000 -0.034400 0.047784 -1.38906
10.500000 -0.024558 0.054477 -2.21833
10.525000 -0.014699 0.060668 -4.1273
10.550000 -0.004909 0.066331 -13.5118
10.575000 0.004734 0.071447 15.0912
10.600000 0.014159 0.076000 5.36746
10.625000 0.023300 0.079979 3.43252
10.650000 0.032098 0.083378 2.5976
10.675000 0.040500 0.086196 2.12831
10.700000 0.048459 0.088435 1.82495
10.725000 0.055935 0.090102 1.61084
10.750000 0.062893 0.091207 1.45018
10.775000 0.069306 0.091761 1.32401
10.800000 0.075149 0.091778 1.22128
10.825000 0.080405 0.091271 1.13514
10.850000 0.085060 0.090254 1.06106
10.875000 0.089106 0.088745 0.995946
10.900000 0.092539 0.086762 0.937577
10.925000 0.095359 0.084328 0.884327
10.950000 0.097568 0.081465 0.834958
10.975000 0.099174 0.078198 0.788497
11.000000 0.100187 0.074553 0.744142
11.025000 0.100618 0.070554 0.701206
11.050000 0.100483 0.066226 0.659075
11.075000 0.099800 0.061595 0.617181
11.100000 0.098587 0.056685 0.574975
11.125000 0.096864 0.051523 0.531911
11.150000 0.094654 0.046136 0.487414
11.175000 0.091981 0.040551 0.440861
11.200000 0.088868 0.034795 0.391532
11.225000 0.085341 0.028894 0.338568
11.250000 0.081424 0.022872 0.280894
11.275000 0.077145 0.016750 0.217122
11.300000 0.072528 0.010547 0.145421
11.325000 0.067601 0.004281 0.0633259
11.350000 0.062390 -0.002031 -0.0325549
11.375000 0.056921 -0.008371 -0.14706
11.400000 0.051219 -0.014720 -0.287386
11.425000 0.045310 -0.021058 -0.464751
11.450000 0.039219 -0.027366 -0.697755
11.475000 0.032971 -0.033621 -1.01971
11.500000 0.026588 -0.039810 -1.49727
11.525000 0.020094 -0.045929 -2.28564
11.550000 0.013512 -0.051977 -3.84667
11.575000 0.006863 -0.057955 -8.44504
11.600000 0.000167 -0.063869 -383.147
11.625000 -0.006556 -0.069721 10.6348
11.650000 -0.013286 -0.075496 5.68227
11.675000 -0.020006 -0.081147 4.05608
11.700000 -0.026699 -0.086582 3.24292
11.725000 -0.033348 -0.091670 2.74891
11.750000 -0.039938 -0.096254 2.41011
11.775000 -0.046454 -0.100177 2.15646
11.800000 -0.052884 -0.103294 1.9532
11.825000 -0.059215 -0.105484 1.78138
11.850000 -0.065435 -0.106661 1.63004
11.875000 -0.071533 -0.106768 1.49257
11.900000 -0.077499 -0.105784 1.36497
11.925000 -0.083325 -0.103718 1.24475
11.950000 -0.089001 -0.100605 1.13038
11.975000 -0.094522 -0.096498 1.02091
12.000000 -0.099872 -0.091467 0.91585
12.025000 -0.104876 -0.085594 0.816148
12.050000 -0.109247 -0.078969 0.722847
12.075000 -0.112767 -0.071689 0.635726
12.100000 -0.115280 -0.063854 0.553908
12.125000 -0.116684 -0.055567 0.476215
12.150000 -0.116925 -0.046927 0.401345
12.175000 -0.115986 -0.038034 0.327918
12.200000 -0.113879 -0.028980 0.254481
12.225000 -0.110645 -0.019855 0.179445
12.250000 -0.106342 -0.010740 0.100996
12.275000 -0.101045 -0.001713 0.0169503
12.300000 -0.094841 0.007157 -0.075462
12.325000 -0.087824 0.015804 -0.17995
12.350000 -0.080095 0.024169 -0.301749
12.375000 -0.071759 0.032197 -0.448686
12.400000 -0.062918 0.039840 -0.633206
12.425000 -0.053677 0.047054 -0.876611
12.450000 -0.044139 0.053802 -1.21893
12.475000 -0.034401 0.060052 -1.74564
12.500000 -0.024558 0.065776 -2.6784
12.525000 -0.014700 0.070954 -4.82694
12.550000 -0.004910 0.075569 -15.3921
12.575000 0.004734 0.079610 16.8171
12.600000 0.014159 0.083069 5.86694
12.625000 0.023300 0.085946 3.6887
12.650000 0.032098 0.088243 2.74921
12.675000 0.040499 0.089967 2.22145
12.700000 0.048458 0.091128 1.88054
12.725000 0.055935 0.091737 1.64008
12.750000 0.062893 0.091807 1.45973
12.775000 0.069306 0.091352 1.3181
12.800000 0.075149 0.090385 1.20275
12.825000 0.080404 0.088924 1.10596
12.850000 0.085060 0.086987 1.02266
12.875000 0.089106 0.084594 0.949362
12.900000 0.092539 0.081769 0.883613
12.925000 0.095358 0.078536 0.823586
12.950000 0.097568 0.074921 0.767886
12.975000 0.099174 0.070949 0.715404
13.000000 0.100186 0.066646 0.665226
13.025000 0.100618 0.062038 0.61657
13.050000 0.100483 0.057149 0.568744
13.075000 0.099800 0.052006 0.521108
13.100000 0.098586 0.046636 0.473049
13.125000 0.096864 0.041065 0.42395
13.150000 0.094654 0.035321 0.373161
13.175000 0.091981 0.029430 0.319957
13.200000 0.088868 0.023416 0.263493
13.225000 0.085340 0.017302 0.202738
13.250000 0.081424 0.011106 0.136401
13.275000 0.077144 0.004848 0.0628425
13.300000 0.072528 -0.001455 -0.0200676
13.325000 0.067601 -0.007786 -0.115176
13.350000 0.062390 -0.014125 -0.226399
13.375000 0.056921 -0.020454 -0.359335
13.400000 0.051219 -0.026750 -0.522262
13.425000 0.045310 -0.032994 -0.728179
13.450000 0.039219 -0.039175 -0.998866
13.475000 0.032971 -0.045288 -1.37358
13.500000 0.026588 -0.051333 -1.93068
13.525000 0.020094 -0.057313 -2.8522
13.550000 0.013512 -0.063235 -4.67991
13.575000 0.006863 -0.069100 -10.0692
13.600000 0.000167 -0.074891 -449.502
13.625000 -0.006556 -0.080556 12.2874
13.650000 -0.013286 -0.086007 6.47333
13.675000 -0.020006 -0.091118 4.55446
13.700000 -0.026699 -0.095741 3.58594
13.725000 -0.033348 -0.099719 2.99026
13.750000 -0.039938 -0.102909 2.57672
13.775000 -0.046455 -0.105190 2.26436
13.800000 -0.052884 -0.106471 2.01328
13.825000 -0.059215 -0.106694 1.8018
13.850000 -0.065435 -0.105832 1.61737
13.875000 -0.071533 -0.103891 1.45236
13.900000 -0.077499 -0.100899 1.30193
13.925000 -0.083325 -0.096906 1.163
13.950000 -0.089001 -0.091981 1.03348
13.975000 -0.094522 -0.086203 0.911987
14.000000 -0.099872 -0.079662 0.797639
14.025000 -0.104876 -0.072454 0.690855
14.050000 -0.109247 -0.064680 0.592051
14.075000 -0.112767 -0.056441 0.500513
14.100000 -0.115280 -0.047839 0.414983
14.125000 -0.116684 -0.038971 0.33399
14.150000 -0.116925 -0.029933 0.255999
14.175000 -0.115986 -0.020812 0.179438
14.200000 -0.113879 -0.011693 0.102682
14.225000 -0.110645 -0.002653 0.023981
14.250000 -0.106342 0.006236 -0.0586439
14.275000 -0.101045 0.014910 -0.147558
14.300000 -0.094841 0.023307 -0.245753
14.325000 -0.087824 0.031374 -0.357236
14.350000 -0.080095 0.039060 -0.48767
14.375000 -0.071759 0.046323 -0.645534
14.400000 -0.062918 0.053123 -0.844323
14.425000 -0.053677 0.059429 -1.10715
14.450000 -0.044139 0.065212 -1.47743
14.475000 -0.034401 0.070451 -2.04793
14.500000 -0.024558 0.075127 -3.05917
14.525000 -0.014700 0.079229 -5.38988
14.550000 -0.004910 0.082750 -16.8546
14.575000 0.004734 0.085687 18.101
14.600000 0.014159 0.088043 6.21821
14.625000 0.023300 0.089825 3.85515
14.650000 0.032098 0.091042 2.83639
14.675000 0.040499 0.091705 2.26437
14.700000 0.048458 0.091829 1.895
14.725000 0.055935 0.091425 1.63451
14.750000 0.062893 0.090509 1.43909
14.775000 0.069306 0.089096 1.28555
14.800000 0.075149 0.087204 1.16042
14.825000 0.080404 0.084854 1.05534
14.850000 0.085060 0.082069 0.964835
14.875000 0.089106 0.078872 0.885144
14.900000 0.092539 0.075289 0.813589
14.925000 0.095358 0.071345 0.748181
14.950000 0.097568 0.067068 0.687396
14.975000 0.099174 0.062482 0.630022
15.000000 0.100186 0.057613 0.575062
15.025000 0.100618 0.052489 0.521671
15.050000 0.100483 0.047136 0.469097
15.075000 0.099800 0.041581 0.416649
15.100000 0.098586 0.035851 0.363655
15.125000 0.096864 0.029972 0.309428
15.150000 0.094654 0.023969 0.253224
15.175000 0.091981 0.017863 0.194199
15.200000 0.088868 0.011674 0.131359
15.225000 0.085340 0.005421 0.0635208
15.250000 0.081424 -0.000877 -0.0107746
15.275000 0.077144 -0.007202 -0.0933613
15.300000 0.072528 -0.013536 -0.186627
15.325000 0.067601 -0.019857 -0.293735
15.350000 0.062390 -0.026144 -0.419035
15.375000 0.056921 -0.032378 -0.568832
15.400000 0.051219 -0.038551 -0.752664
15.425000 0.045310 -0.044657 -0.985577
15.450000 0.039219 -0.050697 -1.29266
15.475000 0.032971 -0.056677 -1.71903
15.500000 0.026588 -0.062606 -2.35467
15.525000 0.020094 -0.068483 -3.40806
15.550000 0.013512 -0.074287 -5.49784
15.575000 0.006863 -0.079967 -11.6526
15.600000 0.000167 -0.085433 -512.785
15.625000 -0.006556 -0.090566 13.8142
15.650000 -0.013286 -0.095223 7.16694
15.675000 -0.020006 -0.099252 4.96102
15.700000 -0.026699 -0.102512 3.83955
15.725000 -0.033348 -0.104880 3.14503
15.750000 -0.039938 -0.106263 2.66072
15.775000 -0.046455 -0.106600 2.29472
15.800000 -0.052884 -0.105860 2.00172
15.825000 -0.059215 -0.104042 1.75703
15.850000 -0.065435 -0.101172 1.54615
15.875000 -0.071533 -0.097296 1.36016
15.900000 -0.077499 -0.092479 1.19329
15.925000 -0.083325 -0.086799 1.04169
15.950000 -0.089001 -0.080344 0.902725
15.975000 -0.094522 -0.073211 0.774538
16.000000 -0.099872 -0.065500 0.655838
16.025000 -0.104876 -0.057312 0.546476
16.050000 -0.109247 -0.048749 0.446229
16.075000 -0.112767 -0.039910 0.353916
16.100000 -0.115280 -0.030889 0.267948
16.125000 -0.116684 -0.021776 0.186621
16.150000 -0.116925 -0.012654 0.108225
16.175000 -0.115986 -0.003602 0.0310599
16.200000 -0.113879 0.005307 -0.0466031
16.225000 -0.110645 0.014008 -0.126603
16.250000 -0.106342 0.022439 -0.211009
16.275000 -0.101045 0.030545 -0.302291
16.300000 -0.094841 0.038276 -0.403578
16.325000 -0.087824 0.045587 -0.51907
16.350000 -0.080095 0.052440 -0.654716
16.375000 -0.071759 0.058801 -0.819431
16.400000 -0.062918 0.064643 -1.02742
16.425000 -0.053677 0.069941 -1.303
16.450000 -0.044139 0.074679 -1.69191
16.475000 -0.034401 0.078843 -2.29188
16.500000 -0.024558 0.082425 -3.35634
16.525000 -0.014700 0.085423 -5.81125
16.550000 -0.004910 0.087839 -17.8912
16.575000 0.004734 0.089680 18.9445
16.600000 0.014159 0.090954 6.42383
16.625000 0.023300 0.091674 3.93451
16.650000 0.032098 0.091850 2.86159
16.675000 0.040499 0.091498 2.25925
16.700000 0.048458 0.090631 1.87029
16.725000 0.055935 0.089265 1.59589
16.750000 0.062893 0.087418 1.38995
16.775000 0.069306 0.085111 1.22805
16.800000 0.075149 0.082364 1.09602
16.825000 0.080404 0.079204 0.985065
16.850000 0.085060 0.075653 0.889411
16.875000 0.089106 0.071738 0.805092
16.900000 0.092539 0.067486 0.729269
16.925000 0.095358 0.062921 0.659841
16.950000 0.097568 0.058072 0.595197
16.975000 0.099174 0.052965 0.534062
17.000000 0.100186 0.047628 0.475391
17.025000 0.100618 0.042088 0.418293
17.050000 0.100483 0.036372 0.361971
17.075000 0.099800 0.030507 0.305678
17.100000 0.098586 0.024516 0.248672
17.125000 0.096864 0.018421 0.19017
17.150000 0.094654 0.012241 0.129326
17.175000 0.091981 0.005997 0.0651936
17.200000 0.088868 -0.000294 -0.00331322
17.225000 0.085340 -0.006613 -0.0774933
17.250000 0.081424 -0.012941 -0.15893
17.275000 0.077144 -0.019255 -0.249592
17.300000 0.072528 -0.025533 -0.352045
17.325000 0.067601 -0.031759 -0.469807
17.350000 0.062390 -0.037924 -0.607853
17.375000 0.056921 -0.044023 -0.773411
17.400000 0.051219 -0.050059 -0.977359
17.425000 0.045310 -0.056040 -1.23681
17.450000 0.039219 -0.061974 -1.5802
17.475000 0.032971 -0.067861 -2.05824
17.500000 0.026588 -0.073679 -2.77114
17.525000 0.020094 -0.079374 -3.95007
17.550000 0.013512 -0.084859 -6.28026
17.575000 0.006863 -0.090016 -13.117
17.600000 0.000167 -0.094708 -568.455
17.625000 -0.006556 -0.098788 15.0682
17.650000 -0.013286 -0.102115 7.68572
17.675000 -0.020006 -0.104569 5.22676
17.700000 -0.026699 -0.106052 3.97213
17.725000 -0.033348 -0.106500 3.1936
17.750000 -0.039938 -0.105878 2.65108
17.775000 -0.046455 -0.104183 2.24268
17.800000 -0.052884 -0.101433 1.91802
17.825000 -0.059215 -0.097674 1.64947
17.850000 -0.065435 -0.092965 1.42073
17.875000 -0.071533 -0.087383 1.22158
17.900000 -0.077499 -0.081016 1.04537
17.925000 -0.083325 -0.073958 0.887585
17.950000 -0.089001 -0.066310 0.745042
17.975000 -0.094522 -0.058174 0.615452
18.000000 -0.099872 -0.049651 0.497147
18.025000 -0.104876 -0.040841 0.389419
18.050000 -0.109247 -0.031838 0.291433
18.075000 -0.112767 -0.022734 0.2016
18.100000 -0.115280 -0.013612 0.118075
18.125000 -0.116684 -0.004550 0.0389972
18.150000 -0.116925 0.004377 -0.0374361
18.175000 -0.115986 0.013104 -0.112978
18.200000 -0.113879 0.021567 -0.189389
18.225000 -0.110645 0.029712 -0.268535
18.250000 -0.106342 0.037487 -0.352511
18.275000 -0.101045 0.044846 -0.443827
18.300000 -0.094841 0.051752 -0.545669
18.325000 -0.087824 0.058168 -0.662325
18.350000 -0.080095 0.064067 -0.799881
18.375000 -0.071759 0.069424 -0.96747
18.400000 -0.062918 0.074222 -1.17966
18.425000 -0.053677 0.078446 -1.46143
18.450000 -0.044139 0.082089 -1.85978
18.475000 -0.034401 0.085147 -2.47515
18.500000 -0.024558 0.087624 -3.56802
18.525000 -0.014700 0.089524 -6.0902
18.550000 -0.004910 0.090856 -18.5057
18.575000 0.004734 0.091633 19.3569
18.600000 0.014159 0.091864 6.48809
18.625000 0.023300 0.091564 3.92981
18.650000 0.032098 0.090747 2.82723
18.675000 0.040499 0.089429 2.20817
18.700000 0.048458 0.087628 1.80832
18.725000 0.055935 0.085364 1.52614
18.750000 0.062893 0.082658 1.31426
18.775000 0.069306 0.079535 1.1476
18.800000 0.075149 0.076019 1.01158
18.825000 0.080404 0.072135 0.897154
18.850000 0.085060 0.067909 0.798374
18.875000 0.089106 0.063368 0.711155
18.900000 0.092539 0.058538 0.63258
18.925000 0.095358 0.053448 0.560492
18.950000 0.097568 0.048124 0.493242
18.975000 0.099174 0.042597 0.429519
19.000000 0.100186 0.036893 0.368243
19.025000 0.100618 0.031039 0.308482
19.050000 0.100483 0.025058 0.249378
19.075000 0.099800 0.018973 0.190112
19.100000 0.098586 0.012803 0.129862
19.125000 0.096864 0.006566 0.067787
19.150000 0.094654 0.000282 0.00298256
19.175000 0.091981 -0.006030 -0.06556
19.200000 0.088868 -0.012351 -0.138983
19.225000 0.085340 -0.018658 -0.218627
19.250000 0.081424 -0.024928 -0.306156
19.275000 0.077144 -0.031147 -0.403749
19.300000 0.072528 -0.037304 -0.514335
19.325000 0.067601 -0.043396 -0.641939
19.350000 0.062390 -0.049427 -0.792231
19.375000 0.056921 -0.055407 -0.973413
19.400000 0.051219 -0.061345 -1.1977
19.425000 0.045310 -0.067238 -1.48396
19.450000 0.039219 -0.073066 -1.86301
19.475000 0.032971 -0.078774 -2.38921
19.500000 0.026588 -0.084277 -3.16973
19.525000 0.020094 -0.089459 -4.45195
19.550000 0.013512 -0.094186 -6.97053
19.575000 0.006863 -0.098316 -14.3264
19.600000 0.000167 -0.101710 -610.481
19.625000 -0.006556 -0.104246 15.9008
19.650000 -0.013286 -0.105828 7.96513
19.675000 -0.020006 -0.106385 5.31757
19.700000 -0.026699 -0.105882 3.96576
19.725000 -0.033348 -0.104307 3.12785
19.750000 -0.039938 -0.101679 2.54593
19.775000 -0.046455 -0.098036 2.11037
19.800000 -0.052884 -0.093438 1.76683
19.825000 -0.059215 -0.087957 1.48538
19.850000 -0.065435 -0.081679 1.24825
19.875000 -0.071533 -0.074699 1.04427
19.900000 -0.077499 -0.067117 0.866031
19.925000 -0.083325 -0.059034 0.708476
19.950000 -0.089001 -0.050552 0.567991
19.975000 -0.094522 -0.041772 0.441928
