0.000000 0.000001 0.000002 1.97739
0.012500 0.000025 0.000027 1.08303
0.025000 0.000113 0.000115 1.01536
0.037500 0.000300 0.000299 0.996928
0.050000 0.000618 0.000612 0.989382
0.062500 0.001094 0.001078 0.985554
0.075000 0.001750 0.001720 0.983327
0.087500 0.002604 0.002557 0.981898
0.100000 0.003673 0.003603 0.980911
0.112500 0.004969 0.004870 0.980187
0.125000 0.006499 0.006367 0.979629
0.137500 0.008272 0.008100 0.97918
0.150000 0.010291 0.010073 0.978808
0.162500 0.012558 0.012288 0.97849
0.175000 0.015073 0.014745 0.97821
0.187500 0.017834 0.017441 0.977961
0.200000 0.020837 0.020373 0.977734
0.212500 0.024077 0.023535 0.977525
0.225000 0.027547 0.026923 0.977331
0.237500 0.031241 0.030528 0.977153
0.250000 0.035150 0.034342 0.976989
0.262500 0.039265 0.038355 0.976835
0.275000 0.043574 0.042558 0.976688
0.287500 0.048068 0.046941 0.976546
0.300000 0.052735 0.051491 0.976407
0.312500 0.057564 0.056198 0.976271
0.325000 0.062542 0.061049 0.976139
0.337500 0.067656 0.066033 0.97601
0.350000 0.072895 0.071137 0.975884
0.362500 0.078245 0.076348 0.975759
0.375000 0.083693 0.081654 0.975635
0.387500 0.089227 0.087042 0.975514
0.400000 0.094834 0.092501 0.975394
0.412500 0.100502 0.098017 0.975276
0.425000 0.106217 0.103578 0.97516
0.437500 0.111967 0.109173 0.975046
0.450000 0.117739 0.114788 0.974934
0.462500 0.123523 0.120413 0.974824
0.475000 0.129306 0.126037 0.974715
0.487500 0.135077 0.131648 0.974609
0.500000 0.140825 0.137235 0.974504
0.512500 0.146539 0.142788 0.974402
0.525000 0.152208 0.148296 0.974302
0.537500 0.157822 0.153751 0.974203
0.550000 0.163373 0.159142 0.974107
0.562500 0.168849 0.164462 0.974013
0.575000 0.174244 0.169700 0.97392
0.587500 0.179547 0.174848 0.97383
0.600000 0.184752 0.179900 0.973742
0.612500 0.189849 0.184847 0.973655
0.625000 0.194833 0.189683 0.97357
0.637500 0.199695 0.194401 0.973487
0.650000 0.204430 0.198993 0.973405
0.662500 0.209032 0.203456 0.973325
0.675000 0.213494 0.207782 0.973247
0.687500 0.217812 0.211968 0.97317
0.700000 0.221980 0.216008 0.973094
0.712500 0.225995 0.219898 0.97302
0.725000 0.229852 0.223634 0.972947
0.737500 0.233547 0.227212 0.972876
0.750000 0.237077 0.230629 0.972805
0.762500 0.240438 0.233883 0.972736
0.775000 0.243629 0.236971 0.972668
0.787500 0.246647 0.239889 0.972601
0.800000 0.249490 0.242638 0.972536
0.812500 0.252156 0.245214 0.972471
0.825000 0.254643 0.247617 0.972407
0.837500 0.256952 0.249845 0.972345
0.850000 0.259080 0.251899 0.972283
0.862500 0.261028 0.253777 0.972222
0.875000 0.262795 0.255479 0.972162
0.887500 0.264381 0.257005 0.972102
0.900000 0.265787 0.258356 0.972043
0.912500 0.267013 0.259532 0.971985
0.925000 0.268060 0.260535 0.971927
0.937500 0.268928 0.261364 0.97187
0.950000 0.269620 0.262021 0.971814
0.962500 0.270137 0.262507 0.971757
0.975000 0.270479 0.262825 0.971701
0.987500 0.270649 0.262975 0.971646
1.000000 0.270649 0.262961 0.971591
1.012500 0.270481 0.262783 0.971536
1.025000 0.270148 0.262444 0.971482
1.037500 0.269650 0.261946 0.971429
1.050000 0.268992 0.261293 0.971376
1.062500 0.268176 0.260486 0.971324
1.075000 0.267205 0.259528 0.971271
1.087500 0.266080 0.258423 0.971219
1.100000 0.264807 0.257172 0.971167
1.112500 0.263387 0.255779 0.971114
1.125000 0.261824 0.254247 0.971061
1.137500 0.260121 0.252579 0.971007
1.150000 0.258281 0.250779 0.970953
1.162500 0.256309 0.248850 0.970898
1.175000 0.254206 0.246794 0.970843
1.187500 0.251978 0.244617 0.970787
1.200000 0.249626 0.242320 0.970731
1.212500 0.247156 0.239908 0.970673
1.225000 0.244570 0.237384 0.970615
1.237500 0.241873 0.234751 0.970555
1.250000 0.239067 0.232014 0.970495
1.262500 0.236158 0.229175 0.970434
1.275000 0.233147 0.226239 0.970372
1.287500 0.230040 0.223209 0.970309
1.300000 0.226839 0.220089 0.970245
1.312500 0.223549 0.216883 0.97018
1.325000 0.220173 0.213593 0.970115
1.337500 0.216715 0.210224 0.970048
1.350000 0.213178 0.206779 0.969982
1.362500 0.209567 0.203262 0.969915
1.375000 0.205884 0.199677 0.969848
1.387500 0.202135 0.196026 0.969782
1.400000 0.198321 0.192315 0.969716
1.412500 0.194446 0.188545 0.969651
1.425000 0.190515 0.184721 0.969587
1.437500 0.186531 0.180846 0.969524
1.450000 0.182496 0.176923 0.969461
1.462500 0.178415 0.172956 0.969399
1.475000 0.174291 0.168947 0.969337
1.487500 0.170127 0.164900 0.969274
1.500000 0.165927 0.160818 0.96921
1.512500 0.161693 0.156703 0.969144
1.525000 0.157428 0.152560 0.969076
1.537500 0.153137 0.148390 0.969005
1.550000 0.148821 0.144197 0.96893
1.562500 0.144485 0.139984 0.968852
1.575000 0.140130 0.135753 0.968769
1.587500 0.135760 0.131508 0.968682
1.600000 0.131377 0.127250 0.96859
1.612500 0.126985 0.122984 0.968494
1.625000 0.122585 0.118711 0.968394
1.637500 0.118181 0.114434 0.96829
1.650000 0.113776 0.110156 0.968181
1.662500 0.109371 0.105878 0.968067
1.675000 0.104969 0.101605 0.967949
1.687500 0.100573 0.097337 0.967824
1.700000 0.096185 0.093077 0.967693
1.712500 0.091806 0.088828 0.967553
1.725000 0.087441 0.084590 0.967401
1.737500 0.083089 0.080367 0.967234
1.750000 0.078754 0.076159 0.967048
1.762500 0.074438 0.071970 0.966839
1.775000 0.070142 0.067799 0.966601
1.787500 0.065869 0.063651 0.966329
1.800000 0.061619 0.059525 0.966012
1.812500 0.057396 0.055424 0.965641
1.825000 0.053200 0.051349 0.965204
1.837500 0.049034 0.047302 0.964683
1.850000 0.044898 0.043284 0.964053
1.862500 0.040795 0.039297 0.963281
1.875000 0.036726 0.035342 0.962321
1.887500 0.032692 0.031421 0.961119
1.900000 0.028694 0.027535 0.959604
1.912500 0.024735 0.023684 0.957537
1.925000 0.020814 0.019870 0.954658
1.937500 0.016934 0.016100 0.950767
1.950000 0.013095 0.012384 0.945687
1.962500 0.009299 0.008740 0.939877
1.975000 0.005546 0.005192 0.936257
1.987500 0.001837 0.001773 0.965146
2.000000 -0.001825 -0.001486 0.814252
2.012500 -0.005418 -0.004556 0.841032
2.025000 -0.008900 -0.007414 0.833009
2.037500 -0.012234 -0.010037 0.820378
2.050000 -0.015390 -0.012410 0.806338
2.062500 -0.018339 -0.014518 0.791644
2.075000 -0.021058 -0.016351 0.776493
2.087500 -0.023527 -0.017902 0.760896
2.100000 -0.025732 -0.019165 0.744783
2.112500 -0.027659 -0.020137 0.72804
2.125000 -0.029298 -0.020817 0.710519
2.137500 -0.030643 -0.021206 0.692043
2.150000 -0.031690 -0.021308 0.672399
2.162500 -0.032435 -0.021126 0.651331
2.175000 -0.032880 -0.020666 0.628534
2.187500 -0.033025 -0.019935 0.603625
2.200000 -0.032874 -0.018940 0.576129
2.212500 -0.032433 -0.017690 0.545445
2.225000 -0.031707 -0.016196 0.510802
2.237500 -0.030703 -0.014466 0.471177
2.250000 -0.029430 -0.012513 0.425189
2.262500 -0.027898 -0.010348 0.370918
2.275000 -0.026116 -0.007982 0.30562
2.287500 -0.024096 -0.005427 0.225229
2.300000 -0.021848 -0.002697 0.123425
2.312500 -0.019385 0.000197 -0.0101646
2.325000 -0.016718 0.003241 -0.193867
2.337500 -0.013862 0.006423 -0.463371
2.350000 -0.010827 0.009730 -0.898696
2.362500 -0.007627 0.013149 -1.72403
2.375000 -0.004275 0.016668 -3.89862
2.387500 -0.000785 0.020275 -25.8272
2.400000 0.002831 0.023956 8.46177
2.412500 0.006560 0.027701 4.22274
2.425000 0.010389 0.031498 3.0319
2.437500 0.014305 0.035334 2.47012
2.450000 0.018295 0.039200 2.14262
2.462500 0.022348 0.043084 1.92784
2.475000 0.026451 0.046975 1.7759
2.487500 0.030593 0.050863 1.66259
2.500000 0.034761 0.054739 1.57473
2.512500 0.038945 0.058594 1.50451
2.525000 0.043135 0.062417 1.44703
2.537500 0.047318 0.066200 1.39905
2.550000 0.051486 0.069935 1.35834
2.562500 0.055628 0.073614 1.32334
2.575000 0.059735 0.077230 1.29287
2.587500 0.063799 0.080774 1.26608
2.600000 0.067810 0.084241 1.24231
2.612500 0.071760 0.087623 1.22106
2.625000 0.075642 0.090915 1.20191
2.637500 0.079447 0.094110 1.18456
2.650000 0.083170 0.097205 1.16874
2.662500 0.086804 0.100192 1.15424
2.675000 0.090341 0.103069 1.14089
2.687500 0.093777 0.105831 1.12853
2.700000 0.097106 0.108473 1.11706
2.712500 0.100323 0.110992 1.10635
2.725000 0.103423 0.113386 1.09634
2.737500 0.106402 0.115651 1.08693
2.750000 0.109255 0.117785 1.07807
2.762500 0.111981 0.119784 1.06969
2.775000 0.114574 0.121649 1.06175
2.787500 0.117032 0.123376 1.0542
2.800000 0.119353 0.124964 1.04701
2.812500 0.121534 0.126412 1.04014
2.825000 0.123573 0.127721 1.03356
2.837500 0.125469 0.128887 1.02725
2.850000 0.127220 0.129913 1.02117
2.862500 0.128825 0.130797 1.0153
2.875000 0.130284 0.131540 1.00964
2.887500 0.131596 0.132141 1.00415
2.900000 0.132760 0.132603 0.998819
2.912500 0.133776 0.132925 0.993637
2.925000 0.134645 0.133108 0.988587
2.937500 0.135367 0.133155 0.983655
2.950000 0.135943 0.133065 0.978829
2.962500 0.136373 0.132840 0.974098
2.975000 0.136658 0.132483 0.969451
2.987500 0.136800 0.131995 0.964876
3.000000 0.136800 0.131378 0.960365
3.012500 0.136660 0.130634 0.955905
3.025000 0.136381 0.129764 0.951486
3.037500 0.135965 0.128772 0.947099
3.050000 0.135413 0.127658 0.942731
3.062500 0.134729 0.126427 0.938375
3.075000 0.133915 0.125079 0.934018
3.087500 0.132972 0.123618 0.929653
3.100000 0.131903 0.122046 0.925268
3.112500 0.130711 0.120366 0.920854
3.125000 0.129398 0.118580 0.9164
3.137500 0.127967 0.116693 0.911897
3.150000 0.126422 0.114706 0.907332
3.162500 0.124764 0.112624 0.902695
3.175000 0.122996 0.110447 0.897973
3.187500 0.121123 0.108181 0.893153
3.200000 0.119146 0.105828 0.88822
3.212500 0.117068 0.103390 0.88316
3.225000 0.114894 0.100872 0.877955
3.237500 0.112626 0.098276 0.872589
3.250000 0.110267 0.095606 0.867041
3.262500 0.107821 0.092865 0.86129
3.275000 0.105290 0.090056 0.855311
3.287500 0.102678 0.087182 0.849078
3.300000 0.099989 0.084247 0.842562
3.312500 0.097225 0.081253 0.835728
3.325000 0.094389 0.078205 0.82854
3.337500 0.091486 0.075105 0.820953
3.350000 0.088517 0.071957 0.812917
3.362500 0.085487 0.068763 0.804374
3.375000 0.082398 0.065528 0.795253
3.387500 0.079255 0.062252 0.785474
3.400000 0.076059 0.058941 0.774938
3.412500 0.072814 0.055596 0.763531
3.425000 0.069523 0.052220 0.75111
3.437500 0.066190 0.048816 0.737508
3.450000 0.062817 0.045386 0.722516
3.462500 0.059407 0.041934 0.705875
3.475000 0.055963 0.038461 0.687262
3.487500 0.052488 0.034971 0.666263
3.500000 0.048986 0.031466 0.642347
3.512500 0.045458 0.027948 0.614811
3.525000 0.041908 0.024421 0.582712
3.537500 0.038339 0.020885 0.544753
3.550000 0.034752 0.017345 0.499094
3.562500 0.031152 0.013801 0.443039
3.575000 0.027540 0.010258 0.372474
3.587500 0.023918 0.006716 0.280786
3.600000 0.020290 0.003178 0.156631
3.612500 0.016658 -0.000353 -0.02122
3.625000 0.013024 -0.003877 -0.297647
3.637500 0.009391 -0.007389 -0.786844
3.650000 0.005761 -0.010889 -1.89032
3.662500 0.002135 -0.014375 -6.7326
3.675000 -0.001483 -0.017844 12.0315
3.687500 -0.005092 -0.021295 4.18212
3.700000 -0.008690 -0.024727 2.84565
3.712500 -0.012274 -0.028139 2.2926
3.725000 -0.015843 -0.031529 1.99012
3.737500 -0.019395 -0.034897 1.79931
3.750000 -0.022927 -0.038241 1.66793
3.762500 -0.026439 -0.041562 1.57196
3.775000 -0.029929 -0.044857 1.49878
3.787500 -0.033395 -0.048127 1.44114
3.800000 -0.036835 -0.051369 1.39458
3.812500 -0.040247 -0.054582 1.35616
3.825000 -0.043632 -0.057764 1.32389
3.837500 -0.046986 -0.060914 1.29644
3.850000 -0.050308 -0.064034 1.27283
3.862500 -0.053598 -0.067122 1.25233
3.875000 -0.056854 -0.070174 1.23429
3.887500 -0.060074 -0.073177 1.2181
3.900000 -0.063259 -0.076115 1.20324
3.912500 -0.066405 -0.078972 1.18925
3.925000 -0.069514 -0.081729 1.17572
3.937500 -0.072582 -0.084360 1.16227
3.950000 -0.075611 -0.086841 1.14853
3.962500 -0.078597 -0.089145 1.13419
3.975000 -0.081542 -0.091247 1.11901
3.987500 -0.084444 -0.093125 1.1028
4.000000 -0.087301 -0.094762 1.08546
4.012500 -0.090090 -0.096141 1.06717
4.025000 -0.092771 -0.097253 1.04831
4.037500 -0.095306 -0.098087 1.02918
4.050000 -0.097665 -0.098639 1.00997
4.062500 -0.099819 -0.098903 0.990831
4.075000 -0.101745 -0.098880 0.97184
4.087500 -0.103425 -0.098569 0.953047
4.100000 -0.104842 -0.097972 0.934473
4.112500 -0.105984 -0.097094 0.916114
4.125000 -0.106842 -0.095939 0.89795
4.137500 -0.107409 -0.094515 0.879951
4.150000 -0.107680 -0.092828 0.862073
4.162500 -0.107654 -0.090888 0.844264
4.175000 -0.107330 -0.088704 0.826462
4.187500 -0.106710 -0.086286 0.808599
4.200000 -0.105798 -0.083644 0.7906
4.212500 -0.104598 -0.080790 0.772381
4.225000 -0.103118 -0.077736 0.753852
4.237500 -0.101364 -0.074493 0.734911
4.250000 -0.099345 -0.071076 0.715446
4.262500 -0.097070 -0.067495 0.695327
4.275000 -0.094550 -0.063765 0.674408
4.287500 -0.091795 -0.059898 0.65252
4.300000 -0.088817 -0.055907 0.629463
4.312500 -0.085628 -0.051805 0.605
4.325000 -0.082240 -0.047604 0.578848
4.337500 -0.078666 -0.043318 0.550661
4.350000 -0.074918 -0.038958 0.520012
4.362500 -0.071010 -0.034537 0.48637
4.375000 -0.066955 -0.030066 0.449057
4.387500 -0.062765 -0.025558 0.407197
4.400000 -0.058454 -0.021022 0.359638
4.412500 -0.054036 -0.016471 0.304822
4.425000 -0.049522 -0.011915 0.240601
4.437500 -0.044925 -0.007364 0.163911
4.450000 -0.040259 -0.002828 0.0702356
4.462500 -0.035536 0.001684 -0.0473878
4.475000 -0.030767 0.006162 -0.200276
4.487500 -0.025964 0.010597 -0.408144
4.500000 -0.021140 0.014982 -0.708687
4.512500 -0.016305 0.019307 -1.18413
4.525000 -0.011470 0.023565 -2.0546
4.537500 -0.006645 0.027750 -4.17598
4.550000 -0.001841 0.031853 -17.2989
4.562500 0.002932 0.035868 12.2337
4.575000 0.007665 0.039789 5.19088
4.587500 0.012349 0.043610 3.53133
4.600000 0.016976 0.047326 2.78777
4.612500 0.021537 0.050931 2.3648
4.625000 0.026024 0.054421 2.09115
4.637500 0.030430 0.057791 1.89912
4.650000 0.034749 0.061038 1.75656
4.662500 0.038972 0.064158 1.64626
4.675000 0.043095 0.067148 1.55814
4.687500 0.047110 0.070004 1.48595
4.700000 0.051014 0.072724 1.42557
4.712500 0.054800 0.075306 1.37418
4.725000 0.058465 0.077747 1.32981
4.737500 0.062003 0.080046 1.29101
4.750000 0.065411 0.082202 1.2567
4.762500 0.068685 0.084212 1.22606
4.775000 0.071822 0.086077 1.19848
4.787500 0.074819 0.087795 1.17344
4.800000 0.077673 0.089367 1.15055
4.812500 0.080383 0.090792 1.12949
4.825000 0.082946 0.092070 1.11
4.837500 0.085360 0.093202 1.09187
4.850000 0.087625 0.094188 1.07491
4.862500 0.089738 0.095030 1.05897
4.875000 0.091700 0.095728 1.04392
4.887500 0.093510 0.096283 1.02965
4.900000 0.095167 0.096698 1.01608
4.912500 0.096672 0.096973 1.00311
4.925000 0.098025 0.097110 0.990671
4.937500 0.099225 0.097111 0.978701
4.950000 0.100274 0.096979 0.967138
4.962500 0.101173 0.096714 0.95593
4.975000 0.101922 0.096319 0.945028
4.987500 0.102523 0.095796 0.934385
5.000000 0.102977 0.095147 0.923961
5.012500 0.103286 0.094374 0.913717
5.025000 0.103451 0.093480 0.903615
5.037500 0.103474 0.092467 0.893621
5.050000 0.103358 0.091338 0.883704
5.062500 0.103104 0.090096 0.87383
5.075000 0.102715 0.088743 0.863971
5.087500 0.102193 0.087282 0.854095
5.100000 0.101540 0.085717 0.844172
5.112500 0.100760 0.084051 0.834171
5.125000 0.099854 0.082286 0.824061
5.137500 0.098826 0.080425 0.813807
5.150000 0.097678 0.078472 0.803377
5.162500 0.096413 0.076430 0.792733
5.175000 0.095035 0.074302 0.781837
5.187500 0.093546 0.072091 0.770646
5.200000 0.091949 0.069800 0.759115
5.212500 0.090248 0.067433 0.747195
5.225000 0.088445 0.064992 0.734834
5.237500 0.086544 0.062482 0.72197
5.250000 0.084548 0.059906 0.70854
5.262500 0.082460 0.057266 0.694469
5.275000 0.080284 0.054567 0.679673
5.287500 0.078023 0.051811 0.664057
5.300000 0.075679 0.049003 0.647509
5.312500 0.073257 0.046145 0.629902
5.325000 0.070759 0.043240 0.611085
5.337500 0.068190 0.040292 0.590878
5.350000 0.065551 0.037303 0.569071
5.362500 0.062847 0.034277 0.545406
5.375000 0.060080 0.031216 0.519576
5.387500 0.057254 0.028123 0.491202
5.400000 0.054373 0.025001 0.459818
5.412500 0.051438 0.021853 0.424842
5.425000 0.048454 0.018681 0.385534
5.437500 0.045423 0.015487 0.340945
5.450000 0.042348 0.012274 0.289831
5.462500 0.039234 0.009045 0.230535
5.475000 0.036081 0.005802 0.160794
5.487500 0.032895 0.002547 0.0774343
5.500000 0.029676 -0.000716 -0.0241351
5.512500 0.026429 -0.003986 -0.150821
5.525000 0.023156 -0.007260 -0.313516
5.537500 0.019860 -0.010535 -0.53047
5.550000 0.016544 -0.013810 -0.834742
5.562500 0.013210 -0.017082 -1.29308
5.575000 0.009861 -0.020348 -2.06346
5.587500 0.006499 -0.023606 -3.63203
5.600000 0.003128 -0.026855 -8.58538
5.612500 -0.000251 -0.030091 119.871
5.625000 -0.003635 -0.033313 9.16426
5.637500 -0.007022 -0.036518 5.20071
5.650000 -0.010409 -0.039706 3.81465
5.662500 -0.013794 -0.042876 3.10828
5.675000 -0.017175 -0.046027 2.67983
5.687500 -0.020550 -0.049159 2.39213
5.700000 -0.023917 -0.052272 2.18556
5.712500 -0.027274 -0.055367 2.03006
5.725000 -0.030618 -0.058443 1.90878
5.737500 -0.033948 -0.061498 1.81154
5.750000 -0.037262 -0.064531 1.73182
5.762500 -0.040558 -0.067540 1.66527
5.775000 -0.043835 -0.070527 1.60892
5.787500 -0.047091 -0.073493 1.56066
5.800000 -0.050323 -0.076436 1.51889
5.812500 -0.053532 -0.079353 1.48236
5.825000 -0.056714 -0.082237 1.45003
5.837500 -0.059869 -0.085074 1.421
5.850000 -0.062996 -0.087847 1.39449
5.862500 -0.066092 -0.090536 1.36985
5.875000 -0.069157 -0.093121 1.34652
5.887500 -0.072189 -0.095582 1.32405
5.900000 -0.075188 -0.097897 1.30203
5.912500 -0.078152 -0.100043 1.28011
5.925000 -0.081079 -0.101996 1.25798
5.937500 -0.083970 -0.103736 1.23539
5.950000 -0.086823 -0.105244 1.21217
5.962500 -0.089637 -0.106504 1.18818
5.975000 -0.092411 -0.107504 1.16332
5.987500 -0.095144 -0.108233 1.13756
6.000000 -0.097835 -0.108684 1.11088
6.012500 -0.100461 -0.108853 1.08353
6.025000 -0.102981 -0.108737 1.0559
6.037500 -0.105357 -0.108337 1.02828
6.050000 -0.107559 -0.107654 1.00088
6.062500 -0.109558 -0.106690 0.973822
6.075000 -0.111332 -0.105451 0.947177
6.087500 -0.112862 -0.103944 0.920982
6.100000 -0.114131 -0.102175 0.895238
6.112500 -0.115128 -0.100152 0.869921
6.125000 -0.115842 -0.097885 0.844987
6.137500 -0.116267 -0.095383 0.82038
6.150000 -0.116399 -0.092657 0.796033
6.162500 -0.116235 -0.089718 0.771869
6.175000 -0.115775 -0.086577 0.747805
6.187500 -0.115021 -0.083247 0.723751
6.200000 -0.113978 -0.079740 0.699608
6.212500 -0.112648 -0.076068 0.675271
6.225000 -0.111040 -0.072245 0.650623
6.237500 -0.109160 -0.068284 0.625541
6.250000 -0.107016 -0.064197 0.599883
6.262500 -0.104619 -0.059998 0.573493
6.275000 -0.101978 -0.055700 0.546193
6.287500 -0.099105 -0.051315 0.517781
6.300000 -0.096010 -0.046855 0.488022
6.312500 -0.092705 -0.042333 0.456639
6.325000 -0.089204 -0.037761 0.423308
6.337500 -0.085518 -0.033150 0.387637
6.350000 -0.081660 -0.028512 0.349152
6.362500 -0.077643 -0.023857 0.307266
6.375000 -0.073481 -0.019197 0.261249
6.387500 -0.069186 -0.014541 0.210174
6.400000 -0.064771 -0.009900 0.152842
6.412500 -0.060250 -0.005282 0.0876749
6.425000 -0.055636 -0.000698 0.012549
6.437500 -0.050940 0.003844 -0.0754657
6.450000 -0.046177 0.008336 -0.180532
6.462500 -0.041357 0.012770 -0.308776
6.475000 -0.036493 0.017137 -0.469605
6.487500 -0.031597 0.021431 -0.67825
6.500000 -0.026681 0.025643 -0.961116
6.512500 -0.021755 0.029768 -1.36834
6.525000 -0.016831 0.033799 -2.00817
6.537500 -0.011919 0.037730 -3.16566
6.550000 -0.007028 0.041555 -5.91253
6.562500 -0.002170 0.045270 -20.8615
6.575000 0.002647 0.048869 18.4615
6.587500 0.007414 0.052347 7.06076
6.600000 0.012122 0.055702 4.59522
6.612500 0.016763 0.058930 3.51551
6.625000 0.021329 0.062026 2.90808
6.637500 0.025813 0.064988 2.51768
6.650000 0.030207 0.067813 2.24493
6.662500 0.034506 0.070499 2.04311
6.675000 0.038702 0.073043 1.88732
6.687500 0.042791 0.075445 1.76311
6.700000 0.046766 0.077702 1.66149
6.712500 0.050623 0.079812 1.5766
6.725000 0.054357 0.081776 1.50442
6.737500 0.057964 0.083592 1.44215
6.750000 0.061439 0.085260 1.38772
6.762500 0.064779 0.086779 1.33962
6.775000 0.067982 0.088151 1.29669
6.787500 0.071043 0.089375 1.25804
6.800000 0.073960 0.090451 1.22297
6.812500 0.076732 0.091381 1.19091
6.825000 0.079356 0.092167 1.16143
6.837500 0.081831 0.092808 1.13414
6.850000 0.084155 0.093307 1.10875
6.862500 0.086327 0.093665 1.08501
6.875000 0.088346 0.093884 1.06269
6.887500 0.090213 0.093966 1.04161
6.900000 0.091925 0.093913 1.02162
6.912500 0.093485 0.093726 1.00258
6.925000 0.094891 0.093407 0.984361
6.937500 0.096145 0.092959 0.966866
6.950000 0.097246 0.092383 0.949997
6.962500 0.098196 0.091682 0.93367
6.975000 0.098995 0.090859 0.917808
6.987500 0.099646 0.089915 0.902344
7.000000 0.100149 0.088854 0.887214
7.012500 0.100506 0.087677 0.872361
7.025000 0.100718 0.086389 0.85773
7.037500 0.100788 0.084992 0.843273
7.050000 0.100718 0.083489 0.82894
7.062500 0.100509 0.081883 0.814685
7.075000 0.100164 0.080178 0.800461
7.087500 0.099686 0.078376 0.786225
7.100000 0.099076 0.076480 0.771929
7.112500 0.098338 0.074494 0.757527
7.125000 0.097474 0.072420 0.742971
7.137500 0.096486 0.070263 0.728211
7.150000 0.095379 0.068024 0.713196
7.162500 0.094154 0.065707 0.697872
7.175000 0.092814 0.063316 0.682181
7.187500 0.091363 0.060854 0.666063
7.200000 0.089804 0.058324 0.649453
7.212500 0.088140 0.055729 0.632279
7.225000 0.086374 0.053073 0.614462
7.237500 0.084508 0.050360 0.595918
7.250000 0.082548 0.047593 0.576547
7.262500 0.080494 0.044774 0.556241
7.275000 0.078352 0.041909 0.534874
7.287500 0.076124 0.038999 0.512304
7.300000 0.073814 0.036048 0.488362
7.312500 0.071424 0.033059 0.462854
7.325000 0.068958 0.030035 0.43555
7.337500 0.066420 0.026978 0.40618
7.350000 0.063812 0.023892 0.374418
7.362500 0.061138 0.020779 0.339876
7.375000 0.058401 0.017642 0.302079
7.387500 0.055605 0.014482 0.260447
7.400000 0.052752 0.011303 0.214261
7.412500 0.049845 0.008106 0.162618
7.425000 0.046889 0.004894 0.10437
7.437500 0.043886 0.001669 0.0380374
7.450000 0.040838 -0.001565 -0.0383314
7.462500 0.037750 -0.004808 -0.127358
7.475000 0.034624 -0.008055 -0.232651
7.487500 0.031462 -0.011305 -0.359329
7.500000 0.028269 -0.014556 -0.514893
7.512500 0.025047 -0.017804 -0.710812
7.525000 0.021799 -0.021047 -0.965532
7.537500 0.018526 -0.024283 -1.31074
7.550000 0.015234 -0.027510 -1.80585
7.562500 0.011923 -0.030723 -2.57687
7.575000 0.008596 -0.033922 -3.94607
7.587500 0.005257 -0.037103 -7.05769
7.600000 0.001908 -0.040265 -21.1087
7.612500 -0.001450 -0.043408 29.9398
7.625000 -0.004813 -0.046532 9.66864
7.637500 -0.008179 -0.049637 6.06918
7.650000 -0.011545 -0.052724 4.5668
7.662500 -0.014910 -0.055794 3.74201
7.675000 -0.018272 -0.058846 3.2206
7.687500 -0.021627 -0.061877 2.86109
7.700000 -0.024975 -0.064889 2.59818
7.712500 -0.028312 -0.067882 2.39759
7.725000 -0.031638 -0.070857 2.23961
7.737500 -0.034950 -0.073816 2.11205
7.750000 -0.038246 -0.076757 2.00692
7.762500 -0.041525 -0.079675 1.91873
7.775000 -0.044785 -0.082561 1.84351
7.787500 -0.048023 -0.085401 1.77834
7.800000 -0.051239 -0.088180 1.72095
7.812500 -0.054431 -0.090876 1.66956
7.825000 -0.057598 -0.093468 1.62278
7.837500 -0.060737 -0.095935 1.57951
7.850000 -0.063848 -0.098256 1.5389
7.862500 -0.066929 -0.100409 1.50024
7.875000 -0.069979 -0.102376 1.46296
7.887500 -0.072996 -0.104135 1.42658
7.900000 -0.075980 -0.105668 1.39073
7.912500 -0.078930 -0.106960 1.35512
7.925000 -0.081844 -0.107996 1.31954
7.937500 -0.084721 -0.108767 1.28383
7.950000 -0.087560 -0.109263 1.24787
7.962500 -0.090360 -0.109480 1.21159
7.975000 -0.093121 -0.109414 1.17496
7.987500 -0.095842 -0.109065 1.13797
8.000000 -0.098521 -0.108433 1.10061
8.012500 -0.101134 -0.107521 1.06316
8.025000 -0.103641 -0.106334 1.02598
8.037500 -0.106006 -0.104876 0.989343
8.050000 -0.108196 -0.103155 0.953416
8.062500 -0.110183 -0.101179 0.918281
8.075000 -0.111946 -0.098957 0.883968
8.087500 -0.113465 -0.096498 0.850464
8.100000 -0.114723 -0.093812 0.817722
8.112500 -0.115709 -0.090910 0.785677
8.125000 -0.116413 -0.087804 0.754245
8.137500 -0.116827 -0.084505 0.723333
8.150000 -0.116949 -0.081026 0.692835
8.162500 -0.116775 -0.077380 0.662642
8.175000 -0.116305 -0.073579 0.632635
8.187500 -0.115542 -0.069636 0.60269
8.200000 -0.114489 -0.065565 0.572677
8.212500 -0.113150 -0.061378 0.542452
8.225000 -0.111532 -0.057090 0.511866
8.237500 -0.109643 -0.052711 0.480752
8.250000 -0.107491 -0.048256 0.448929
8.262500 -0.105085 -0.043736 0.416195
8.275000 -0.102436 -0.039163 0.382321
8.287500 -0.099554 -0.034550 0.347048
8.300000 -0.096451 -0.029907 0.310078
8.312500 -0.093138 -0.025246 0.271063
8.325000 -0.089629 -0.020578 0.229589
8.337500 -0.085935 -0.015912 0.185164
8.350000 -0.082069 -0.011259 0.137189
8.362500 -0.078045 -0.006628 0.0849269
8.375000 -0.073875 -0.002029 0.0274598
8.387500 -0.069573 0.002531 -0.0363762
8.400000 -0.065152 0.007042 -0.108081
8.412500 -0.060624 0.011496 -0.189625
8.425000 -0.056002 0.015885 -0.283656
8.437500 -0.051300 0.020203 -0.393818
8.450000 -0.046529 0.024441 -0.525279
8.462500 -0.041703 0.028593 -0.685629
8.475000 -0.036833 0.032652 -0.886491
8.487500 -0.031931 0.036613 -1.14662
8.500000 -0.027008 0.040468 -1.49837
8.512500 -0.022077 0.044215 -2.0028
8.525000 -0.017146 0.047846 -2.79047
8.537500 -0.012228 0.051359 -4.20004
8.550000 -0.007332 0.054747 -7.46673
8.562500 -0.002468 0.058009 -23.5023
8.575000 0.002354 0.061140 25.9689
8.587500 0.007127 0.064137 8.99973
8.600000 0.011840 0.066998 5.65869
8.612500 0.016486 0.069720 4.22903
8.625000 0.021057 0.072300 3.43353
8.637500 0.025546 0.074738 2.92562
8.650000 0.029945 0.077031 2.57236
8.662500 0.034249 0.079177 2.31181
8.675000 0.038450 0.081177 2.11122
8.687500 0.042544 0.083029 1.95161
8.700000 0.046524 0.084732 1.82128
8.712500 0.050385 0.086288 1.71256
8.725000 0.054123 0.087694 1.62026
8.737500 0.057734 0.088953 1.54073
8.750000 0.061214 0.090064 1.4713
8.762500 0.064559 0.091029 1.41002
8.775000 0.067765 0.091848 1.35539
8.787500 0.070830 0.092523 1.30627
8.800000 0.073752 0.093056 1.26174
8.812500 0.076528 0.093447 1.22109
8.825000 0.079155 0.093699 1.18374
8.837500 0.081634 0.093813 1.1492
8.850000 0.083961 0.093791 1.11708
8.862500 0.086137 0.093635 1.08705
8.875000 0.088160 0.093347 1.05883
8.887500 0.090030 0.092928 1.03219
8.900000 0.091746 0.092380 1.00691
8.912500 0.093309 0.091707 0.982829
8.925000 0.094719 0.090909 0.959785
8.937500 0.095975 0.089991 0.937645
8.950000 0.097080 0.088953 0.916291
8.962500 0.098033 0.087800 0.895619
8.975000 0.098835 0.086534 0.875532
8.987500 0.099489 0.085157 0.855946
9.000000 0.099995 0.083674 0.836783
9.012500 0.100355 0.082087 0.817971
9.025000 0.100570 0.080400 0.799441
9.037500 0.100643 0.078615 0.78113
9.050000 0.100575 0.076736 0.762975
9.062500 0.100369 0.074767 0.744915
9.075000 0.100027 0.072709 0.726891
9.087500 0.099551 0.070566 0.708843
9.100000 0.098944 0.068342 0.690713
9.112500 0.098208 0.066039 0.67244
9.125000 0.097347 0.063661 0.653964
9.137500 0.096362 0.061211 0.635223
9.150000 0.095256 0.058692 0.616152
9.162500 0.094034 0.056108 0.596683
9.175000 0.092697 0.053462 0.576745
9.187500 0.091248 0.050758 0.556262
9.200000 0.089691 0.047998 0.535152
9.212500 0.088029 0.045187 0.513325
9.225000 0.086264 0.042328 0.490682
9.237500 0.084401 0.039425 0.467112
9.250000 0.082443 0.036480 0.442492
9.262500 0.080391 0.033497 0.41668
9.275000 0.078251 0.030480 0.389513
9.287500 0.076025 0.027430 0.360806
9.300000 0.073716 0.024352 0.330341
9.312500 0.071329 0.021246 0.297865
9.325000 0.068865 0.018117 0.263078
9.337500 0.066328 0.014965 0.225627
9.350000 0.063722 0.011794 0.185091
9.362500 0.061050 0.008606 0.140964
9.375000 0.058315 0.005402 0.0926344
9.387500 0.055520 0.002185 0.0393555
9.400000 0.052668 -0.001043 -0.0197968
9.412500 0.049764 -0.004279 -0.0859788
9.425000 0.046809 -0.007520 -0.160662
9.437500 0.043807 -0.010766 -0.245749
9.450000 0.040761 -0.014012 -0.343751
9.462500 0.037674 -0.017256 -0.458042
9.475000 0.034549 -0.020497 -0.593269
9.487500 0.031390 -0.023731 -0.756015
9.500000 0.028198 -0.026955 -0.955932
9.512500 0.024977 -0.030167 -1.20779
9.525000 0.021730 -0.033363 -1.53537
9.537500 0.018459 -0.036542 -1.97961
9.550000 0.015168 -0.039701 -2.61748
9.562500 0.011858 -0.042840 -3.61277
9.575000 0.008533 -0.045960 -5.38628
9.587500 0.005195 -0.049062 -9.44445
9.600000 0.001846 -0.052146 -28.2412
9.612500 -0.001510 -0.055211 36.5691
9.625000 -0.004871 -0.058257 11.959
9.637500 -0.008236 -0.061285 7.44099
9.650000 -0.011602 -0.064296 5.54193
9.662500 -0.014966 -0.067290 4.4963
9.675000 -0.018326 -0.070270 3.83446
9.687500 -0.021681 -0.073236 3.37798
9.700000 -0.025027 -0.076186 3.04413
9.712500 -0.028364 -0.079113 2.78923
9.725000 -0.031688 -0.082009 2.58797
9.737500 -0.034999 -0.084861 2.42463
9.750000 -0.038295 -0.087653 2.28891
9.762500 -0.041572 -0.090366 2.1737
9.775000 -0.044831 -0.092979 2.07399
9.787500 -0.048069 -0.095469 1.9861
9.800000 -0.051284 -0.097815 1.90732
9.812500 -0.054475 -0.099996 1.83562
9.825000 -0.057641 -0.101992 1.76944
9.837500 -0.060779 -0.103784 1.70757
9.850000 -0.063889 -0.105356 1.64905
9.862500 -0.066969 -0.106691 1.59314
9.875000 -0.070018 -0.107776 1.53925
9.887500 -0.073035 -0.108599 1.48694
9.900000 -0.076019 -0.109152 1.43586
9.912500 -0.078967 -0.109428 1.38574
9.925000 -0.081880 -0.109424 1.33639
9.937500 -0.084757 -0.109137 1.28765
9.950000 -0.087595 -0.108568 1.23943
9.962500 -0.090395 -0.107720 1.19166
9.975000 -0.093155 -0.106595 1.14427
9.987500 -0.095875 -0.105199 1.09725
10.000000 -0.098553 -0.103539 1.05058
10.012500 -0.101166 -0.101621 1.0045
10.025000 -0.103673 -0.099455 0.959313
10.037500 -0.106037 -0.097049 0.915242
10.050000 -0.108226 -0.094414 0.872384
10.062500 -0.110213 -0.091561 0.830765
10.075000 -0.111975 -0.088501 0.790359
10.087500 -0.113493 -0.085245 0.751099
10.100000 -0.114751 -0.081805 0.712894
10.112500 -0.115736 -0.078195 0.675633
10.125000 -0.116439 -0.074427 0.639192
10.137500 -0.116854 -0.070514 0.603439
10.150000 -0.116974 -0.066469 0.568235
10.162500 -0.116800 -0.062305 0.533436
10.175000 -0.116330 -0.058036 0.49889
10.187500 -0.115566 -0.053674 0.464441
10.200000 -0.114512 -0.049232 0.429923
10.212500 -0.113173 -0.044722 0.395163
10.225000 -0.111555 -0.040157 0.359973
10.237500 -0.109666 -0.035549 0.324154
10.250000 -0.107513 -0.030908 0.287485
10.262500 -0.105107 -0.026248 0.249724
10.275000 -0.102457 -0.021577 0.210598
10.287500 -0.099574 -0.016908 0.169798
10.300000 -0.096471 -0.012248 0.126965
10.312500 -0.093158 -0.007610 0.0816864
10.325000 -0.089648 -0.003001 0.03347
10.337500 -0.085954 0.001570 -0.0182697
10.350000 -0.082088 0.006094 -0.0742419
10.362500 -0.078063 0.010563 -0.135318
10.375000 -0.073893 0.014969 -0.202582
10.387500 -0.069591 0.019305 -0.27741
10.400000 -0.065169 0.023563 -0.361571
10.412500 -0.060640 0.027737 -0.457393
10.425000 -0.056019 0.031819 -0.568002
10.437500 -0.051316 0.035804 -0.697706
10.450000 -0.046545 0.039685 -0.852613
10.462500 -0.041719 0.043458 -1.04169
10.475000 -0.036848 0.047117 -1.27869
10.487500 -0.031946 0.050658 -1.58575
10.500000 -0.027023 0.054077 -2.00113
10.512500 -0.022091 0.057368 -2.59692
10.525000 -0.017160 0.060530 -3.52729
10.537500 -0.012242 0.063558 -5.19178
10.550000 -0.007346 0.066450 -9.04591
10.562500 -0.002482 0.069202 -27.8862
10.575000 0.002341 0.071814 30.6732
10.587500 0.007114 0.074282 10.442
10.600000 0.011827 0.076605 6.47699
10.612500 0.016474 0.078782 4.78232
10.625000 0.021045 0.080812 3.83995
10.637500 0.025534 0.082694 3.23856
10.650000 0.029934 0.084427 2.82046
10.662500 0.034238 0.086012 2.5122
10.675000 0.038439 0.087448 2.27496
10.687500 0.042533 0.088735 2.08628
10.700000 0.046513 0.089875 1.93227
10.712500 0.050375 0.090869 1.80386
10.725000 0.054113 0.091717 1.6949
10.737500 0.057724 0.092420 1.60106
10.750000 0.061204 0.092981 1.5192
10.762500 0.064549 0.093401 1.44698
10.775000 0.067755 0.093681 1.38264
10.787500 0.070821 0.093823 1.3248
10.800000 0.073743 0.093829 1.27239
10.812500 0.076519 0.093701 1.22455
10.825000 0.079147 0.093439 1.18058
10.837500 0.081625 0.093047 1.13992
10.850000 0.083953 0.092525 1.10211
10.862500 0.086129 0.091877 1.06674
10.875000 0.088152 0.091104 1.03348
10.887500 0.090022 0.090208 1.00207
10.900000 0.091738 0.089194 0.972259
10.912500 0.093301 0.088062 0.943841
10.925000 0.094711 0.086816 0.916638
10.937500 0.095968 0.085459 0.890495
10.950000 0.097072 0.083994 0.865274
10.962500 0.098026 0.082425 0.840851
10.975000 0.098829 0.080754 0.817115
10.987500 0.099482 0.078986 0.793966
11.000000 0.099988 0.077122 0.771309
11.012500 0.100348 0.075167 0.749057
11.025000 0.100564 0.073123 0.727128
11.037500 0.100637 0.070994 0.705443
11.050000 0.100569 0.068782 0.683928
11.062500 0.100363 0.066492 0.66251
11.075000 0.100021 0.064125 0.641118
11.087500 0.099545 0.061686 0.619681
11.100000 0.098938 0.059178 0.59813
11.112500 0.098203 0.056604 0.576394
11.125000 0.097341 0.053966 0.554404
11.137500 0.096356 0.051270 0.532085
11.150000 0.095251 0.048517 0.509363
11.162500 0.094029 0.045713 0.486157
11.175000 0.092692 0.042859 0.462385
11.187500 0.091243 0.039960 0.437956
11.200000 0.089686 0.037020 0.41277
11.212500 0.088024 0.034041 0.386721
11.225000 0.086260 0.031027 0.359687
11.237500 0.084397 0.027980 0.331534
11.250000 0.082438 0.024905 0.302109
11.262500 0.080387 0.021804 0.271235
11.275000 0.078247 0.018678 0.238711
11.287500 0.076021 0.015532 0.204306
11.300000 0.073712 0.012365 0.167751
11.312500 0.071325 0.009182 0.128733
11.325000 0.068861 0.005983 0.0868883
11.337500 0.066324 0.002772 0.0417881
11.350000 0.063718 -0.000451 -0.00707397
11.362500 0.061046 -0.003681 -0.0603052
11.375000 0.058311 -0.006918 -0.118642
11.387500 0.055516 -0.010159 -0.182985
11.400000 0.052665 -0.013401 -0.254451
11.412500 0.049760 -0.016642 -0.334435
11.425000 0.046806 -0.019879 -0.424712
11.437500 0.043804 -0.023110 -0.527574
11.450000 0.040758 -0.026331 -0.646034
11.462500 0.037671 -0.029540 -0.784143
11.475000 0.034546 -0.032732 -0.94749
11.487500 0.031387 -0.035907 -1.14403
11.500000 0.028195 -0.039064 -1.38549
11.512500 0.024974 -0.042202 -1.68983
11.525000 0.021727 -0.045322 -2.08596
11.537500 0.018456 -0.048423 -2.62365
11.550000 0.015165 -0.051506 -3.39639
11.562500 0.011855 -0.054570 -4.603
11.575000 0.008530 -0.057616 -6.75434
11.587500 0.005192 -0.060645 -11.6799
11.600000 0.001844 -0.063659 -34.5234
11.612500 -0.001512 -0.066660 44.0812
11.625000 -0.004874 -0.069649 14.2904
11.637500 -0.008239 -0.072624 8.81517
11.650000 -0.011604 -0.075583 6.51351
11.662500 -0.014968 -0.078519 5.24581
11.675000 -0.018328 -0.081424 4.44255
11.687500 -0.021683 -0.084285 3.88721
11.700000 -0.025029 -0.087088 3.47944
11.712500 -0.028366 -0.089814 3.16627
11.725000 -0.031691 -0.092444 2.91708
11.737500 -0.035001 -0.094956 2.71291
11.750000 -0.038297 -0.097327 2.54141
11.762500 -0.041574 -0.099537 2.3942
11.775000 -0.044833 -0.101566 2.26543
11.787500 -0.048071 -0.103394 2.15087
11.800000 -0.051286 -0.105005 2.04744
11.812500 -0.054477 -0.106383 1.95282
11.825000 -0.057642 -0.107516 1.86522
11.837500 -0.060781 -0.108391 1.78331
11.850000 -0.063891 -0.108999 1.70602
11.862500 -0.066971 -0.109333 1.63254
11.875000 -0.070020 -0.109388 1.56224
11.887500 -0.073037 -0.109163 1.49463
11.900000 -0.076020 -0.108657 1.42931
11.912500 -0.078969 -0.107871 1.36599
11.925000 -0.081882 -0.106808 1.30441
11.937500 -0.084758 -0.105473 1.2444
11.950000 -0.087597 -0.103872 1.18581
11.962500 -0.090396 -0.102013 1.12851
11.975000 -0.093157 -0.099903 1.07242
11.987500 -0.095877 -0.097551 1.01746
12.000000 -0.098555 -0.094967 0.963602
12.012500 -0.101167 -0.092163 0.910995
12.025000 -0.103674 -0.089148 0.859892
12.037500 -0.106038 -0.085936 0.810425
12.050000 -0.108227 -0.082537 0.762626
12.062500 -0.110214 -0.078964 0.716459
12.075000 -0.111976 -0.075230 0.67184
12.087500 -0.113494 -0.071349 0.628653
12.100000 -0.114752 -0.067332 0.586758
12.112500 -0.115737 -0.063193 0.546005
12.125000 -0.116441 -0.058946 0.506231
12.137500 -0.116855 -0.054602 0.467269
12.150000 -0.116975 -0.050176 0.428947
12.162500 -0.116801 -0.045680 0.391089
12.175000 -0.116331 -0.041125 0.353515
12.187500 -0.115567 -0.036524 0.31604
12.200000 -0.114513 -0.031889 0.278471
12.212500 -0.113174 -0.027230 0.240605
12.225000 -0.111556 -0.022560 0.20223
12.237500 -0.109666 -0.017888 0.163113
12.250000 -0.107514 -0.013225 0.123004
12.262500 -0.105107 -0.008579 0.0816253
12.275000 -0.102458 -0.003962 0.0386684
12.287500 -0.099575 0.000619 -0.00621792
12.300000 -0.096472 0.005155 -0.0534361
12.312500 -0.093159 0.009638 -0.103454
12.325000 -0.089649 0.014059 -0.156823
12.337500 -0.085955 0.018411 -0.2142
12.350000 -0.082089 0.022688 -0.276383
12.362500 -0.078064 0.026881 -0.344348
12.375000 -0.073894 0.030985 -0.419317
12.387500 -0.069591 0.034993 -0.502833
12.400000 -0.065170 0.038899 -0.596889
12.412500 -0.060641 0.042698 -0.704107
12.425000 -0.056019 0.046384 -0.828005
12.437500 -0.051317 0.049954 -0.973436
12.450000 -0.046546 0.053401 -1.14728
12.462500 -0.041719 0.056723 -1.35964
12.475000 -0.036849 0.059916 -1.62598
12.487500 -0.031946 0.062975 -1.97128
12.500000 -0.027024 0.065899 -2.43857
12.512500 -0.022092 0.068684 -3.10907
12.525000 -0.017161 0.071328 -4.1564
12.537500 -0.012243 0.073829 -6.03049
12.550000 -0.007346 0.076184 -10.3704
12.562500 -0.002482 0.078393 -31.5834
12.575000 0.002341 0.080455 34.3713
12.587500 0.007113 0.082368 11.5795
12.600000 0.011827 0.084132 7.11367
12.612500 0.016473 0.085747 5.20525
12.625000 0.021045 0.087213 4.14419
12.637500 0.025534 0.088530 3.46719
12.650000 0.029933 0.089700 2.99664
12.662500 0.034237 0.090722 2.64981
12.675000 0.038439 0.091598 2.38297
12.687500 0.042532 0.092330 2.17083
12.700000 0.046512 0.092920 1.99773
12.712500 0.050374 0.093367 1.85347
12.725000 0.054113 0.093675 1.7311
12.737500 0.057724 0.093844 1.62574
12.750000 0.061204 0.093877 1.53385
12.762500 0.064548 0.093775 1.45279
12.775000 0.067755 0.093540 1.38056
12.787500 0.070821 0.093173 1.31562
12.800000 0.073742 0.092677 1.25677
12.812500 0.076518 0.092053 1.20302
12.825000 0.079146 0.091304 1.15361
12.837500 0.081625 0.090432 1.1079
12.850000 0.083953 0.089439 1.06536
12.862500 0.086129 0.088329 1.02555
12.875000 0.088152 0.087104 0.988111
12.887500 0.090022 0.085766 0.952729
12.900000 0.091738 0.084320 0.919138
12.912500 0.093301 0.082768 0.887108
12.925000 0.094711 0.081114 0.856439
12.937500 0.095968 0.079361 0.826954
12.950000 0.097072 0.077512 0.798496
12.962500 0.098025 0.075570 0.770926
12.975000 0.098828 0.073540 0.744114
12.987500 0.099482 0.071423 0.717947
13.000000 0.099988 0.069223 0.692315
13.012500 0.100348 0.066944 0.66712
13.025000 0.100564 0.064589 0.642268
13.037500 0.100637 0.062160 0.61767
13.050000 0.100569 0.059662 0.593242
13.062500 0.100363 0.057097 0.568902
13.075000 0.100021 0.054468 0.54457
13.087500 0.099545 0.051780 0.520168
13.100000 0.098938 0.049036 0.49562
13.112500 0.098203 0.046238 0.470846
13.125000 0.097341 0.043391 0.445766
13.137500 0.096356 0.040498 0.420299
13.150000 0.095251 0.037563 0.394359
13.162500 0.094028 0.034589 0.367854
13.175000 0.092691 0.031579 0.340687
13.187500 0.091243 0.028536 0.312752
13.200000 0.089686 0.025465 0.283931
13.212500 0.088024 0.022366 0.254093
13.225000 0.086260 0.019244 0.223093
13.237500 0.084397 0.016100 0.190766
13.250000 0.082438 0.012937 0.156927
13.262500 0.080387 0.009756 0.121367
13.275000 0.078247 0.006561 0.0838492
13.287500 0.076021 0.003353 0.0441054
13.300000 0.073712 0.000135 0.00182511
13.312500 0.071324 -0.003092 -0.0433525
13.325000 0.068861 -0.006325 -0.0918485
13.337500 0.066324 -0.009561 -0.144158
13.350000 0.063718 -0.012799 -0.200869
13.362500 0.061046 -0.016036 -0.262685
13.375000 0.058311 -0.019269 -0.330451
13.387500 0.055516 -0.022495 -0.405197
13.400000 0.052665 -0.025711 -0.488195
13.412500 0.049760 -0.028913 -0.581045
13.425000 0.046805 -0.032100 -0.685809
13.437500 0.043804 -0.035269 -0.805169
13.450000 0.040758 -0.038422 -0.942682
13.462500 0.037671 -0.041556 -1.10313
13.475000 0.034546 -0.044673 -1.29313
13.487500 0.031387 -0.047771 -1.52201
13.500000 0.028195 -0.050851 -1.80354
13.512500 0.024974 -0.053913 -2.15876
13.525000 0.021727 -0.056959 -2.62158
13.537500 0.018456 -0.059990 -3.25041
13.550000 0.015165 -0.063009 -4.15498
13.562500 0.011855 -0.066017 -5.56866
13.575000 0.008530 -0.069015 -8.09074
13.587500 0.005192 -0.072000 -13.8671
13.600000 0.001844 -0.074969 -40.6588
13.612500 -0.001512 -0.077916 51.5213
13.625000 -0.004874 -0.080831 16.5844
13.637500 -0.008239 -0.083702 10.1598
13.650000 -0.011604 -0.086515 7.45562
13.662500 -0.014968 -0.089254 5.96295
13.675000 -0.018328 -0.091898 5.01399
13.687500 -0.021683 -0.094428 4.355
13.700000 -0.025029 -0.096824 3.86842
13.712500 -0.028366 -0.099063 3.49232
13.725000 -0.031691 -0.101124 3.19099
13.737500 -0.035001 -0.102990 2.94245
13.750000 -0.038297 -0.104642 2.73241
13.762500 -0.041574 -0.106065 2.55122
13.775000 -0.044833 -0.107246 2.39213
13.787500 -0.048071 -0.108173 2.2503
13.800000 -0.051286 -0.108837 2.12216
13.812500 -0.054477 -0.109229 2.00506
13.825000 -0.057642 -0.109345 1.89696
13.837500 -0.060781 -0.109182 1.79633
13.850000 -0.063891 -0.108739 1.70195
13.862500 -0.066971 -0.108016 1.61287
13.875000 -0.070020 -0.107016 1.52836
13.887500 -0.073037 -0.105743 1.4478
13.900000 -0.076020 -0.104203 1.37072
13.912500 -0.078969 -0.102402 1.29674
13.925000 -0.081882 -0.100349 1.22553
13.937500 -0.084758 -0.098051 1.15683
13.950000 -0.087597 -0.095519 1.09044
13.962500 -0.090396 -0.092763 1.02618
13.975000 -0.093157 -0.089794 0.963905
13.987500 -0.095877 -0.086624 0.903497
14.000000 -0.098555 -0.083265 0.844864
14.012500 -0.101167 -0.079729 0.788094
14.025000 -0.103674 -0.076030 0.733353
14.037500 -0.106038 -0.072179 0.680689
14.050000 -0.108227 -0.068190 0.630063
14.062500 -0.110214 -0.064076 0.581378
14.075000 -0.111977 -0.059851 0.534492
14.087500 -0.113494 -0.055526 0.489242
14.100000 -0.114752 -0.051116 0.445446
14.112500 -0.115737 -0.046632 0.402914
14.125000 -0.116441 -0.042088 0.361453
14.137500 -0.116855 -0.037494 0.320864
14.150000 -0.116975 -0.032864 0.28095
14.162500 -0.116801 -0.028208 0.241508
14.175000 -0.116331 -0.023538 0.202337
14.187500 -0.115567 -0.018864 0.163227
14.200000 -0.114513 -0.014196 0.123966
14.212500 -0.113174 -0.009544 0.0843288
14.225000 -0.111556 -0.004918 0.0440817
14.237500 -0.109667 -0.000326 0.00297249
14.250000 -0.107514 0.004222 -0.0392716
14.262500 -0.105108 0.008719 -0.0829504
14.275000 -0.102458 0.013155 -0.128399
14.287500 -0.099575 0.017525 -0.175995
14.300000 -0.096472 0.021819 -0.226174
14.312500 -0.093159 0.026032 -0.279439
14.325000 -0.089649 0.030157 -0.336388
14.337500 -0.085955 0.034187 -0.397731
14.350000 -0.082089 0.038116 -0.46433
14.362500 -0.078064 0.041940 -0.537245
14.375000 -0.073894 0.045652 -0.617799
14.387500 -0.069591 0.049248 -0.707668
14.400000 -0.065170 0.052723 -0.809013
14.412500 -0.060641 0.056074 -0.924678
14.425000 -0.056019 0.059295 -1.05848
14.437500 -0.051317 0.062385 -1.21569
14.450000 -0.046546 0.065340 -1.40377
14.462500 -0.041719 0.068156 -1.63368
14.475000 -0.036849 0.070831 -1.92221
14.487500 -0.031947 0.073364 -2.29646
14.500000 -0.027024 0.075751 -2.80315
14.512500 -0.022092 0.077992 -3.53041
14.525000 -0.017161 0.080085 -4.6667
14.537500 -0.012243 0.082030 -6.70038
14.550000 -0.007346 0.083825 -11.4104
14.562500 -0.002482 0.085471 -34.4346
14.575000 0.002341 0.086967 37.1538
14.587500 0.007113 0.088315 12.4155
14.600000 0.011827 0.089514 7.56874
14.612500 0.016473 0.090566 5.49777
14.625000 0.021045 0.091471 4.34654
14.637500 0.025534 0.092232 3.61217
14.650000 0.029933 0.092849 3.10187
14.662500 0.034237 0.093325 2.72584
14.675000 0.038439 0.093660 2.43661
14.687500 0.042532 0.093857 2.20672
14.700000 0.046512 0.093917 2.01917
14.712500 0.050374 0.093841 1.86288
14.725000 0.054113 0.093632 1.73031
14.737500 0.057724 0.093291 1.61616
14.750000 0.061204 0.092820 1.51657
14.762500 0.064548 0.092221 1.42871
14.775000 0.067755 0.091496 1.35039
14.787500 0.070821 0.090647 1.27996
14.800000 0.073742 0.089678 1.21609
14.812500 0.076518 0.088589 1.15775
14.825000 0.079146 0.087385 1.1041
14.837500 0.081625 0.086068 1.05444
14.850000 0.083953 0.084642 1.00821
14.862500 0.086129 0.083109 0.964936
14.875000 0.088152 0.081472 0.924225
14.887500 0.090022 0.079735 0.885736
14.900000 0.091738 0.077902 0.849178
14.912500 0.093301 0.075975 0.8143
14.925000 0.094711 0.073958 0.780883
14.937500 0.095968 0.071854 0.748733
14.950000 0.097072 0.069667 0.717679
14.962500 0.098025 0.067399 0.687565
14.975000 0.098828 0.065054 0.658252
14.987500 0.099482 0.062635 0.629615
15.000000 0.099988 0.060146 0.601536
15.012500 0.100348 0.057591 0.573908
15.025000 0.100564 0.054971 0.546629
15.037500 0.100637 0.052291 0.519604
15.050000 0.100569 0.049555 0.492743
15.062500 0.100363 0.046765 0.465957
15.075000 0.100021 0.043925 0.43916
15.087500 0.099545 0.041039 0.412267
15.100000 0.098938 0.038110 0.385194
15.112500 0.098203 0.035142 0.357854
15.125000 0.097341 0.032138 0.330157
15.137500 0.096356 0.029101 0.302011
15.150000 0.095251 0.026034 0.273315
15.162500 0.094028 0.022939 0.243962
15.175000 0.092691 0.019821 0.213834
15.187500 0.091243 0.016680 0.182804
15.200000 0.089686 0.013519 0.150734
15.212500 0.088024 0.010340 0.117473
15.225000 0.086260 0.007147 0.0828557
15.237500 0.084397 0.003941 0.0466964
15.250000 0.082438 0.000724 0.00878803
15.262500 0.080387 -0.002500 -0.0311034
15.275000 0.078247 -0.005731 -0.073244
15.287500 0.076021 -0.008966 -0.117939
15.300000 0.073712 -0.012202 -0.165536
15.312500 0.071324 -0.015437 -0.216433
15.325000 0.068861 -0.018667 -0.27109
15.337500 0.066324 -0.021890 -0.330042
15.350000 0.063718 -0.025101 -0.393934
15.362500 0.061046 -0.028298 -0.463551
15.375000 0.058311 -0.031480 -0.539857
15.387500 0.055516 -0.034645 -0.624046
15.400000 0.052665 -0.037792 -0.717604
15.412500 0.049760 -0.040923 -0.822398
15.425000 0.046805 -0.044035 -0.940807
15.437500 0.043804 -0.047129 -1.07592
15.450000 0.040758 -0.050205 -1.2318
15.462500 0.037671 -0.053265 -1.41396
15.475000 0.034546 -0.056311 -1.63001
15.487500 0.031387 -0.059344 -1.89073
15.500000 0.028195 -0.062366 -2.21197
15.512500 0.024974 -0.065380 -2.61791
15.525000 0.021727 -0.068385 -3.14746
15.537500 0.018456 -0.071379 -3.86745
15.550000 0.015165 -0.074357 -4.90329
15.562500 0.011855 -0.077314 -6.52153
15.575000 0.008530 -0.080239 -9.40659
15.587500 0.005192 -0.083121 -16.009
15.600000 0.001844 -0.085945 -46.6117
15.612500 -0.001512 -0.088695 58.6492
15.625000 -0.004874 -0.091354 18.7434
15.637500 -0.008239 -0.093900 11.3976
15.650000 -0.011604 -0.096316 8.30019
15.662500 -0.014968 -0.098580 6.58602
15.675000 -0.018328 -0.100672 5.49269
15.687500 -0.021683 -0.102573 4.7306
15.700000 -0.025029 -0.104264 4.1657
15.712500 -0.028366 -0.105732 3.72742
15.725000 -0.031691 -0.106960 3.37513
15.737500 -0.035001 -0.107938 3.08381
15.750000 -0.038297 -0.108655 2.8372
15.762500 -0.041574 -0.109105 2.62432
15.775000 -0.044833 -0.109280 2.43749
15.787500 -0.048071 -0.109178 2.2712
15.800000 -0.051286 -0.108797 2.12139
15.812500 -0.054477 -0.108137 1.98501
15.825000 -0.057642 -0.107200 1.85975
15.837500 -0.060781 -0.105990 1.74381
15.850000 -0.063891 -0.104511 1.63578
15.862500 -0.066971 -0.102770 1.53455
15.875000 -0.070020 -0.100775 1.43923
15.887500 -0.073037 -0.098533 1.34908
15.900000 -0.076020 -0.096054 1.26353
15.912500 -0.078969 -0.093348 1.18209
15.925000 -0.081882 -0.090427 1.10436
15.937500 -0.084758 -0.087301 1.03
15.950000 -0.087597 -0.083983 0.958751
15.962500 -0.090396 -0.080486 0.890363
15.975000 -0.093157 -0.076821 0.824641
15.987500 -0.095877 -0.073002 0.761416
16.000000 -0.098555 -0.069042 0.700548
16.012500 -0.101167 -0.064955 0.642051
16.025000 -0.103674 -0.060752 0.585992
16.037500 -0.106038 -0.056448 0.532338
16.050000 -0.108227 -0.052055 0.480979
16.062500 -0.110214 -0.047586 0.431757
16.075000 -0.111977 -0.043053 0.384483
16.087500 -0.113494 -0.038469 0.338949
16.100000 -0.114752 -0.033845 0.294939
16.112500 -0.115737 -0.029193 0.252234
16.125000 -0.116441 -0.024524 0.210612
16.137500 -0.116855 -0.019848 0.169854
16.150000 -0.116975 -0.015177 0.129742
16.162500 -0.116801 -0.010519 0.0900584
16.175000 -0.116331 -0.005884 0.0505841
16.187500 -0.115567 -0.001283 0.0110986
16.200000 -0.114513 0.003278 -0.028624
16.212500 -0.113174 0.007788 -0.0688178
16.225000 -0.111556 0.012241 -0.109729
16.237500 -0.109667 0.016628 -0.151621
16.250000 -0.107514 0.020941 -0.194777
16.262500 -0.105108 0.025174 -0.239511
16.275000 -0.102458 0.029321 -0.286173
16.287500 -0.099575 0.033373 -0.335158
16.300000 -0.096472 0.037327 -0.386921
16.312500 -0.093159 0.041175 -0.441992
16.325000 -0.089649 0.044914 -0.500996
16.337500 -0.085955 0.048537 -0.564679
16.350000 -0.082089 0.052040 -0.633949
16.362500 -0.078064 0.055419 -0.70992
16.375000 -0.073894 0.058671 -0.793983
16.387500 -0.069591 0.061790 -0.887902
16.400000 -0.065170 0.064775 -0.993952
16.412500 -0.060641 0.067623 -1.11513
16.425000 -0.056019 0.070329 -1.25545
16.437500 -0.051317 0.072893 -1.42046
16.450000 -0.046546 0.075312 -1.61802
16.462500 -0.041719 0.077585 -1.85969
16.475000 -0.036849 0.079710 -2.16316
16.487500 -0.031947 0.081686 -2.55697
16.500000 -0.027024 0.083513 -3.09037
16.512500 -0.022092 0.085190 -3.85624
16.525000 -0.017161 0.086718 -5.05319
16.537500 -0.012243 0.088096 -7.19589
16.550000 -0.007346 0.089326 -12.1592
16.562500 -0.002482 0.090408 -36.4236
16.575000 0.002341 0.091343 39.0233
16.587500 0.007113 0.092134 12.9524
16.600000 0.011827 0.092780 7.84489
16.612500 0.016473 0.093284 5.66278
16.625000 0.021045 0.093647 4.44994
16.637500 0.025534 0.093871 3.67637
16.650000 0.029933 0.093958 3.1389
16.662500 0.034237 0.093908 2.74288
16.675000 0.038439 0.093725 2.43829
16.687500 0.042532 0.093409 2.19619
16.700000 0.046512 0.092963 1.99866
16.712500 0.050374 0.092387 1.83402
16.725000 0.054113 0.091686 1.69435
16.737500 0.057724 0.090860 1.57405
16.750000 0.061204 0.089913 1.46908
16.762500 0.064548 0.088846 1.37643
16.775000 0.067755 0.087663 1.29382
16.787500 0.070821 0.086366 1.21951
16.800000 0.073742 0.084959 1.15211
16.812500 0.076518 0.083445 1.09052
16.825000 0.079146 0.081826 1.03386
16.837500 0.081625 0.080106 0.981394
16.850000 0.083953 0.078289 0.932534
16.862500 0.086129 0.076377 0.886776
16.875000 0.088152 0.074373 0.843699
16.887500 0.090022 0.072282 0.802945
16.900000 0.091738 0.070107 0.764205
16.912500 0.093301 0.067850 0.727214
16.925000 0.094711 0.065515 0.691738
16.937500 0.095968 0.063106 0.657573
16.950000 0.097072 0.060625 0.624539
16.962500 0.098025 0.058078 0.592474
16.975000 0.098828 0.055466 0.561231
16.987500 0.099482 0.052793 0.530678
17.000000 0.099988 0.050063 0.500693
17.012500 0.100348 0.047280 0.471164
17.025000 0.100564 0.044447 0.441983
17.037500 0.100637 0.041568 0.413051
17.050000 0.100569 0.038646 0.384271
17.062500 0.100363 0.035684 0.355551
17.075000 0.100021 0.032686 0.326795
17.087500 0.099545 0.029656 0.297911
17.100000 0.098938 0.026595 0.268801
17.112500 0.098203 0.023506 0.239364
17.125000 0.097341 0.020393 0.209497
17.137500 0.096356 0.017256 0.17909
17.150000 0.095251 0.014100 0.14803
17.162500 0.094028 0.010926 0.116196
17.175000 0.092691 0.007736 0.0834596
17.187500 0.091243 0.004533 0.0496828
17.200000 0.089686 0.001320 0.0147143
17.212500 0.088024 -0.001902 -0.0216132
17.225000 0.086260 -0.005131 -0.0594849
17.237500 0.084397 -0.008364 -0.0991042
17.250000 0.082438 -0.011598 -0.140693
17.262500 0.080387 -0.014831 -0.184497
17.275000 0.078247 -0.018058 -0.230788
17.287500 0.076021 -0.021277 -0.279885
17.300000 0.073712 -0.024484 -0.332157
17.312500 0.071324 -0.027677 -0.388046
17.325000 0.068861 -0.030855 -0.448075
17.337500 0.066324 -0.034016 -0.512872
17.350000 0.063718 -0.037159 -0.583184
17.362500 0.061046 -0.040285 -0.659914
17.375000 0.058311 -0.043393 -0.744162
17.387500 0.055516 -0.046483 -0.837283
17.400000 0.052665 -0.049556 -0.940969
17.412500 0.049760 -0.052614 -1.05735
17.425000 0.046805 -0.055659 -1.18917
17.437500 0.043804 -0.058694 -1.33994
17.450000 0.040758 -0.061720 -1.51432
17.462500 0.037671 -0.064739 -1.71854
17.475000 0.034546 -0.067750 -1.96114
17.487500 0.031387 -0.070752 -2.2542
17.500000 0.028195 -0.073739 -2.61533
17.512500 0.024974 -0.076706 -3.07141
17.525000 0.021727 -0.079642 -3.66557
17.537500 0.018456 -0.082535 -4.47195
17.550000 0.015165 -0.085373 -5.62968
17.562500 0.011855 -0.088137 -7.4345
17.575000 0.008530 -0.090811 -10.646
17.587500 0.005192 -0.093376 -17.9841
17.600000 0.001844 -0.095812 -51.963
17.612500 -0.001512 -0.098101 64.8683
17.625000 -0.004874 -0.100222 20.5629
17.637500 -0.008239 -0.102156 12.3997
17.650000 -0.011604 -0.103887 8.95262
17.662500 -0.014968 -0.105397 7.04145
17.675000 -0.018328 -0.106672 5.82005
17.687500 -0.021683 -0.107700 4.96707
17.700000 -0.025029 -0.108470 4.33374
17.712500 -0.028366 -0.108976 3.84179
17.725000 -0.031691 -0.109209 3.44611
17.737500 -0.035001 -0.109168 3.11894
17.750000 -0.038297 -0.108848 2.84222
17.762500 -0.041574 -0.108250 2.60376
17.775000 -0.044833 -0.107375 2.39501
17.787500 -0.048071 -0.106227 2.20981
17.800000 -0.051286 -0.104809 2.04363
17.812500 -0.054477 -0.103128 1.89306
17.825000 -0.057642 -0.101190 1.75548
17.837500 -0.060781 -0.099004 1.62887
17.850000 -0.063891 -0.096578 1.51162
17.862500 -0.066971 -0.093923 1.40245
17.875000 -0.070020 -0.091050 1.30034
17.887500 -0.073037 -0.087969 1.20444
17.900000 -0.076020 -0.084692 1.11408
17.912500 -0.078969 -0.081233 1.02867
17.925000 -0.081882 -0.077604 0.947751
17.937500 -0.084758 -0.073817 0.870913
17.950000 -0.087597 -0.069886 0.797817
17.962500 -0.090396 -0.065824 0.728174
17.975000 -0.093157 -0.061645 0.661733
17.987500 -0.095877 -0.057361 0.598277
18.000000 -0.098555 -0.052985 0.537623
18.012500 -0.101167 -0.048531 0.479707
18.025000 -0.103674 -0.044010 0.424502
18.037500 -0.106038 -0.039435 0.371895
18.050000 -0.108227 -0.034818 0.321712
18.062500 -0.110214 -0.030170 0.273742
18.075000 -0.111977 -0.025503 0.227754
18.087500 -0.113494 -0.020827 0.183509
18.100000 -0.114752 -0.016153 0.140765
18.112500 -0.115737 -0.011490 0.0992807
18.125000 -0.116441 -0.006849 0.0588205
18.137500 -0.116855 -0.002238 0.0191532
18.150000 -0.116975 0.002333 -0.019948
18.162500 -0.116801 0.006857 -0.0587073
18.175000 -0.116331 0.011325 -0.0973477
18.187500 -0.115567 0.015728 -0.136094
18.200000 -0.114513 0.020060 -0.175174
18.212500 -0.113174 0.024313 -0.214827
18.225000 -0.111556 0.028480 -0.2553
18.237500 -0.109667 0.032556 -0.296862
18.250000 -0.107514 0.036533 -0.3398
18.262500 -0.105108 0.040407 -0.384433
18.275000 -0.102458 0.044171 -0.431115
18.287500 -0.099575 0.047821 -0.480251
18.300000 -0.096472 0.051352 -0.532303
18.312500 -0.093159 0.054760 -0.587812
18.325000 -0.089649 0.058040 -0.647417
18.337500 -0.085955 0.061190 -0.711882
18.350000 -0.082089 0.064204 -0.782134
18.362500 -0.078064 0.067082 -0.859316
18.375000 -0.073894 0.069819 -0.944852
18.387500 -0.069591 0.072414 -1.04055
18.400000 -0.065170 0.074864 -1.14875
18.412500 -0.060641 0.077167 -1.27252
18.425000 -0.056019 0.079323 -1.416
18.437500 -0.051317 0.081330 -1.58487
18.450000 -0.046546 0.083188 -1.78723
18.462500 -0.041719 0.084896 -2.03494
18.475000 -0.036849 0.086455 -2.34619
18.487500 -0.031947 0.087864 -2.75033
18.500000 -0.027024 0.089124 -3.29799
18.512500 -0.022092 0.090236 -4.08465
18.525000 -0.017161 0.091202 -5.31448
18.537500 -0.012243 0.092022 -7.51656
18.550000 -0.007346 0.092698 -12.6182
18.562500 -0.002482 0.093231 -37.5611
18.575000 0.002341 0.093623 39.9973
18.587500 0.007113 0.093876 13.1973
18.600000 0.011827 0.093990 7.9472
18.612500 0.016473 0.093968 5.70428
18.625000 0.021045 0.093811 4.4577
18.637500 0.025534 0.093520 3.66263
18.650000 0.029933 0.093099 3.11021
18.662500 0.034237 0.092549 2.70317
18.675000 0.038439 0.091871 2.39007
18.687500 0.042532 0.091069 2.14116
18.700000 0.046512 0.090144 1.93806
18.712500 0.050374 0.089099 1.76875
18.725000 0.054113 0.087938 1.62508
18.737500 0.057724 0.086662 1.50132
18.750000 0.061204 0.085275 1.3933
18.762500 0.064548 0.083780 1.29794
18.775000 0.067755 0.082180 1.2129
18.787500 0.070821 0.080478 1.13637
18.800000 0.073742 0.078677 1.06692
18.812500 0.076518 0.076782 1.00344
18.825000 0.079146 0.074794 0.945003
18.837500 0.081625 0.072717 0.890862
18.850000 0.083953 0.070554 0.840401
18.862500 0.086129 0.068309 0.793106
18.875000 0.088152 0.065985 0.748541
18.887500 0.090022 0.063586 0.706339
18.900000 0.091738 0.061114 0.666184
18.912500 0.093301 0.058575 0.627802
18.925000 0.094711 0.055970 0.590956
18.937500 0.095968 0.053304 0.555436
18.950000 0.097072 0.050580 0.521059
18.962500 0.098025 0.047803 0.487657
18.975000 0.098828 0.044975 0.455082
18.987500 0.099482 0.042101 0.423198
19.000000 0.099988 0.039183 0.39188
19.012500 0.100348 0.036227 0.361011
19.025000 0.100564 0.033234 0.330477
19.037500 0.100637 0.030208 0.30017
19.050000 0.100569 0.027152 0.269983
19.062500 0.100363 0.024068 0.239809
19.075000 0.100021 0.020959 0.209544
19.087500 0.099545 0.017827 0.179082
19.100000 0.098938 0.014674 0.148318
19.112500 0.098203 0.011504 0.117144
19.125000 0.097341 0.008318 0.0854496
19.137500 0.096356 0.005118 0.0531191
19.150000 0.095251 0.001908 0.0200285
19.162500 0.094028 -0.001312 -0.0139538
19.175000 0.092691 -0.004539 -0.0489668
19.187500 0.091243 -0.007770 -0.0851552
19.200000 0.089686 -0.011002 -0.122672
19.212500 0.088024 -0.014232 -0.16168
19.225000 0.086260 -0.017456 -0.202362
19.237500 0.084397 -0.020671 -0.244924
19.250000 0.082438 -0.023874 -0.289601
19.262500 0.080387 -0.027064 -0.336667
19.275000 0.078247 -0.030238 -0.386439
19.287500 0.076021 -0.033395 -0.439284
19.300000 0.073712 -0.036534 -0.49563
19.312500 0.071324 -0.039655 -0.555982
19.325000 0.068861 -0.042758 -0.620937
19.337500 0.066324 -0.045844 -0.691208
19.350000 0.063718 -0.048914 -0.767656
19.362500 0.061046 -0.051970 -0.851319
19.375000 0.058311 -0.055014 -0.943462
19.387500 0.055516 -0.058049 -1.04563
19.400000 0.052665 -0.061078 -1.15974
19.412500 0.049760 -0.064100 -1.28817
19.425000 0.046805 -0.067115 -1.43392
19.437500 0.043804 -0.070122 -1.60083
19.450000 0.040758 -0.073116 -1.79391
19.462500 0.037671 -0.076090 -2.01986
19.475000 0.034546 -0.079035 -2.2878
19.487500 0.031387 -0.081939 -2.61064
19.500000 0.028195 -0.084788 -3.00722
19.512500 0.024974 -0.087567 -3.50631
19.525000 0.021727 -0.090257 -4.15417
19.537500 0.018456 -0.092841 -5.03034
19.550000 0.015165 -0.095299 -6.28426
19.562500 0.011855 -0.097612 -8.23376
19.575000 0.008530 -0.099762 -11.6953
19.587500 0.005192 -0.101729 -19.5929
19.600000 0.001844 -0.103497 -56.1308
19.612500 -0.001512 -0.105049 69.4626
19.625000 -0.004874 -0.106370 21.8243
19.637500 -0.008239 -0.107447 13.0419
19.650000 -0.011604 -0.108271 9.33043
19.662500 -0.014968 -0.108832 7.27094
19.675000 -0.018328 -0.109123 5.95381
19.687500 -0.021683 -0.109141 5.03353
19.700000 -0.025029 -0.108882 4.35019
19.712500 -0.028366 -0.108346 3.81959
19.725000 -0.031691 -0.107533 3.39323
19.737500 -0.035001 -0.106447 3.04121
19.750000 -0.038297 -0.105090 2.74411
19.762500 -0.041574 -0.103469 2.48877
19.775000 -0.044833 -0.101590 2.26596
19.787500 -0.048071 -0.099460 2.06905
19.800000 -0.051286 -0.097089 1.8931
19.812500 -0.054477 -0.094486 1.73443
19.825000 -0.057642 -0.091662 1.59018
19.837500 -0.060781 -0.088627 1.45815
19.850000 -0.063891 -0.085394 1.33657
19.862500 -0.066971 -0.081975 1.22404
19.875000 -0.070020 -0.078382 1.11942
19.887500 -0.073037 -0.074629 1.0218
19.900000 -0.076020 -0.070728 0.93039
19.912500 -0.078969 -0.066694 0.844557
19.925000 -0.081882 -0.062538 0.763762
19.937500 -0.084758 -0.058275 0.687546
19.950000 -0.087597 -0.053917 0.615519
19.962500 -0.090396 -0.049478 0.547344
19.975000 -0.093157 -0.044970 0.482729
19.987500 -0.095877 -0.040404 0.421419
