0.000000  0.000058708691043  0.000112909108103 1.92321
0.050000  0.001397978033584  0.001263198474046 0.90359
0.100000  0.005704107297886  0.004858741549788 0.851797
0.150000  0.013784910217552  0.011559286731210 0.838546
0.200000  0.025783590234212  0.021489896628352 0.833472
0.250000  0.041395698152761  0.034402255241697 0.831059
0.300000  0.060034856479254  0.049814197238306 0.829755
0.350000  0.080957353521531  0.067112723315134 0.828989
0.400000  0.103353939313936  0.085630192554530 0.828514
0.450000  0.126415669900266  0.104698712706259 0.82821
0.500000  0.149379403262958  0.123687376818447 0.828008
0.550000  0.171557512236712  0.142027561195926 0.827871
0.600000  0.192355515470098  0.159227369886638 0.827776
0.650000  0.211280609894948  0.174878833424285 0.827709
0.700000  0.227943494197110  0.188659476259738 0.827659
0.750000  0.242055382832307  0.200330048744468 0.827621
0.800000  0.253421707505383  0.209729385013535 0.82759
0.850000  0.261933673550549  0.216767289844933 0.827566
0.900000  0.267558570286890  0.221416539696308 0.827544
0.950000  0.270329516992232  0.223704296379758 0.827524
1.000000  0.270335151028771  0.223703786143664 0.827505
1.050000  0.267709624599691  0.221525913380555 0.827486
1.100000  0.262623165497653  0.217311456839263 0.827465
1.150000  0.255273369880676  0.211223801286719 0.827442
1.200000  0.245877327265623  0.203442498928264 0.827415
1.250000  0.234664625956914  0.194157660966403 0.827384
1.300000  0.221871248018386  0.183564573512499 0.827347
1.350000  0.207734334145820  0.171859388332512 0.827304
1.400000  0.192487778330313  0.159235950541416 0.827252
1.450000  0.176358598302848  0.145882378863899 0.827192
1.500000  0.159564019005692  0.131978373753410 0.827119
1.550000  0.142309201589287  0.117693945995261 0.82703
1.600000  0.124785548739687  0.103187810453536 0.826921
1.650000  0.107169517735642  0.088605864224960 0.826782
1.700000  0.089621874898555  0.074081349551944 0.826599
1.750000  0.072287328538747  0.059733646380842 0.826336
1.800000  0.055294481725684  0.045669065316566 0.825924
1.850000  0.038756050910171  0.031979986245601 0.825161
1.900000  0.022769301364269  0.018746106680712 0.823306
1.950000  0.007416655397371  0.006034158743980 0.813596
2.000000 -0.007174857090821 -0.005792685232691 0.807359
2.050000 -0.019728322924132 -0.015470141487290 0.784159
2.100000 -0.028514731176193 -0.021963026973117 0.770234
2.150000 -0.032694951995562 -0.024628117643668 0.75327
2.200000 -0.032104885630612 -0.023414270053376 0.729306
2.250000 -0.027037525692698 -0.018618118693753 0.688603
2.300000 -0.018076267561840 -0.010751702379401 0.594797
2.350000 -0.005969371182870 -0.000445286968328 0.0745953
2.400000  0.008462744008673  0.011624132109040 1.37357
2.450000  0.024394210987331  0.024783518872578 1.01596
2.500000  0.041040031513552  0.038398539523300 0.935636
2.550000  0.057686558357177  0.051897332185147 0.899643
2.600000  0.073709841898763  0.064783533867022 0.878899
2.650000  0.088584823247413  0.076642738796827 0.86519
2.700000  0.101887763061603  0.087143704026577 0.855291
2.750000  0.113293806146426  0.096036048377733 0.847673
2.800000  0.122571179954584  0.103144976933274 0.841511
2.850000  0.129573196178512  0.108364172954476 0.836316
2.900000  0.134228956677142  0.111647951462524 0.831772
2.950000  0.136533447863896  0.113003081518401 0.827659
3.000000  0.136537532796526  0.112480804545812 0.823809
3.050000  0.134338210301656  0.110168563824746 0.820084
3.100000  0.130069399429772  0.106182533256808 0.816353
3.150000  0.123893420237590  0.100660815493244 0.812479
3.200000  0.115993274031071  0.093757390173924 0.8083
3.250000  0.106565774174654  0.085636519908984 0.803602
3.300000  0.095815539378345  0.076467590602990 0.798071
3.350000  0.083949832516738  0.066421460162190 0.791204
3.400000  0.071174207442400  0.055667322791584 0.782128
3.450000  0.057688912219343  0.044369164271347 0.769111
3.500000  0.043685988312429  0.032683369616637 0.748143
3.550000  0.029347000371370  0.020757991063552 0.707329
3.600000  0.014841329402162  0.008730672984393 0.588268
3.650000  0.000324962560893 -0.003272461846461 -10.0703
3.700000 -0.014060285080676 -0.015136797768114 1.07656
3.750000 -0.028187178154043 -0.026760424080933 0.949383
3.800000 -0.041943155270298 -0.038054107653334 0.907278
3.850000 -0.055230162661291 -0.048942418857884 0.886154
3.900000 -0.067964275083521 -0.059363529226125 0.873452
3.950000 -0.080075147011073 -0.069183339444062 0.86398
4.000000 -0.091446623655272 -0.077833774232552 0.851139
4.050000 -0.100811528219298 -0.084110923644905 0.834338
4.100000 -0.106449511036422 -0.087080656585572 0.818047
4.150000 -0.107529092072272 -0.086247269781393 0.802083
4.200000 -0.103892873169700 -0.081649862230922 0.785904
4.250000 -0.095839663628939 -0.073642655313603 0.768394
4.300000 -0.083957849651056 -0.062770749613586 0.747646
4.350000 -0.068999916579559 -0.049679240219211 0.71999
4.400000 -0.051789801423257 -0.035047006661848 0.676716
4.450000 -0.033156236498767 -0.019540160039302 0.589336
4.500000 -0.013886486384754 -0.003780088225224 0.272213
4.550000  0.005304083303860  0.011678000622939 2.2017
4.600000  0.023790303935295  0.026356259048516 1.10786
4.650000  0.041046350864674  0.039859353948570 0.971082
4.700000  0.056648128633415  0.051874990622245 0.915741
4.750000  0.070270794438860  0.062171008269305 0.884735
4.800000  0.081682917982392  0.070589500077750 0.864189
4.850000  0.090738446847173  0.077039358208202 0.849027
4.900000  0.097367378598336  0.081488312451084 0.836916
4.950000  0.101565823669605  0.083954912944214 0.826606
5.000000  0.103385968204633  0.084500436722654 0.81733
5.050000  0.102926306105864  0.083220589269820 0.808545
5.100000  0.100322398500681  0.080238241621203 0.799804
5.150000  0.095738331531337  0.075696963715248 0.790665
5.200000  0.089358975508535  0.069755116107809 0.780617
5.250000  0.081383096438939  0.062579962354231 0.768955
5.300000  0.072017331742188  0.054342954149827 0.754582
5.350000  0.061471013115502  0.045216431255555 0.735573
5.400000  0.049951798913176  0.035370252628869 0.708088
5.450000  0.037662064373031  0.024968027183659 0.662949
5.500000  0.024795989134062  0.014165479312155 0.571281
5.550000  0.011537276594758  0.003109729140078 0.269538
5.600000 -0.001942562181373 -0.008062743727472 4.15057
5.650000 -0.015485426861403 -0.019226769546806 1.2416
5.700000 -0.028947413270202 -0.030268549789747 1.04564
5.750000 -0.042199227282042 -0.041086991538344 0.973643
5.800000 -0.055126284522338 -0.051594894419638 0.93594
5.850000 -0.067628548656197 -0.061721681028612 0.912657
5.900000 -0.079620156227279 -0.071389385058457 0.896625
5.950000 -0.091028871135205 -0.080349077039767 0.882677
6.000000 -0.101736698347533 -0.087881985459432 0.863818
6.050000 -0.110474673309342 -0.092845175864569 0.84042
6.100000 -0.115520712750386 -0.094409242827886 0.817249
6.150000 -0.116041658418201 -0.092204916161243 0.794585
6.200000 -0.111878490160442 -0.086346877464309 0.771792
6.250000 -0.103328451990671 -0.077234816860752 0.747469
6.300000 -0.090978421704180 -0.065437067946508 0.719259
6.350000 -0.075579433014361 -0.051605697805829 0.682801
6.400000 -0.057954027725652 -0.036415331930296 0.628349
6.450000 -0.038929598811764 -0.020520329375770 0.527114
6.500000 -0.019292126619133 -0.004525327246677 0.234569
6.550000  0.000244253270647  0.011034024965642 45.1745
6.600000  0.019055549109685  0.025700568076144 1.34872
6.650000  0.036617061153420  0.039099664717667 1.0678
6.700000  0.052505768122990  0.050939127442047 0.970163
6.750000  0.066397852017396  0.061005719106857 0.918791
6.800000  0.078062859367933  0.069158679976682 0.885936
6.850000  0.087355668071728  0.075321987871827 0.862245
6.900000  0.094207160984435  0.079476393191118 0.843634
6.950000  0.098614290324620  0.081651545397759 0.827989
7.000000  0.100630042047920  0.081917733785201 0.814048
7.050000  0.100353669434746  0.080377723861825 0.800945
7.100000  0.097921454093292  0.077159807326398 0.787977
7.150000  0.093498165277377  0.072411724125504 0.774472
7.200000  0.087269320552819  0.066294733270964 0.759657
7.250000  0.079434298817363  0.058977660814659 0.742471
7.300000  0.070200317485163  0.050632707244439 0.72126
7.350000  0.059777256790033  0.041432454659295 0.693114
7.400000  0.048373293571493  0.031546127885932 0.652139
7.450000  0.036191292872991  0.021135866444678 0.584004
7.500000  0.023425896794305  0.010355667039426 0.442061
7.550000  0.010261245145881 -0.000649609363722 -0.0633071
7.600000 -0.003130739389746 -0.011746171759836 3.75188
7.650000 -0.016591568438717 -0.022811447065272 1.37488
7.700000 -0.029976972190017 -0.033734064572795 1.12533
7.750000 -0.043157312156130 -0.044415334852086 1.02915
7.800000 -0.056017679786112 -0.054772596245108 0.977773
7.850000 -0.068457733707620 -0.064737728272169 0.94566
7.900000 -0.080391323561126 -0.074193300716852 0.922902
7.950000 -0.091745943514096 -0.082768112534376 0.902145
8.000000 -0.102403345050549 -0.089644116151532 0.875402
8.050000 -0.111094325498301 -0.093751326177768 0.843889
8.100000 -0.116096577993042 -0.094371800298469 0.812873
8.150000 -0.116576734406700 -0.091252029452075 0.782764
8.200000 -0.112375577662376 -0.084576080896429 0.75262
8.250000 -0.103790167069032 -0.074784684084690 0.720537
8.300000 -0.091407207241420 -0.062466435488262 0.683386
8.350000 -0.075977569574636 -0.048278634966190 0.635433
8.400000 -0.058323643788172 -0.032890867984804 0.563937
8.450000 -0.039272680407017 -0.016945609534380 0.431486
8.500000 -0.019610526398568 -0.001031111842527 0.0525795
8.550000 -0.000051192497934  0.014335770078016 -280.037
8.600000  0.018781446369811  0.028717576180003 1.52904
8.650000  0.036362799741056  0.041759275553402 1.14841
8.700000  0.052269948531871  0.053187607022676 1.01756
8.750000  0.066179170281219  0.062806978552611 0.949045
8.800000  0.077860100812705  0.070492494124402 0.905374
8.850000  0.087167701452801  0.076182024265127 0.873971
8.900000  0.094032932986647  0.079868330849245 0.849366
8.950000  0.098452820404958  0.081591256197219 0.828735
9.000000  0.100480417601154  0.081429296929864 0.8104
9.050000  0.100215041263408  0.079491571592578 0.79321
9.100000  0.097793032164317  0.075911164282391 0.776243
9.150000  0.093379214748614  0.070839239118030 0.758619
9.200000  0.087159158053494  0.064438997874278 0.739326
9.250000  0.079332288967382  0.056879864893496 0.716983
9.300000  0.070105869638969  0.048333867168760 0.689441
9.350000  0.059689821991469  0.038972892574366 0.652924
9.400000  0.048292361706868  0.028964703284353 0.599778
9.450000  0.036116390010245  0.018469479243220 0.511388
9.500000  0.023356582696836  0.007639134196437 0.327066
9.550000  0.010197110950233 -0.003384028640868 -0.331862
9.600000 -0.003190073342517 -0.014469083243138 4.53566
9.650000 -0.016646454627627 -0.025496225326889 1.53163
9.700000 -0.030027737803722 -0.036356573361079 1.21077
9.750000 -0.043204260856034 -0.046954183250372 1.0868
9.800000 -0.056061093351040 -0.057210717044433 1.02051
9.850000 -0.068497873567621 -0.067050907034481 0.978876
9.900000 -0.080428432227525 -0.076297535678089 0.948639
9.950000 -0.091780245912482 -0.084464143437467 0.920287
10.000000 -0.102435049762985 -0.090674139238695 0.885187
10.050000 -0.111123625920667 -0.093940217187413 0.845367
10.100000 -0.116123653413055 -0.093657161538928 0.80653
10.150000 -0.116601751007820 -0.089676663531904 0.769085
10.200000 -0.112398689458478 -0.082245546097164 0.73173
10.250000 -0.103811516774431 -0.071840722983982 0.69203
10.300000 -0.091426927080541 -0.059067596076921 0.646063
10.350000 -0.075995782035353 -0.044586362858177 0.586695
10.400000 -0.058340462322596 -0.029060008006254 0.498111
10.450000 -0.039288210083251 -0.013118053912807 0.333893
10.500000 -0.019624864506749  0.002668276233693 -0.135964
10.550000 -0.000064429113638  0.017801246284004 -276.292
10.600000  0.018769227861879  0.031863212045051 1.69763
10.650000  0.036351522160406  0.044518687900994 1.22467
10.700000  0.052259540450066  0.055513018490391 1.06226
10.750000  0.066169565601832  0.064667672076839 0.977302
10.800000  0.077851238381202  0.071872871053862 0.923208
10.850000  0.087159524694268  0.077079590744695 0.884351
10.900000  0.094025389569445  0.080291830910322 0.853938
10.950000  0.098445861928506  0.081558844373941 0.828464
11.000000  0.100473999306150  0.080966657040735 0.805847
11.050000  0.100209121762931  0.078630287066140 0.784662
11.100000  0.097787573194344  0.074687388991641 0.763772
11.150000  0.093374180936594  0.069292434821896 0.742094
11.200000  0.087154516703692  0.062610536447971 0.718385
11.250000  0.079328009861836  0.054811817858128 0.690952
11.300000  0.070101924852925  0.046068150307836 0.65716
11.350000  0.059686185722292  0.036550491414365 0.612378
11.400000  0.048289010115453  0.026424823882040 0.547222
11.450000  0.036113301074052  0.015849172218682 0.438874
11.500000  0.023353736073703  0.004973145145040 0.212949
11.550000  0.010194487852203 -0.006063717845658 -0.594804
11.600000 -0.003192490266072 -0.017133557827984 5.36683
11.650000 -0.016648681398258 -0.028119625002808 1.689
11.700000 -0.030029789214152 -0.038915838411825 1.29591
11.750000 -0.043206150562984 -0.049429330699746 1.14403
11.800000 -0.056062833961167 -0.059583175366189 1.06279
11.850000 -0.068499476717068 -0.069281628049111 1.01142
11.900000 -0.080429908655552 -0.078273754838914 0.973192
11.950000 -0.091781605529603 -0.085973014624441 0.936713
12.000000 -0.102436301714016 -0.091477435447986 0.893018
12.050000 -0.111124778643062 -0.093889776002850 0.844904
12.100000 -0.116124714690864 -0.092715469452393 0.798413
12.150000 -0.116602728021600 -0.087901318141037 0.753853
12.200000 -0.112399588831452 -0.079750368363568 0.709525
12.250000 -0.103812344615176 -0.068771000613529 0.662455
12.300000 -0.091427689022448 -0.055582149442149 0.607936
12.350000 -0.075996483273118 -0.040844799994966 0.537456
12.400000 -0.058341107645941 -0.025214020487232 0.432183
12.450000 -0.039288803908099 -0.009305614147230 0.236852
12.500000 -0.019625410904033  0.006326526958531 -0.322364
12.550000 -0.000064931835918  0.021203795002227 -326.555
12.600000  0.018768765355819  0.034928273296294 1.86098
12.650000  0.036351096682839  0.047183924102176 1.29801
12.700000  0.052259149063328  0.057734561919649 1.10477
12.750000  0.066169205598941  0.066418533648871 1.00377
12.800000  0.077850907267951  0.073140989907327 0.939501
12.850000  0.087159220172694  0.077865796986016 0.893374
12.900000  0.094025109522564  0.080607871307973 0.857302
12.950000  0.098445604406220  0.081425365234350 0.82711
13.000000  0.100473762512236  0.080411236934409 0.800321
13.050000  0.100208904043033  0.077685824731230 0.775239
13.100000  0.097787373024892  0.073390794933044 0.750514
13.150000  0.093373996914571  0.067683365277417 0.724863
13.200000  0.087154347537201  0.060730133488436 0.696811
13.250000  0.079327854361389  0.052701724913357 0.664353
13.300000  0.070101781923411  0.043769730852751 0.624374
13.350000  0.059686054355564  0.034104019264447 0.57139
13.400000  0.048288889383494  0.023868752391283 0.494291
13.450000  0.036113190122668  0.013219904675742 0.366069
13.500000  0.023353634116710  0.002304898943066 0.0986955
13.550000  0.010194394166067 -0.008739308629911 -0.857266
13.600000 -0.003192576347182 -0.019787795992656 6.19807
13.650000 -0.016648760487026 -0.030727017260108 1.8456
13.700000 -0.030029861874317 -0.041454203458007 1.38043
13.750000 -0.043206217313213 -0.051879495377568 1.20074
13.800000 -0.056062895278625 -0.061921916849966 1.10451
13.850000 -0.068499533040709 -0.071451341118273 1.04309
13.900000 -0.080429960389149 -0.080136304001335 0.996349
13.950000 -0.091781653044544 -0.087309750427256 0.951277
14.000000 -0.102436345351879 -0.092071811626809 0.89882
14.050000 -0.111124818717983 -0.093620770923183 0.842483
14.100000 -0.116124751491726 -0.091568967635151 0.78854
14.150000 -0.116602761814044 -0.085949135482794 0.737111
14.200000 -0.112399619859731 -0.077114402328798 0.686074
14.250000 -0.103812373103860 -0.065600040275226 0.63191
14.300000 -0.091427715178001 -0.052035185397590 0.56914
14.350000 -0.075996507285343 -0.037079287637977 0.487908
14.400000 -0.058341129689314 -0.021377907881353 0.366429
14.450000 -0.039288824142997 -0.005532132918717 0.140807
14.500000 -0.019625429477862  0.009921906897066 -0.505564
14.550000 -0.000064948884158  0.024524727359817 -377.6
14.600000  0.018768749708663  0.037897857934366 2.0192
14.650000  0.036351082322349  0.049744240971678 1.36844
14.700000  0.052259135884366  0.059845531133717 1.14517
14.750000  0.066169193504900  0.068056261880538 1.02852
14.800000  0.077850896170069  0.074295910412652 0.954336
14.850000  0.087159209989423  0.078540806033072 0.901119
14.900000  0.094025100178985  0.080816488628901 0.85952
14.950000  0.098445595833510  0.081189794988978 0.824717
15.000000  0.100473754647177  0.079760488127772 0.793844
15.050000  0.100208896827557  0.076654121134253 0.764943
15.100000  0.097787366405663  0.072016157291960 0.736457
15.150000  0.093373990842607  0.066006217232450 0.706902
15.200000  0.087154341967516  0.058792066818055 0.674574
15.250000  0.079327849252673  0.050544593912720 0.637161
15.300000  0.070101777237730  0.041434834775120 0.591067
15.350000  0.059686050058084  0.031631233699701 0.52996
15.400000  0.048288885442235  0.021295899007263 0.44101
15.450000  0.036113186508265  0.010582618075723 0.29304
15.500000  0.023353630802207 -0.000363459358319 -0.0155633
15.550000  0.010194391126716 -0.011407885250969 -1.11904
15.600000 -0.003192579134099 -0.022428548586503 7.02521
15.650000 -0.016648763042361 -0.033315245335707 2.00106
15.700000 -0.030029864217212 -0.043968986977802 1.46418
15.750000 -0.043206219461235 -0.054301806518413 1.25681
15.800000 -0.056062897247898 -0.064221151287338 1.14552
15.850000 -0.068499534846029 -0.073550006279862 1.07373
15.900000 -0.080429962044097 -0.081875601948749 1.01797
15.950000 -0.091781654561580 -0.088471183527524 0.963931
16.000000 -0.102436346742437 -0.092461064325153 0.90262
16.050000 -0.111124819992553 -0.093142157122840 0.838176
16.100000 -0.116124752659935 -0.090228708227493 0.776998
16.150000 -0.116602762884723 -0.083831065903953 0.718946
16.200000 -0.112399620840983 -0.074347017667455 0.661453
16.250000 -0.103812374003117 -0.062334901297807 0.600457
16.300000 -0.091427716002082 -0.048431432302258 0.529724
16.350000 -0.075996508040501 -0.033292764461447 0.438083
16.400000 -0.058341130381286 -0.017553701597652 0.30088
16.450000 -0.039288824777045 -0.001799700542328 0.0458069
16.500000 -0.019625430058811  0.013451484773042 -0.685411
16.550000 -0.000064949416435  0.027759865803965 -427.407
16.600000  0.018768749221001  0.040766580136548 2.17205
16.650000  0.036351081875579  0.052193474921375 1.43582
16.700000  0.052259135475074  0.061839693612842 1.18333
16.750000  0.066169193129958  0.069575394165926 1.05148
16.800000  0.077850895826605  0.075333738195964 0.967667
16.850000  0.087159209674807  0.079102875379168 0.907568
16.900000  0.094025099890806  0.080918334223297 0.860604
16.950000  0.098445595569556  0.080855061442863 0.821317
17.000000  0.100473754405420  0.079019199514360 0.786466
17.050000  0.100208896606139  0.075541199755394 0.753837
17.100000  0.097787366202880  0.070570000673272 0.721668
17.150000  0.093373990656898  0.064267298582452 0.688278
17.200000  0.087154341797449  0.056801815522517 0.651738
17.250000  0.079327849096936  0.048344613611704 0.609428
17.300000  0.070101777095121  0.039066106889915 0.557277
17.350000  0.059686049927501  0.029133230973396 0.488108
17.400000  0.048288885322668  0.018705996572522 0.387377
17.450000  0.036113186398789  0.007935945405264 0.219752
17.500000  0.023353630701973 -0.003034091021267 -0.129919
17.550000  0.010194391034948 -0.014072033427748 -1.38037
17.600000 -0.003192579218114 -0.025058341063131 7.84893
17.650000 -0.016648763119276 -0.035886138986689 2.15548
17.700000 -0.030029864287623 -0.046460280281658 1.54714
17.750000 -0.043206219525691 -0.056692336714945 1.31213
17.800000 -0.056062897306899 -0.066469947574451 1.18563
17.850000 -0.068499534900037 -0.075560142962687 1.10308
17.900000 -0.080429962093531 -0.083473697280722 1.03784
17.950000 -0.091781654606827 -0.089445120917594 0.974542
18.000000 -0.102436346783850 -0.092640468737683 0.904371
18.050000 -0.111124820030456 -0.092456161439376 0.832003
18.100000 -0.116124752694624 -0.088702207040508 0.763853
18.150000 -0.116602762916470 -0.081558466757799 0.699456
18.200000 -0.112399620870035 -0.071461934640801 0.635784
18.250000 -0.103812374029703 -0.058990156929633 0.568238
18.300000 -0.091427716026411 -0.044784848751298 0.489839
18.350000 -0.075996508062763 -0.029497271942962 0.38814
18.400000 -0.058341130401656 -0.013750558555951 0.235692
18.450000 -0.039288824795684  0.001885898348622 -0.0480009
18.500000 -0.019625430075865  0.016912813963517 -0.861781
18.550000 -0.000064949432038  0.030909600257585 -475.903
18.600000  0.018768749206725  0.043536821659501 2.31964
18.650000  0.036351081862518  0.054534995271852 1.50023
18.700000  0.052259135463125  0.063720459872174 1.21932
18.750000  0.066169193119026  0.070978670573402 1.07268
18.800000  0.077850895816605  0.076256139916258 0.979515
18.850000  0.087159209665660  0.079552488015964 0.912726
18.900000  0.094025099882438  0.080912836641716 0.860545
18.950000  0.098445595561902  0.080419851915646 0.816896
19.000000  0.100473754398419  0.078185736365847 0.778171
19.050000  0.100208896599735  0.074345548255641 0.741906
19.100000  0.097787366197023  0.069051364425617 0.706138
19.150000  0.093373990651541  0.062466597090630 0.668994
19.200000  0.087154341792550  0.054760617998138 0.628318
19.250000  0.079327849092455  0.046104407857936 0.581188
19.300000  0.070101777091022  0.036667521796958 0.523061
19.350000  0.059686049923753  0.026615175830561 0.44592
19.400000  0.048288885319240  0.016105091485982 0.333515
19.450000  0.036113186395655  0.005286297494679 0.146381
19.500000  0.023353630699107 -0.005700958998673 -0.244114
19.550000  0.010194391032326 -0.016726985241766 -1.6408
19.600000 -0.003192579220510 -0.027674535844172 8.66839
19.650000 -0.016648763121467 -0.038439628649297 2.30886
19.700000 -0.030029864289626 -0.048929792477857 1.62937
19.750000 -0.043206219527523 -0.059051778884116 1.36674
19.800000 -0.056062897308575 -0.068664691220811 1.22478
19.850000 -0.068499534901568 -0.077474020505564 1.13102
19.900000 -0.080429962094931 -0.084923022717351 1.05586
19.950000 -0.091781654608106 -0.090227643931290 0.983068
