0.000000 0.000008 0.000015 1.95949
0.025000 0.000192 0.000194 1.0125
0.050000 0.000835 0.000794 0.951064
0.075000 0.002151 0.002011 0.934707
0.100000 0.004292 0.003984 0.928206
0.125000 0.007355 0.006804 0.925037
0.150000 0.011394 0.010520 0.923277
0.175000 0.016423 0.015145 0.922213
0.200000 0.022427 0.020667 0.921514
0.225000 0.029367 0.027048 0.921023
0.250000 0.037182 0.034232 0.920658
0.275000 0.045799 0.042152 0.920378
0.300000 0.055130 0.050729 0.920158
0.325000 0.065082 0.059875 0.919984
0.350000 0.075557 0.069500 0.919843
0.375000 0.086450 0.079511 0.919728
0.400000 0.097661 0.089813 0.919634
0.425000 0.109088 0.100312 0.919555
0.450000 0.120631 0.110919 0.919489
0.475000 0.132194 0.121544 0.919434
0.500000 0.143687 0.132104 0.919386
0.525000 0.155022 0.142519 0.919344
0.550000 0.166121 0.152716 0.919308
0.575000 0.176907 0.162627 0.919276
0.600000 0.187314 0.172188 0.919248
0.625000 0.197279 0.181344 0.919223
0.650000 0.206748 0.190043 0.9192
0.675000 0.215671 0.198241 0.919179
0.700000 0.224007 0.205898 0.919159
0.725000 0.231720 0.212983 0.91914
0.750000 0.238779 0.219467 0.919123
0.775000 0.245160 0.225328 0.919106
0.800000 0.250845 0.230549 0.91909
0.825000 0.255820 0.235117 0.919074
0.850000 0.260076 0.239026 0.91906
0.875000 0.263610 0.242270 0.919045
0.900000 0.266422 0.244850 0.919031
0.925000 0.268516 0.246771 0.919017
0.950000 0.269900 0.248039 0.919004
0.975000 0.270586 0.248666 0.91899
1.000000 0.270586 0.248663 0.918977
1.025000 0.269919 0.248046 0.918964
1.050000 0.268604 0.246834 0.91895
1.075000 0.266661 0.245045 0.918937
1.100000 0.264115 0.242702 0.918924
1.125000 0.260990 0.239826 0.91891
1.150000 0.257311 0.236443 0.918897
1.175000 0.253107 0.232576 0.918883
1.200000 0.248406 0.228252 0.918868
1.225000 0.243235 0.223498 0.918853
1.250000 0.237625 0.218339 0.918838
1.275000 0.231605 0.212804 0.918822
1.300000 0.225205 0.206919 0.918806
1.325000 0.218454 0.200713 0.918789
1.350000 0.211382 0.194211 0.91877
1.375000 0.204018 0.187442 0.918751
1.400000 0.196391 0.180430 0.918731
1.425000 0.188530 0.173204 0.91871
1.450000 0.180462 0.165788 0.918688
1.475000 0.172214 0.158207 0.918664
1.500000 0.163814 0.150486 0.918639
1.525000 0.155286 0.142647 0.918611
1.550000 0.146655 0.134715 0.918581
1.575000 0.137946 0.126710 0.918549
1.600000 0.129182 0.118655 0.918514
1.625000 0.120384 0.110569 0.918476
1.650000 0.111573 0.102472 0.918432
1.675000 0.102770 0.094382 0.918383
1.700000 0.093994 0.086317 0.918325
1.725000 0.085263 0.078293 0.918259
1.750000 0.076594 0.070327 0.918179
1.775000 0.068002 0.062432 0.918079
1.800000 0.059504 0.054622 0.917953
1.825000 0.051113 0.046911 0.917786
1.850000 0.042842 0.039310 0.917555
1.875000 0.034704 0.031831 0.917216
1.900000 0.026710 0.024484 0.91667
1.925000 0.018869 0.017277 0.915662
1.950000 0.011191 0.010221 0.913255
1.975000 0.003686 0.003322 0.901168
2.000000 -0.003633 -0.003319 0.913746
2.025000 -0.010588 -0.009493 0.8966
2.050000 -0.016892 -0.014982 0.886958
2.075000 -0.022325 -0.019605 0.878181
2.100000 -0.026731 -0.023241 0.869461
2.125000 -0.030008 -0.025816 0.860324
2.150000 -0.032100 -0.027295 0.850315
2.175000 -0.032990 -0.027675 0.838894
2.200000 -0.032690 -0.026979 0.825304
2.225000 -0.031239 -0.025252 0.808358
2.250000 -0.028696 -0.022556 0.786022
2.275000 -0.025135 -0.018962 0.754419
2.300000 -0.020643 -0.014555 0.705105
2.325000 -0.015313 -0.009423 0.615366
2.350000 -0.009247 -0.003659 0.395756
2.375000 -0.002547 0.002641 -1.03692
2.400000 0.004682 0.009382 2.00372
2.425000 0.012337 0.016470 1.33505
2.450000 0.020315 0.023813 1.17221
2.475000 0.028518 0.031322 1.09834
2.500000 0.036852 0.038914 1.05594
2.525000 0.045228 0.046507 1.02829
2.550000 0.053561 0.054029 1.00874
2.575000 0.061773 0.061409 0.994105
2.600000 0.069793 0.068585 0.982689
2.625000 0.077555 0.075499 0.97349
2.650000 0.084999 0.082099 0.965885
2.675000 0.092072 0.088340 0.95946
2.700000 0.098729 0.094181 0.953934
2.725000 0.104928 0.099588 0.949106
2.750000 0.110634 0.104531 0.944832
2.775000 0.115820 0.108987 0.941002
2.800000 0.120461 0.112936 0.937532
2.825000 0.124539 0.116364 0.934356
2.850000 0.128041 0.119260 0.931421
2.875000 0.130958 0.121619 0.928685
2.900000 0.133286 0.123438 0.926112
2.925000 0.135024 0.124718 0.923673
2.950000 0.136176 0.125464 0.921341
2.975000 0.136747 0.125683 0.919094
3.000000 0.136748 0.125385 0.91691
3.025000 0.136190 0.124582 0.914771
3.050000 0.135088 0.123289 0.91266
3.075000 0.133459 0.121522 0.910557
3.100000 0.131322 0.119299 0.908444
3.125000 0.128697 0.116639 0.906304
3.150000 0.125606 0.113563 0.904114
3.175000 0.122073 0.110092 0.901854
3.200000 0.118119 0.106248 0.899498
3.225000 0.113772 0.102055 0.897017
3.250000 0.109055 0.097536 0.894377
3.275000 0.103994 0.092714 0.891535
3.300000 0.098616 0.087614 0.888438
3.325000 0.092946 0.082258 0.885017
3.350000 0.087010 0.076672 0.881186
3.375000 0.080833 0.070877 0.876827
3.400000 0.074442 0.064898 0.871784
3.425000 0.067862 0.058757 0.86583
3.450000 0.061116 0.052476 0.858636
3.475000 0.054229 0.046078 0.849695
3.500000 0.047225 0.039584 0.838194
3.525000 0.040126 0.033013 0.822738
3.550000 0.032954 0.026386 0.800705
3.575000 0.025730 0.019722 0.766518
3.600000 0.018475 0.013040 0.705828
3.625000 0.011207 0.006356 0.567133
3.650000 0.003947 -0.000312 -0.0791354
3.675000 -0.003289 -0.006950 2.11306
3.700000 -0.010483 -0.013540 1.2916
3.725000 -0.017621 -0.020071 1.13904
3.750000 -0.024686 -0.026528 1.0746
3.775000 -0.031665 -0.032898 1.03895
3.800000 -0.038545 -0.039172 1.01627
3.825000 -0.045312 -0.045337 1.00053
3.850000 -0.051957 -0.051384 0.988962
3.875000 -0.058468 -0.057304 0.980086
3.900000 -0.064837 -0.063090 0.973064
3.925000 -0.071053 -0.068735 0.967378
3.950000 -0.077109 -0.074232 0.962682
3.975000 -0.082998 -0.079523 0.958125
4.000000 -0.088707 -0.084460 0.952132
4.025000 -0.094059 -0.088832 0.944432
4.050000 -0.098769 -0.092440 0.935929
4.075000 -0.102617 -0.095133 0.92707
4.100000 -0.105448 -0.096812 0.918101
4.125000 -0.107163 -0.097423 0.909116
4.150000 -0.107704 -0.096947 0.900123
4.175000 -0.107057 -0.095395 0.89107
4.200000 -0.105234 -0.092802 0.881864
4.225000 -0.102275 -0.089221 0.872364
4.250000 -0.098239 -0.084719 0.862382
4.275000 -0.093201 -0.079376 0.851663
4.300000 -0.087248 -0.073276 0.839863
4.325000 -0.080475 -0.066513 0.826501
4.350000 -0.072983 -0.059180 0.810868
4.375000 -0.064876 -0.051373 0.791862
4.400000 -0.056258 -0.043187 0.767662
4.425000 -0.047233 -0.034716 0.734988
4.450000 -0.037904 -0.026050 0.687261
4.475000 -0.028369 -0.017276 0.608981
4.500000 -0.018723 -0.008477 0.452765
4.525000 -0.009055 0.000270 -0.029823
4.550000 0.000550 0.008893 16.1783
4.575000 0.010014 0.017326 1.73022
4.600000 0.019265 0.025509 1.32407
4.625000 0.028238 0.033385 1.18227
4.650000 0.036873 0.040907 1.10941
4.675000 0.045116 0.048031 1.0646
4.700000 0.052922 0.054719 1.03395
4.725000 0.060250 0.060939 1.01145
4.750000 0.067065 0.066666 0.994054
4.775000 0.073338 0.071877 0.980074
4.800000 0.079046 0.076555 0.96848
4.825000 0.084172 0.080688 0.958613
4.850000 0.088701 0.084268 0.950028
4.875000 0.092624 0.087291 0.942415
4.900000 0.095939 0.089755 0.935547
4.925000 0.098644 0.091665 0.929254
4.950000 0.100742 0.093026 0.923405
4.975000 0.102241 0.093846 0.917894
5.000000 0.103149 0.094137 0.912634
5.025000 0.103480 0.093913 0.907552
5.050000 0.103248 0.093190 0.902579
5.075000 0.102470 0.091983 0.897655
5.100000 0.101166 0.090313 0.892718
5.125000 0.099355 0.088198 0.887708
5.150000 0.097060 0.085661 0.88256
5.175000 0.094304 0.082724 0.877206
5.200000 0.091111 0.079410 0.871565
5.225000 0.087507 0.075741 0.865542
5.250000 0.083516 0.071742 0.859021
5.275000 0.079164 0.067436 0.851853
5.300000 0.074478 0.062848 0.843845
5.325000 0.069483 0.058000 0.834741
5.350000 0.064207 0.052919 0.824191
5.375000 0.058674 0.047626 0.811698
5.400000 0.052912 0.042145 0.796525
5.425000 0.046944 0.036500 0.777527
5.450000 0.040796 0.030712 0.752822
5.475000 0.034492 0.024803 0.719088
5.500000 0.028056 0.018794 0.669854
5.525000 0.021511 0.012705 0.590608
5.550000 0.014879 0.006556 0.440617
5.575000 0.008182 0.000367 0.0448136
5.600000 0.001439 -0.005845 -4.06138
5.625000 -0.005328 -0.012063 2.26391
5.650000 -0.012102 -0.018269 1.50958
5.675000 -0.018864 -0.024448 1.29602
5.700000 -0.025597 -0.030585 1.19486
5.725000 -0.032285 -0.036666 1.13569
5.750000 -0.038912 -0.042677 1.09675
5.775000 -0.045466 -0.048608 1.06911
5.800000 -0.051931 -0.054446 1.04843
5.825000 -0.058295 -0.060181 1.03235
5.850000 -0.064548 -0.065804 1.01947
5.875000 -0.070677 -0.071309 1.00893
5.900000 -0.076674 -0.076687 1.00017
5.925000 -0.082530 -0.081936 0.992805
5.950000 -0.088235 -0.087017 0.986199
5.975000 -0.093783 -0.091827 0.979143
6.000000 -0.099159 -0.096188 0.970033
6.025000 -0.104189 -0.099896 0.958793
6.050000 -0.108585 -0.102775 0.946494
6.075000 -0.112129 -0.104700 0.93375
6.100000 -0.114664 -0.105593 0.920886
6.125000 -0.116091 -0.105415 0.908037
6.150000 -0.116354 -0.104162 0.895222
6.175000 -0.115435 -0.101857 0.882381
6.200000 -0.113348 -0.098544 0.869393
6.225000 -0.110133 -0.094283 0.85608
6.250000 -0.105849 -0.089146 0.842199
6.275000 -0.100570 -0.083215 0.827435
6.300000 -0.094383 -0.076579 0.811366
6.325000 -0.087383 -0.069331 0.793414
6.350000 -0.079671 -0.061565 0.772748
6.375000 -0.071349 -0.053378 0.748118
6.400000 -0.062523 -0.044862 0.717522
6.425000 -0.053297 -0.036110 0.677524
6.450000 -0.043773 -0.027211 0.621647
6.475000 -0.034048 -0.018250 0.535988
6.500000 -0.024218 -0.009305 0.384212
6.525000 -0.014373 -0.000452 0.0314742
6.550000 -0.004595 0.008239 -1.79328
6.575000 0.005037 0.016707 3.31663
6.600000 0.014451 0.024892 1.72251
6.625000 0.023581 0.032744 1.38854
6.650000 0.032369 0.040215 1.24239
6.675000 0.040760 0.047265 1.15959
6.700000 0.048710 0.053860 1.10574
6.725000 0.056177 0.059971 1.06754
6.750000 0.063126 0.065573 1.03876
6.775000 0.069530 0.070646 1.01606
6.800000 0.075365 0.075178 0.99752
6.825000 0.080612 0.079156 0.981939
6.850000 0.085260 0.082576 0.968525
6.875000 0.089299 0.085435 0.956734
6.900000 0.092724 0.087734 0.946178
6.925000 0.095537 0.089477 0.93657
6.950000 0.097740 0.090672 0.927691
6.975000 0.099339 0.091329 0.919369
7.000000 0.100346 0.091461 0.911463
7.025000 0.100771 0.091082 0.903854
7.050000 0.100631 0.090209 0.896435
7.075000 0.099942 0.088859 0.889108
7.100000 0.098723 0.087052 0.881782
7.125000 0.096995 0.084809 0.874363
7.150000 0.094781 0.082152 0.866755
7.175000 0.092103 0.079103 0.858853
7.200000 0.088985 0.075685 0.850536
7.225000 0.085453 0.071923 0.841662
7.250000 0.081532 0.067839 0.832055
7.275000 0.077249 0.063459 0.821489
7.300000 0.072628 0.058805 0.809675
7.325000 0.067698 0.053903 0.796227
7.350000 0.062483 0.048775 0.780613
7.375000 0.057010 0.043446 0.762074
7.400000 0.051305 0.037939 0.739472
7.425000 0.045393 0.032276 0.711028
7.450000 0.039299 0.026479 0.67378
7.475000 0.033047 0.020569 0.622425
7.500000 0.026662 0.014568 0.546407
7.525000 0.020165 0.008495 0.421281
7.550000 0.013580 0.002370 0.174541
7.575000 0.006928 -0.003788 -0.546763
7.600000 0.000230 -0.009962 -43.3773
7.625000 -0.006495 -0.016135 2.48411
7.650000 -0.013228 -0.022291 1.68511
7.675000 -0.019950 -0.028413 1.4242
7.700000 -0.026645 -0.034488 1.29435
7.725000 -0.033296 -0.040501 1.21639
7.750000 -0.039888 -0.046440 1.16425
7.775000 -0.046407 -0.052292 1.12682
7.800000 -0.052838 -0.058047 1.09857
7.825000 -0.059171 -0.063695 1.07645
7.850000 -0.065392 -0.069228 1.05866
7.875000 -0.071492 -0.074643 1.04408
7.900000 -0.077460 -0.079936 1.03197
7.925000 -0.083287 -0.085085 1.02159
7.950000 -0.088965 -0.090016 1.01181
7.975000 -0.094487 -0.094588 1.00107
8.000000 -0.099838 -0.098612 0.98772
8.025000 -0.104843 -0.101899 0.971918
8.050000 -0.109216 -0.104298 0.954969
8.075000 -0.112737 -0.105705 0.937627
8.100000 -0.115251 -0.106062 0.920269
8.125000 -0.116656 -0.105346 0.903042
8.150000 -0.116899 -0.103566 0.885944
8.175000 -0.115960 -0.100755 0.868878
8.200000 -0.113855 -0.096966 0.851665
8.225000 -0.110621 -0.092264 0.834056
8.250000 -0.106319 -0.086727 0.815725
8.275000 -0.101023 -0.080439 0.796248
8.300000 -0.094820 -0.073492 0.775069
8.325000 -0.087804 -0.065978 0.751427
8.350000 -0.080076 -0.057994 0.724231
8.375000 -0.071740 -0.049633 0.691842
8.400000 -0.062900 -0.040989 0.651646
8.425000 -0.053660 -0.032151 0.599167
8.450000 -0.044122 -0.023208 0.525995
8.475000 -0.034385 -0.014241 0.414168
8.500000 -0.024543 -0.005328 0.21709
8.525000 -0.014685 0.003460 -0.235585
8.550000 -0.004896 0.012055 -2.46244
8.575000 0.004747 0.020398 4.29677
8.600000 0.014172 0.028434 2.00634
8.625000 0.023312 0.036112 1.54906
8.650000 0.032110 0.043391 1.35133
8.675000 0.040511 0.050231 1.23994
8.700000 0.048469 0.056601 1.16777
8.725000 0.055945 0.062475 1.11672
8.750000 0.062903 0.067830 1.07832
8.775000 0.069315 0.072649 1.0481
8.800000 0.075158 0.076921 1.02346
8.825000 0.080413 0.080637 1.00278
8.850000 0.085068 0.083792 0.985001
8.875000 0.089114 0.086387 0.969395
8.900000 0.092547 0.088423 0.955443
8.925000 0.095366 0.089907 0.94276
8.950000 0.097575 0.090848 0.931056
8.975000 0.099181 0.091256 0.920101
9.000000 0.100193 0.091146 0.909707
9.025000 0.100624 0.090533 0.899716
9.050000 0.100489 0.089434 0.889986
9.075000 0.099806 0.087868 0.880388
9.100000 0.098592 0.085854 0.870801
9.125000 0.096869 0.083415 0.861104
9.150000 0.094660 0.080571 0.85117
9.175000 0.091986 0.077348 0.840864
9.200000 0.088873 0.073767 0.830027
9.225000 0.085345 0.069853 0.818473
9.250000 0.081428 0.065629 0.80597
9.275000 0.077149 0.061119 0.792229
9.300000 0.072532 0.056348 0.776872
9.325000 0.067605 0.051339 0.7594
9.350000 0.062394 0.046117 0.739124
9.375000 0.056924 0.040704 0.715055
9.400000 0.051223 0.035124 0.685718
9.425000 0.045314 0.029399 0.6488
9.450000 0.039223 0.023551 0.600451
9.475000 0.032974 0.017600 0.53377
9.500000 0.026591 0.011568 0.435018
9.525000 0.020097 0.005473 0.272307
9.550000 0.013515 -0.000665 -0.0492282
9.575000 0.006865 -0.006828 -0.994613
9.600000 0.000169 -0.012999 -76.8433
9.625000 -0.006554 -0.019161 2.92379
9.650000 -0.013284 -0.025299 1.90446
9.675000 -0.020004 -0.031397 1.56951
9.700000 -0.026697 -0.037440 1.40243
9.725000 -0.033346 -0.043416 1.302
9.750000 -0.039936 -0.049312 1.23477
9.775000 -0.046453 -0.055114 1.18646
9.800000 -0.052883 -0.060814 1.14997
9.825000 -0.059213 -0.066401 1.12139
9.850000 -0.065433 -0.071872 1.0984
9.875000 -0.071531 -0.077225 1.0796
9.900000 -0.077497 -0.082452 1.06393
9.925000 -0.083323 -0.087501 1.05014
9.950000 -0.089000 -0.092262 1.03665
9.975000 -0.094521 -0.096571 1.02169
10.000000 -0.099870 -0.100239 1.00369
10.025000 -0.104875 -0.103098 0.983061
10.050000 -0.109246 -0.105019 0.961303
10.075000 -0.112766 -0.105919 0.939279
10.100000 -0.115278 -0.105757 0.9174
10.125000 -0.116683 -0.104525 0.895806
10.150000 -0.116924 -0.102246 0.874465
10.175000 -0.115985 -0.098961 0.853228
10.200000 -0.113878 -0.094730 0.831854
10.225000 -0.110644 -0.089623 0.810018
10.250000 -0.106341 -0.083722 0.787303
10.275000 -0.101044 -0.077115 0.763178
10.300000 -0.094840 -0.069892 0.736948
10.325000 -0.087823 -0.062149 0.707664
10.350000 -0.080095 -0.053981 0.67397
10.375000 -0.071758 -0.045482 0.633825
10.400000 -0.062917 -0.036743 0.583983
10.425000 -0.053677 -0.027852 0.518886
10.450000 -0.044138 -0.018895 0.428091
10.475000 -0.034400 -0.009952 0.289299
10.500000 -0.024558 -0.001097 0.0446824
10.525000 -0.014699 0.007600 -0.517014
10.550000 -0.004909 0.016075 -3.27457
10.575000 0.004734 0.024272 5.12671
10.600000 0.014159 0.032137 2.26964
10.625000 0.023300 0.039624 1.70057
10.650000 0.032098 0.046692 1.45468
10.675000 0.040500 0.053307 1.31624
10.700000 0.048459 0.059439 1.22659
10.725000 0.055935 0.065063 1.16319
10.750000 0.062893 0.070160 1.11554
10.775000 0.069306 0.074716 1.07806
10.800000 0.075149 0.078720 1.04751
10.825000 0.080405 0.082165 1.02189
10.850000 0.085060 0.085050 0.999881
10.875000 0.089106 0.087375 0.98057
10.900000 0.092539 0.089144 0.963314
10.925000 0.095359 0.090365 0.947638
10.950000 0.097568 0.091049 0.93318
10.975000 0.099174 0.091206 0.919657
11.000000 0.100187 0.090853 0.906835
11.025000 0.100618 0.090004 0.894515
11.050000 0.100483 0.088679 0.882524
11.075000 0.099800 0.086896 0.870702
11.100000 0.098587 0.084676 0.8589
11.125000 0.096864 0.082041 0.846968
11.150000 0.094654 0.079013 0.834753
11.175000 0.091981 0.075616 0.822085
11.200000 0.088868 0.071874 0.808771
11.225000 0.085341 0.067810 0.794579
11.250000 0.081424 0.063448 0.779225
11.275000 0.077145 0.058811 0.762353
11.300000 0.072528 0.053925 0.743502
11.325000 0.067601 0.048812 0.722057
11.350000 0.062390 0.043497 0.697174
11.375000 0.056921 0.038003 0.66764
11.400000 0.051219 0.032352 0.631643
11.425000 0.045310 0.026567 0.586345
11.450000 0.039219 0.020670 0.527024
11.475000 0.032971 0.014679 0.445219
11.500000 0.026588 0.008617 0.324081
11.525000 0.020094 0.002502 0.124499
11.550000 0.013512 -0.003647 -0.269914
11.575000 0.006863 -0.009812 -1.42983
11.600000 0.000167 -0.015978 -95.8482
11.625000 -0.006556 -0.022126 3.37503
11.650000 -0.013286 -0.028244 2.12579
11.675000 -0.020006 -0.034315 1.71521
11.700000 -0.026699 -0.040326 1.51041
11.725000 -0.033348 -0.046264 1.38731
11.750000 -0.039938 -0.052115 1.30491
11.775000 -0.046454 -0.057868 1.24569
11.800000 -0.052884 -0.063511 1.20094
11.825000 -0.059215 -0.069038 1.16589
11.850000 -0.065435 -0.074450 1.13777
11.875000 -0.071533 -0.079743 1.11478
11.900000 -0.077499 -0.084889 1.09535
11.925000 -0.083325 -0.089805 1.07777
11.950000 -0.089001 -0.094351 1.06011
11.975000 -0.094522 -0.098353 1.04053
12.000000 -0.099872 -0.101632 1.01763
12.025000 -0.104876 -0.104040 0.992028
12.050000 -0.109247 -0.105469 0.965416
12.075000 -0.112767 -0.105857 0.938724
12.100000 -0.115280 -0.105179 0.912381
12.125000 -0.116684 -0.103441 0.886506
12.150000 -0.116925 -0.100676 0.861026
12.175000 -0.115986 -0.096933 0.835733
12.200000 -0.113879 -0.092278 0.810317
12.225000 -0.110645 -0.086787 0.784377
12.250000 -0.106342 -0.080544 0.757407
12.275000 -0.101045 -0.073638 0.728767
12.300000 -0.094841 -0.066163 0.697627
12.325000 -0.087824 -0.058214 0.662849
12.350000 -0.080095 -0.049885 0.622816
12.375000 -0.071759 -0.041268 0.575097
12.400000 -0.062918 -0.032454 0.515819
12.425000 -0.053677 -0.023530 0.438361
12.450000 -0.044139 -0.014578 0.330277
12.475000 -0.034401 -0.005676 0.164994
12.500000 -0.024558 0.003104 -0.1264
12.525000 -0.014700 0.011696 -0.795644
12.550000 -0.004910 0.020038 -4.08133
12.575000 0.004734 0.028076 5.9308
12.600000 0.014159 0.035759 2.52558
12.625000 0.023300 0.043046 1.84745
12.650000 0.032098 0.049896 1.5545
12.675000 0.040499 0.056278 1.38961
12.700000 0.048458 0.062165 1.28286
12.725000 0.055935 0.067536 1.2074
12.750000 0.062893 0.072371 1.15071
12.775000 0.069306 0.076661 1.10613
12.800000 0.075149 0.080395 1.06981
12.825000 0.080404 0.083570 1.03937
12.850000 0.085060 0.086184 1.01322
12.875000 0.089106 0.088240 0.990288
12.900000 0.092539 0.089745 0.969805
12.925000 0.095358 0.090705 0.951205
12.950000 0.097568 0.091134 0.934058
12.975000 0.099174 0.091044 0.918024
13.000000 0.100186 0.090451 0.902824
13.025000 0.100618 0.089371 0.888224
13.050000 0.100483 0.087824 0.874015
13.075000 0.099800 0.085829 0.86001
13.100000 0.098586 0.083407 0.846032
13.125000 0.096864 0.080581 0.831904
13.150000 0.094654 0.077375 0.817444
13.175000 0.091981 0.073810 0.802451
13.200000 0.088868 0.069912 0.786694
13.225000 0.085340 0.065703 0.769899
13.250000 0.081424 0.061209 0.75173
13.275000 0.077144 0.056452 0.731765
13.300000 0.072528 0.051456 0.709459
13.325000 0.067601 0.046245 0.684082
13.350000 0.062390 0.040843 0.654633
13.375000 0.056921 0.035272 0.619675
13.400000 0.051219 0.029556 0.57706
13.425000 0.045310 0.023716 0.523421
13.450000 0.039219 0.017773 0.453169
13.475000 0.032971 0.011747 0.356284
13.500000 0.026588 0.005658 0.212818
13.525000 0.020094 -0.000473 -0.0235461
13.550000 0.013512 -0.006630 -0.490647
13.575000 0.006863 -0.012794 -1.86432
13.600000 0.000167 -0.018950 -113.739
13.625000 -0.006556 -0.025082 3.82577
13.650000 -0.013286 -0.031175 2.3464
13.675000 -0.020006 -0.037216 1.86021
13.700000 -0.026699 -0.043191 1.6177
13.725000 -0.033348 -0.049087 1.47197
13.750000 -0.039938 -0.054891 1.37442
13.775000 -0.046455 -0.060591 1.30431
13.800000 -0.052884 -0.066177 1.25135
13.825000 -0.059215 -0.071645 1.20992
13.850000 -0.065435 -0.076999 1.17672
13.875000 -0.071533 -0.082223 1.14945
13.900000 -0.077499 -0.087263 1.12598
13.925000 -0.083325 -0.092005 1.10417
13.950000 -0.089001 -0.096291 1.08191
13.975000 -0.094522 -0.099946 1.05738
14.000000 -0.099872 -0.102806 1.02938
14.025000 -0.104876 -0.104743 0.998733
14.050000 -0.109247 -0.105671 0.967262
14.075000 -0.112767 -0.105545 0.935953
14.100000 -0.115280 -0.104355 0.905232
14.125000 -0.116684 -0.102120 0.875186
14.150000 -0.116925 -0.098882 0.845689
14.175000 -0.115986 -0.094699 0.816469
14.200000 -0.113879 -0.089640 0.787147
14.225000 -0.110645 -0.083785 0.75724
14.250000 -0.106342 -0.077221 0.726156
14.275000 -0.101045 -0.070039 0.693149
14.300000 -0.094841 -0.062334 0.657252
14.325000 -0.087824 -0.054200 0.617146
14.350000 -0.080095 -0.045731 0.570955
14.375000 -0.071759 -0.037018 0.515863
14.400000 -0.062918 -0.028149 0.447392
14.425000 -0.053677 -0.019210 0.357873
14.450000 -0.044139 -0.010280 0.232902
14.475000 -0.034401 -0.001435 0.0417163
14.500000 -0.024558 0.007256 -0.295448
14.525000 -0.014700 0.015728 -1.06998
14.550000 -0.004910 0.023925 -4.87304
14.575000 0.004734 0.031793 6.71613
14.600000 0.014159 0.039286 2.77466
14.625000 0.023300 0.046363 1.98983
14.650000 0.032098 0.052988 1.65084
14.675000 0.040499 0.059132 1.46007
14.700000 0.048458 0.064770 1.33661
14.725000 0.055935 0.069882 1.24936
14.750000 0.062893 0.074455 1.18383
14.775000 0.069306 0.078476 1.13232
14.800000 0.075149 0.081940 1.09038
14.825000 0.080404 0.084844 1.05522
14.850000 0.085060 0.087189 1.02504
14.875000 0.089106 0.088979 0.998572
14.900000 0.092539 0.090220 0.97494
14.925000 0.095358 0.090923 0.953487
14.950000 0.097568 0.091100 0.933714
14.975000 0.099174 0.090767 0.915227
15.000000 0.100186 0.089938 0.897704
15.025000 0.100618 0.088631 0.880871
15.050000 0.100483 0.086867 0.864489
15.075000 0.099800 0.084664 0.848342
15.100000 0.098586 0.082046 0.832226
15.125000 0.096864 0.079035 0.815939
15.150000 0.094654 0.075654 0.799268
15.175000 0.091981 0.071927 0.781982
15.200000 0.088868 0.067878 0.763812
15.225000 0.085340 0.063531 0.744443
15.250000 0.081424 0.058909 0.723488
15.275000 0.077144 0.054037 0.700463
15.300000 0.072528 0.048937 0.674735
15.325000 0.067601 0.043634 0.645465
15.350000 0.062390 0.038151 0.611493
15.375000 0.056921 0.032511 0.571158
15.400000 0.051219 0.026735 0.521975
15.425000 0.045310 0.020845 0.460052
15.450000 0.039219 0.014861 0.37893
15.475000 0.032971 0.008804 0.26704
15.500000 0.026588 0.002694 0.101338
15.525000 0.020094 -0.003450 -0.171688
15.550000 0.013512 -0.009611 -0.711267
15.575000 0.006863 -0.015771 -2.29809
15.600000 0.000167 -0.021914 -131.534
15.625000 -0.006556 -0.028026 4.27487
15.650000 -0.013286 -0.034092 2.56595
15.675000 -0.020006 -0.040099 2.00433
15.700000 -0.026699 -0.046035 1.72423
15.725000 -0.033348 -0.051887 1.55592
15.750000 -0.039938 -0.057641 1.44326
15.775000 -0.046455 -0.063285 1.3623
15.800000 -0.052884 -0.068813 1.30119
15.825000 -0.059215 -0.074224 1.25347
15.850000 -0.065435 -0.079516 1.2152
15.875000 -0.071533 -0.084655 1.18345
15.900000 -0.077499 -0.089556 1.15557
15.925000 -0.083325 -0.094081 1.12909
15.950000 -0.089001 -0.098065 1.10184
15.975000 -0.094522 -0.101338 1.07211
16.000000 -0.099872 -0.103754 1.03887
16.025000 -0.104876 -0.105205 1.00314
16.050000 -0.109247 -0.105625 0.966841
16.075000 -0.112767 -0.104985 0.930992
16.100000 -0.115280 -0.103291 0.896001
16.125000 -0.116684 -0.100571 0.861908
16.150000 -0.116925 -0.096876 0.828526
16.175000 -0.115986 -0.092269 0.795517
16.200000 -0.113879 -0.086824 0.762427
16.225000 -0.110645 -0.080626 0.728696
16.250000 -0.106342 -0.073763 0.693644
16.275000 -0.101045 -0.066328 0.656421
16.300000 -0.094841 -0.058415 0.615924
16.325000 -0.087824 -0.050117 0.570658
16.350000 -0.080095 -0.041529 0.518495
16.375000 -0.071759 -0.032739 0.456244
16.400000 -0.062918 -0.023835 0.37883
16.425000 -0.053677 -0.014899 0.277566
16.450000 -0.044139 -0.006009 0.13613
16.475000 -0.034401 0.002763 -0.0803313
16.500000 -0.024558 0.011351 -0.462191
16.525000 -0.014700 0.019691 -1.33958
16.550000 -0.004910 0.027731 -5.64823
16.575000 0.004734 0.035419 7.48211
16.600000 0.014159 0.042712 3.01664
16.625000 0.023300 0.049572 2.12756
16.650000 0.032098 0.055965 1.7436
16.675000 0.040499 0.061866 1.52757
16.700000 0.048458 0.067250 1.38779
16.725000 0.055935 0.072102 1.28904
16.750000 0.062893 0.076408 1.21489
16.775000 0.069306 0.080160 1.15662
16.800000 0.075149 0.083354 1.10919
16.825000 0.080404 0.085988 1.06944
16.850000 0.085060 0.088064 1.03532
16.875000 0.089106 0.089588 1.00542
16.900000 0.092539 0.090569 0.978717
16.925000 0.095358 0.091018 0.954486
16.950000 0.097568 0.090948 0.932155
16.975000 0.099174 0.090375 0.911278
17.000000 0.100186 0.089315 0.891488
17.025000 0.100618 0.087787 0.872477
17.050000 0.100483 0.085810 0.853974
17.075000 0.099800 0.083406 0.835734
17.100000 0.098586 0.080597 0.817528
17.125000 0.096864 0.077406 0.799125
17.150000 0.094654 0.073857 0.780283
17.175000 0.091981 0.069973 0.760737
17.200000 0.088868 0.065779 0.740185
17.225000 0.085340 0.061298 0.718271
17.250000 0.081424 0.056554 0.694559
17.275000 0.077144 0.051571 0.668498
17.300000 0.072528 0.046373 0.639376
17.325000 0.067601 0.040983 0.60624
17.350000 0.062390 0.035424 0.567776
17.375000 0.056921 0.029718 0.5221
17.400000 0.051219 0.023888 0.466391
17.425000 0.045310 0.017953 0.396233
17.450000 0.039219 0.011935 0.304306
17.475000 0.032971 0.005852 0.177491
17.500000 0.026588 -0.000275 -0.0103445
17.525000 0.020094 -0.006428 -0.319887
17.550000 0.013512 -0.012589 -0.931689
17.575000 0.006863 -0.018741 -2.73097
17.600000 0.000167 -0.024869 -149.27
17.625000 -0.006556 -0.030958 4.72205
17.650000 -0.013286 -0.036994 2.78433
17.675000 -0.020006 -0.042964 2.14752
17.700000 -0.026699 -0.048858 1.82994
17.725000 -0.033348 -0.054661 1.63912
17.750000 -0.039938 -0.060362 1.51139
17.775000 -0.046455 -0.065949 1.41964
17.800000 -0.052884 -0.071419 1.35048
17.825000 -0.059215 -0.076773 1.29652
17.850000 -0.065435 -0.081994 1.25306
17.875000 -0.071533 -0.087021 1.21653
17.900000 -0.077499 -0.091745 1.18383
17.925000 -0.083325 -0.096013 1.15227
17.950000 -0.089001 -0.099656 1.11971
17.975000 -0.094522 -0.102517 1.08458
18.000000 -0.099872 -0.104468 1.04602
18.025000 -0.104876 -0.105422 1.00521
18.050000 -0.109247 -0.105331 0.964154
18.075000 -0.112767 -0.104182 0.923871
18.100000 -0.115280 -0.101992 0.884737
18.125000 -0.116684 -0.098801 0.846737
18.150000 -0.116925 -0.094664 0.809615
18.175000 -0.115986 -0.089653 0.772963
18.200000 -0.113879 -0.083844 0.736252
18.225000 -0.110645 -0.077324 0.698846
18.250000 -0.106342 -0.070183 0.659978
18.275000 -0.101045 -0.062516 0.618695
18.300000 -0.094841 -0.054416 0.573763
18.325000 -0.087824 -0.045977 0.523512
18.350000 -0.080095 -0.037290 0.465569
18.375000 -0.071759 -0.028444 0.396379
18.400000 -0.062918 -0.019522 0.310285
18.425000 -0.053677 -0.010607 0.197604
18.450000 -0.044139 -0.001772 0.0401463
18.475000 -0.034401 0.006912 -0.200935
18.500000 -0.024558 0.015382 -0.62636
18.525000 -0.014700 0.023579 -1.60406
18.550000 -0.004910 0.031450 -6.40585
18.575000 0.004734 0.038949 8.22785
18.600000 0.014159 0.046034 3.25127
18.625000 0.023300 0.052670 2.26053
18.650000 0.032098 0.058826 1.83273
18.675000 0.040499 0.064478 1.59208
18.700000 0.048458 0.069606 1.4364
18.725000 0.055935 0.074194 1.32645
18.750000 0.062893 0.078233 1.2439
18.775000 0.069306 0.081715 1.17905
18.800000 0.075149 0.084638 1.12627
18.825000 0.080404 0.087002 1.08205
18.850000 0.085060 0.088811 1.0441
18.875000 0.089106 0.090072 1.01084
18.900000 0.092539 0.090795 0.981156
18.925000 0.095358 0.090992 0.954215
18.950000 0.097568 0.090678 0.929389
18.975000 0.099174 0.089869 0.906179
19.000000 0.100186 0.088582 0.884178
19.025000 0.100618 0.086837 0.86304
19.050000 0.100483 0.084654 0.842466
19.075000 0.099800 0.082054 0.822184
19.100000 0.098586 0.079060 0.801937
19.125000 0.096864 0.075696 0.781466
19.150000 0.094654 0.071984 0.760499
19.175000 0.091981 0.067950 0.738738
19.200000 0.088868 0.063616 0.715846
19.225000 0.085340 0.059007 0.691426
19.250000 0.081424 0.054146 0.664992
19.275000 0.077144 0.049058 0.63593
19.300000 0.072528 0.043767 0.603444
19.325000 0.067601 0.038294 0.566473
19.350000 0.062390 0.032664 0.523551
19.375000 0.056921 0.026899 0.472568
19.400000 0.051219 0.021019 0.410371
19.425000 0.045310 0.015044 0.332029
19.450000 0.039219 0.008995 0.229363
19.475000 0.032971 0.002892 0.0877098
19.500000 0.026588 -0.003248 -0.122144
19.525000 0.020094 -0.009405 -0.468028
19.550000 0.013512 -0.015562 -1.15173
19.575000 0.006863 -0.021704 -3.16259
19.600000 0.000167 -0.027813 -166.936
19.625000 -0.006556 -0.033875 5.16701
19.650000 -0.013286 -0.039878 3.00142
19.675000 -0.020006 -0.045809 2.28974
19.700000 -0.026699 -0.051658 1.93482
19.725000 -0.033348 -0.057410 1.72156
19.750000 -0.039938 -0.063055 1.57883
19.775000 -0.046455 -0.068585 1.47638
19.800000 -0.052884 -0.073999 1.39925
19.825000 -0.059215 -0.079289 1.33901
19.850000 -0.065435 -0.084420 1.29014
19.875000 -0.071533 -0.089305 1.24845
19.900000 -0.077499 -0.093812 1.21049
19.925000 -0.083325 -0.097781 1.17349
19.950000 -0.089001 -0.101048 1.13536
19.975000 -0.094522 -0.103472 1.09469
