0.000000 0.000001 0.000002 1.9779
0.012500 0.000025 0.000027 1.06224
0.025000 0.000113 0.000112 0.996014
0.037500 0.000300 0.000294 0.978068
0.050000 0.000618 0.000600 0.970806
0.062500 0.001094 0.001058 0.967191
0.075000 0.001750 0.001689 0.965147
0.087500 0.002604 0.002510 0.963885
0.100000 0.003673 0.003538 0.963056
0.112500 0.004969 0.004782 0.962486
0.125000 0.006499 0.006253 0.96208
0.137500 0.008272 0.007956 0.961783
0.150000 0.010291 0.009896 0.961556
0.162500 0.012558 0.012073 0.96138
0.175000 0.015073 0.014489 0.96124
0.187500 0.017834 0.017140 0.961124
0.200000 0.020837 0.020025 0.961026
0.212500 0.024077 0.023136 0.96094
0.225000 0.027547 0.026469 0.960862
0.237500 0.031241 0.030017 0.96079
0.250000 0.035150 0.033770 0.960723
0.262500 0.039265 0.037720 0.960662
0.275000 0.043574 0.041858 0.960604
0.287500 0.048068 0.046172 0.960551
0.300000 0.052735 0.050652 0.960501
0.312500 0.057564 0.055288 0.960455
0.325000 0.062542 0.060066 0.960413
0.337500 0.067656 0.064975 0.960373
0.350000 0.072895 0.070003 0.960337
0.362500 0.078245 0.075138 0.960303
0.375000 0.083693 0.080368 0.960271
0.387500 0.089227 0.085680 0.960241
0.400000 0.094834 0.091061 0.960214
0.412500 0.100502 0.096501 0.960188
0.425000 0.106217 0.101985 0.960164
0.437500 0.111967 0.107504 0.960142
0.450000 0.117739 0.113044 0.960121
0.462500 0.123523 0.118595 0.960101
0.475000 0.129306 0.124145 0.960083
0.487500 0.135077 0.129683 0.960065
0.500000 0.140825 0.135199 0.960049
0.512500 0.146539 0.140682 0.960033
0.525000 0.152208 0.146122 0.960018
0.537500 0.157822 0.151510 0.960004
0.550000 0.163373 0.156836 0.95999
0.562500 0.168849 0.162092 0.959977
0.575000 0.174244 0.167268 0.959965
0.587500 0.179547 0.172357 0.959953
0.600000 0.184752 0.177351 0.959941
0.612500 0.189849 0.182242 0.95993
0.625000 0.194833 0.187024 0.95992
0.637500 0.199695 0.191689 0.959909
0.650000 0.204430 0.196232 0.959899
0.662500 0.209032 0.200647 0.95989
0.675000 0.213494 0.204929 0.95988
0.687500 0.217812 0.209071 0.959871
0.700000 0.221980 0.213071 0.959862
0.712500 0.225995 0.216922 0.959853
0.725000 0.229852 0.220622 0.959844
0.737500 0.233547 0.224167 0.959835
0.750000 0.237077 0.227553 0.959827
0.762500 0.240438 0.230777 0.959818
0.775000 0.243629 0.233838 0.95981
0.787500 0.246647 0.236732 0.959802
0.800000 0.249490 0.239459 0.959794
0.812500 0.252156 0.242015 0.959786
0.825000 0.254643 0.244401 0.959778
0.837500 0.256952 0.246614 0.95977
0.850000 0.259080 0.248655 0.959762
0.862500 0.261028 0.250522 0.959754
0.875000 0.262795 0.252216 0.959747
0.887500 0.264381 0.253737 0.959739
0.900000 0.265787 0.255084 0.959732
0.912500 0.267013 0.256259 0.959724
0.925000 0.268060 0.257261 0.959717
0.937500 0.268928 0.258093 0.95971
0.950000 0.269620 0.258755 0.959703
0.962500 0.270137 0.259249 0.959695
0.975000 0.270479 0.259576 0.959688
0.987500 0.270649 0.259737 0.959681
1.000000 0.270649 0.259735 0.959674
1.012500 0.270481 0.259572 0.959667
1.025000 0.270148 0.259250 0.95966
1.037500 0.269650 0.258771 0.959653
1.050000 0.268992 0.258138 0.959646
1.062500 0.268176 0.257352 0.959639
1.075000 0.267205 0.256418 0.959632
1.087500 0.266080 0.255338 0.959625
1.100000 0.264807 0.254114 0.959618
1.112500 0.263387 0.252749 0.959612
1.125000 0.261824 0.251247 0.959605
1.137500 0.260121 0.249611 0.959598
1.150000 0.258281 0.247844 0.959591
1.162500 0.256309 0.245950 0.959584
1.175000 0.254206 0.243930 0.959577
1.187500 0.251978 0.241790 0.95957
1.200000 0.249626 0.239532 0.959563
1.212500 0.247156 0.237160 0.959556
1.225000 0.244570 0.234677 0.959549
1.237500 0.241873 0.232087 0.959541
1.250000 0.239067 0.229393 0.959534
1.262500 0.236158 0.226599 0.959527
1.275000 0.233147 0.223709 0.95952
1.287500 0.230040 0.220726 0.959512
1.300000 0.226839 0.217653 0.959505
1.312500 0.223549 0.214494 0.959497
1.325000 0.220173 0.211254 0.95949
1.337500 0.216715 0.207934 0.959482
1.350000 0.213178 0.204539 0.959474
1.362500 0.209567 0.201072 0.959466
1.375000 0.205884 0.197537 0.959458
1.387500 0.202135 0.193938 0.959449
1.400000 0.198321 0.190277 0.95944
1.412500 0.194446 0.186558 0.959432
1.425000 0.190515 0.182785 0.959423
1.437500 0.186531 0.178960 0.959414
1.450000 0.182496 0.175088 0.959405
1.462500 0.178415 0.171171 0.959396
1.475000 0.174291 0.167213 0.959387
1.487500 0.170127 0.163216 0.959377
1.500000 0.165927 0.159185 0.959367
1.512500 0.161693 0.155121 0.959357
1.525000 0.157428 0.151028 0.959346
1.537500 0.153137 0.146909 0.959335
1.550000 0.148821 0.142768 0.959323
1.562500 0.144485 0.138606 0.959311
1.575000 0.140130 0.134426 0.959299
1.587500 0.135760 0.130232 0.959286
1.600000 0.131377 0.126026 0.959273
1.612500 0.126985 0.121811 0.95926
1.625000 0.122585 0.117589 0.959245
1.637500 0.118181 0.113363 0.95923
1.650000 0.113776 0.109135 0.959214
1.662500 0.109371 0.104908 0.959197
1.675000 0.104969 0.100684 0.959179
1.687500 0.100573 0.096466 0.95916
1.700000 0.096185 0.092254 0.959139
1.712500 0.091806 0.088053 0.959116
1.725000 0.087441 0.083864 0.959092
1.737500 0.083089 0.079688 0.959066
1.750000 0.078754 0.075528 0.959037
1.762500 0.074438 0.071386 0.959005
1.775000 0.070142 0.067264 0.958969
1.787500 0.065869 0.063163 0.958928
1.800000 0.061619 0.059086 0.958882
1.812500 0.057396 0.055033 0.958829
1.825000 0.053200 0.051007 0.958769
1.837500 0.049034 0.047009 0.958698
1.850000 0.044898 0.043040 0.958614
1.862500 0.040795 0.039103 0.958512
1.875000 0.036726 0.035197 0.958388
1.887500 0.032692 0.031326 0.958234
1.900000 0.028694 0.027490 0.958035
1.912500 0.024735 0.023690 0.957771
1.925000 0.020814 0.019927 0.957405
1.937500 0.016934 0.016203 0.956872
1.950000 0.013095 0.012519 0.956026
1.962500 0.009299 0.008875 0.954478
1.975000 0.005546 0.005273 0.950858
1.987500 0.001837 0.001718 0.934848
2.000000 -0.001825 -0.001768 0.96888
2.012500 -0.005418 -0.005151 0.950815
2.025000 -0.008900 -0.008396 0.943393
2.037500 -0.012234 -0.011471 0.937611
2.050000 -0.015390 -0.014350 0.932441
2.062500 -0.018339 -0.017011 0.927571
2.075000 -0.021058 -0.019433 0.922851
2.087500 -0.023527 -0.021603 0.91819
2.100000 -0.025732 -0.023507 0.913518
2.112500 -0.027659 -0.025135 0.908775
2.125000 -0.029298 -0.026483 0.903904
2.137500 -0.030643 -0.027543 0.898847
2.150000 -0.031690 -0.028316 0.89354
2.162500 -0.032435 -0.028800 0.887913
2.175000 -0.032880 -0.028996 0.881885
2.187500 -0.033025 -0.028909 0.875362
2.200000 -0.032874 -0.028542 0.868223
2.212500 -0.032433 -0.027903 0.860319
2.225000 -0.031707 -0.026997 0.851458
2.237500 -0.030703 -0.025833 0.841385
2.250000 -0.029430 -0.024420 0.829754
2.262500 -0.027898 -0.022767 0.816089
2.275000 -0.026116 -0.020885 0.799709
2.287500 -0.024096 -0.018785 0.779603
2.300000 -0.021848 -0.016478 0.754202
2.312500 -0.019385 -0.013975 0.720932
2.325000 -0.016718 -0.011289 0.675248
2.337500 -0.013862 -0.008432 0.608301
2.350000 -0.010827 -0.005416 0.500252
2.362500 -0.007627 -0.002254 0.295514
2.375000 -0.004275 0.001042 -0.243743
2.387500 -0.000785 0.004459 -5.68064
2.400000 0.002831 0.007986 2.82061
2.412500 0.006560 0.011608 1.76953
2.425000 0.010389 0.015315 1.47419
2.437500 0.014305 0.019094 1.33483
2.450000 0.018295 0.022934 1.25356
2.462500 0.022348 0.026823 1.20023
2.475000 0.026451 0.030749 1.16249
2.487500 0.030593 0.034702 1.13433
2.500000 0.034761 0.038671 1.11248
2.512500 0.038945 0.042645 1.095
2.525000 0.043135 0.046615 1.08068
2.537500 0.047318 0.050570 1.06872
2.550000 0.051486 0.054501 1.05857
2.562500 0.055628 0.058400 1.04983
2.575000 0.059735 0.062257 1.04222
2.587500 0.063799 0.066065 1.03552
2.600000 0.067810 0.069815 1.02957
2.612500 0.071760 0.073500 1.02425
2.625000 0.075642 0.077113 1.01945
2.637500 0.079447 0.080647 1.0151
2.650000 0.083170 0.084096 1.01113
2.662500 0.086804 0.087453 1.00748
2.675000 0.090341 0.090714 1.00413
2.687500 0.093777 0.093873 1.00102
2.700000 0.097106 0.096924 0.998126
2.712500 0.100323 0.099864 0.995428
2.725000 0.103423 0.102689 0.992901
2.737500 0.106402 0.105394 0.990526
2.750000 0.109255 0.107976 0.988286
2.762500 0.111981 0.110432 0.986169
2.775000 0.114574 0.112759 0.984161
2.787500 0.117032 0.114955 0.982252
2.800000 0.119353 0.117017 0.980432
2.812500 0.121534 0.118944 0.978692
2.825000 0.123573 0.120734 0.977026
2.837500 0.125469 0.122386 0.975425
2.850000 0.127220 0.123898 0.973884
2.862500 0.128825 0.125270 0.972398
2.875000 0.130284 0.126501 0.970961
2.887500 0.131596 0.127591 0.969569
2.900000 0.132760 0.128540 0.968217
2.912500 0.133776 0.129348 0.966902
2.925000 0.134645 0.130016 0.96562
2.937500 0.135367 0.130544 0.964368
2.950000 0.135943 0.130932 0.963142
2.962500 0.136373 0.131182 0.96194
2.975000 0.136658 0.131295 0.960758
2.987500 0.136800 0.131273 0.959594
3.000000 0.136800 0.131116 0.958446
3.012500 0.136660 0.130826 0.957311
3.025000 0.136381 0.130405 0.956187
3.037500 0.135965 0.129856 0.955071
3.050000 0.135413 0.129179 0.953961
3.062500 0.134729 0.128377 0.952854
3.075000 0.133915 0.127453 0.951748
3.087500 0.132972 0.126409 0.950642
3.100000 0.131903 0.125246 0.949532
3.112500 0.130711 0.123968 0.948416
3.125000 0.129398 0.122578 0.947291
3.137500 0.127967 0.121077 0.946155
3.150000 0.126422 0.119469 0.945005
3.162500 0.124764 0.117757 0.943838
3.175000 0.122996 0.115943 0.942652
3.187500 0.121123 0.114030 0.941442
3.200000 0.119146 0.112021 0.940205
3.212500 0.117068 0.109920 0.938938
3.225000 0.114894 0.107729 0.937637
3.237500 0.112626 0.105451 0.936297
3.250000 0.110267 0.103090 0.934913
3.262500 0.107821 0.100648 0.933479
3.275000 0.105290 0.098129 0.93199
3.287500 0.102678 0.095536 0.930438
3.300000 0.099989 0.092871 0.928816
3.312500 0.097225 0.090138 0.927115
3.325000 0.094389 0.087341 0.925324
3.337500 0.091486 0.084481 0.923434
3.350000 0.088517 0.081562 0.921429
3.362500 0.085487 0.078588 0.919296
3.375000 0.082398 0.075561 0.917017
3.387500 0.079255 0.072484 0.914572
3.400000 0.076059 0.069361 0.911937
3.412500 0.072814 0.066194 0.909083
3.425000 0.069523 0.062986 0.905975
3.437500 0.066190 0.059741 0.90257
3.450000 0.062817 0.056461 0.898817
3.462500 0.059407 0.053148 0.894651
3.475000 0.055963 0.049807 0.889991
3.487500 0.052488 0.046438 0.884734
3.500000 0.048986 0.043046 0.878747
3.512500 0.045458 0.039633 0.871854
3.525000 0.041908 0.036201 0.863819
3.537500 0.038339 0.032754 0.854319
3.550000 0.034752 0.029293 0.842893
3.562500 0.031152 0.025821 0.828869
3.575000 0.027540 0.022341 0.811217
3.587500 0.023918 0.018854 0.788284
3.600000 0.020290 0.015364 0.757233
3.612500 0.016658 0.011873 0.712753
3.625000 0.013024 0.008383 0.643618
3.637500 0.009391 0.004895 0.52126
3.650000 0.005761 0.001413 0.245239
3.662500 0.002135 -0.002063 -0.966041
3.675000 -0.001483 -0.005529 3.72778
3.687500 -0.005092 -0.008984 1.76427
3.700000 -0.008690 -0.012426 1.42994
3.712500 -0.012274 -0.015852 1.29157
3.725000 -0.015843 -0.019263 1.21587
3.737500 -0.019395 -0.022655 1.16809
3.750000 -0.022927 -0.026026 1.13517
3.762500 -0.026439 -0.029376 1.11109
3.775000 -0.029929 -0.032703 1.09269
3.787500 -0.033395 -0.036005 1.07818
3.800000 -0.036835 -0.039281 1.06642
3.812500 -0.040247 -0.042530 1.05671
3.825000 -0.043632 -0.045749 1.04854
3.837500 -0.046986 -0.048938 1.04156
3.850000 -0.050308 -0.052096 1.03554
3.862500 -0.053598 -0.055222 1.03029
3.875000 -0.056854 -0.058313 1.02567
3.887500 -0.060074 -0.061370 1.02157
3.900000 -0.063259 -0.064392 1.01791
3.912500 -0.066405 -0.067377 1.01463
3.925000 -0.069514 -0.070324 1.01166
3.937500 -0.072582 -0.073233 1.00897
3.950000 -0.075611 -0.076104 1.00652
3.962500 -0.078597 -0.078932 1.00426
3.975000 -0.081542 -0.081712 1.00209
3.987500 -0.084444 -0.084422 0.99974
4.000000 -0.087301 -0.087031 0.996909
4.012500 -0.090090 -0.089506 0.99351
4.025000 -0.092771 -0.091815 0.98969
4.037500 -0.095306 -0.093931 0.985568
4.050000 -0.097665 -0.095832 0.981235
4.062500 -0.099819 -0.097499 0.976759
4.075000 -0.101745 -0.098916 0.972191
4.087500 -0.103425 -0.100070 0.967566
4.100000 -0.104842 -0.100953 0.962908
4.112500 -0.105984 -0.101558 0.95823
4.125000 -0.106842 -0.101879 0.95354
4.137500 -0.107409 -0.101914 0.948841
4.150000 -0.107680 -0.101664 0.944129
4.162500 -0.107654 -0.101130 0.9394
4.175000 -0.107330 -0.100316 0.934646
4.187500 -0.106710 -0.099225 0.929855
4.200000 -0.105798 -0.097865 0.925014
4.212500 -0.104598 -0.096241 0.920104
4.225000 -0.103118 -0.094364 0.915105
4.237500 -0.101364 -0.092240 0.909993
4.250000 -0.099345 -0.089881 0.904738
4.262500 -0.097070 -0.087296 0.899308
4.275000 -0.094550 -0.084496 0.893666
4.287500 -0.091795 -0.081492 0.887767
4.300000 -0.088817 -0.078297 0.881558
4.312500 -0.085628 -0.074922 0.874977
4.325000 -0.082240 -0.071380 0.867951
4.337500 -0.078666 -0.067683 0.860387
4.350000 -0.074918 -0.063843 0.852173
4.362500 -0.071010 -0.059873 0.843169
4.375000 -0.066955 -0.055786 0.833197
4.387500 -0.062765 -0.051594 0.822024
4.400000 -0.058454 -0.047310 0.809346
4.412500 -0.054036 -0.042945 0.794753
4.425000 -0.049522 -0.038512 0.777676
4.437500 -0.044925 -0.034022 0.757306
4.450000 -0.040259 -0.029488 0.732451
4.462500 -0.035536 -0.024920 0.701272
4.475000 -0.030767 -0.020330 0.660781
4.487500 -0.025964 -0.015729 0.605772
4.500000 -0.021140 -0.011126 0.526292
4.512500 -0.016305 -0.006532 0.400625
4.525000 -0.011470 -0.001957 0.170637
4.537500 -0.006645 0.002590 -0.389708
4.550000 -0.001841 0.007099 -3.85552
4.562500 0.002932 0.011563 3.94384
4.575000 0.007665 0.015972 2.08378
4.587500 0.012349 0.020320 1.64542
4.600000 0.016976 0.024598 1.44897
4.612500 0.021537 0.028799 1.33719
4.625000 0.026024 0.032917 1.26484
4.637500 0.030430 0.036944 1.21405
4.650000 0.034749 0.040876 1.17633
4.662500 0.038972 0.044706 1.14713
4.675000 0.043095 0.048429 1.12379
4.687500 0.047110 0.052041 1.10465
4.700000 0.051014 0.055536 1.08864
4.712500 0.054800 0.058911 1.075
4.725000 0.058465 0.062161 1.06322
4.737500 0.062003 0.065284 1.05292
4.750000 0.065411 0.068276 1.0438
4.762500 0.068685 0.071134 1.03566
4.775000 0.071822 0.073856 1.02832
4.787500 0.074819 0.076440 1.02166
4.800000 0.077673 0.078883 1.01558
4.812500 0.080383 0.081185 1.00998
4.825000 0.082946 0.083343 1.00479
4.837500 0.085360 0.085357 0.999968
4.850000 0.087625 0.087227 0.995456
4.862500 0.089738 0.088950 0.991216
4.875000 0.091700 0.090528 0.987214
4.887500 0.093510 0.091960 0.98342
4.900000 0.095167 0.093246 0.979809
4.912500 0.096672 0.094387 0.976358
4.925000 0.098025 0.095383 0.973049
4.937500 0.099225 0.096235 0.969864
4.950000 0.100274 0.096944 0.966788
4.962500 0.101173 0.097511 0.963807
4.975000 0.101922 0.097938 0.960909
4.987500 0.102523 0.098225 0.958082
5.000000 0.102977 0.098375 0.955317
5.012500 0.103286 0.098390 0.952603
5.025000 0.103451 0.098271 0.949931
5.037500 0.103474 0.098020 0.947293
5.050000 0.103358 0.097640 0.94468
5.062500 0.103104 0.097133 0.942083
5.075000 0.102715 0.096500 0.939496
5.087500 0.102193 0.095746 0.936911
5.100000 0.101540 0.094871 0.934318
5.112500 0.100760 0.093879 0.931711
5.125000 0.099854 0.092773 0.929081
5.137500 0.098826 0.091554 0.92642
5.150000 0.097678 0.090227 0.92372
5.162500 0.096413 0.088794 0.92097
5.175000 0.095035 0.087258 0.918163
5.187500 0.093546 0.085621 0.915286
5.200000 0.091949 0.083888 0.91233
5.212500 0.090248 0.082061 0.909281
5.225000 0.088445 0.080142 0.906127
5.237500 0.086544 0.078136 0.902851
5.250000 0.084548 0.076046 0.899437
5.262500 0.082460 0.073873 0.895866
5.275000 0.080284 0.071623 0.892116
5.287500 0.078023 0.069297 0.888162
5.300000 0.075679 0.066898 0.883974
5.312500 0.073257 0.064431 0.879521
5.325000 0.070759 0.061898 0.874763
5.337500 0.068190 0.059301 0.869656
5.350000 0.065551 0.056646 0.864146
5.362500 0.062847 0.053933 0.858168
5.375000 0.060080 0.051167 0.851648
5.387500 0.057254 0.048351 0.844489
5.400000 0.054373 0.045487 0.836577
5.412500 0.051438 0.042578 0.827764
5.425000 0.048454 0.039629 0.817867
5.437500 0.045423 0.036640 0.806646
5.450000 0.042348 0.033616 0.793792
5.462500 0.039234 0.030559 0.778887
5.475000 0.036081 0.027471 0.761365
5.487500 0.032895 0.024356 0.74043
5.500000 0.029676 0.021217 0.714931
5.512500 0.026429 0.018055 0.683135
5.525000 0.023156 0.014874 0.642312
5.537500 0.019860 0.011676 0.587886
5.550000 0.016544 0.008463 0.51157
5.562500 0.013210 0.005240 0.39663
5.575000 0.009861 0.002006 0.203451
5.587500 0.006499 -0.001234 -0.189866
5.600000 0.003128 -0.004479 -1.43191
5.612500 -0.000251 -0.007726 30.7788
5.625000 -0.003635 -0.010974 3.01891
5.637500 -0.007022 -0.014220 2.02508
5.650000 -0.010409 -0.017461 1.67754
5.662500 -0.013794 -0.020697 1.50041
5.675000 -0.017175 -0.023924 1.39295
5.687500 -0.020550 -0.027142 1.32074
5.700000 -0.023917 -0.030347 1.26884
5.712500 -0.027274 -0.033539 1.22971
5.725000 -0.030618 -0.036714 1.19912
5.737500 -0.033948 -0.039873 1.17454
5.750000 -0.037262 -0.043013 1.15434
5.762500 -0.040558 -0.046132 1.13743
5.775000 -0.043835 -0.049230 1.12306
5.787500 -0.047091 -0.052303 1.1107
5.800000 -0.050323 -0.055352 1.09993
5.812500 -0.053532 -0.058375 1.09048
5.825000 -0.056714 -0.061370 1.0821
5.837500 -0.059869 -0.064337 1.07462
5.850000 -0.062996 -0.067274 1.06791
5.862500 -0.066092 -0.070180 1.06185
5.875000 -0.069157 -0.073055 1.05636
5.887500 -0.072189 -0.075897 1.05136
5.900000 -0.075188 -0.078706 1.04679
5.912500 -0.078152 -0.081481 1.0426
5.925000 -0.081079 -0.084222 1.03875
5.937500 -0.083970 -0.086927 1.03521
5.950000 -0.086823 -0.089592 1.03189
5.962500 -0.089637 -0.092207 1.02868
5.975000 -0.092411 -0.094753 1.02534
5.987500 -0.095144 -0.097199 1.0216
6.000000 -0.097835 -0.099515 1.01717
6.012500 -0.100461 -0.101670 1.01203
6.025000 -0.102981 -0.103635 1.00636
6.037500 -0.105357 -0.105389 1.00031
6.050000 -0.107559 -0.106912 0.993992
6.062500 -0.109558 -0.108189 0.987502
6.075000 -0.111332 -0.109206 0.9809
6.087500 -0.112862 -0.109954 0.974233
6.100000 -0.114131 -0.110426 0.967531
6.112500 -0.115128 -0.110616 0.960814
6.125000 -0.115842 -0.110524 0.954093
6.137500 -0.116267 -0.110148 0.94737
6.150000 -0.116399 -0.109490 0.940646
6.162500 -0.116235 -0.108553 0.933913
6.175000 -0.115775 -0.107342 0.927163
6.187500 -0.115021 -0.105863 0.92038
6.200000 -0.113978 -0.104124 0.913545
6.212500 -0.112648 -0.102131 0.906636
6.225000 -0.111040 -0.099894 0.899626
6.237500 -0.109160 -0.097423 0.892483
6.250000 -0.107016 -0.094728 0.885172
6.262500 -0.104619 -0.091819 0.877652
6.275000 -0.101978 -0.088708 0.869875
6.287500 -0.099105 -0.085407 0.861787
6.300000 -0.096010 -0.081928 0.853325
6.312500 -0.092705 -0.078282 0.844414
6.325000 -0.089204 -0.074482 0.834966
6.337500 -0.085518 -0.070541 0.824873
6.350000 -0.081660 -0.066472 0.814005
6.362500 -0.077643 -0.062286 0.802202
6.375000 -0.073481 -0.057996 0.789263
6.387500 -0.069186 -0.053614 0.774932
6.400000 -0.064771 -0.049154 0.75888
6.412500 -0.060250 -0.044626 0.740673
6.425000 -0.055636 -0.040043 0.719726
6.437500 -0.050940 -0.035415 0.695234
6.450000 -0.046177 -0.030756 0.66605
6.462500 -0.041357 -0.026075 0.630489
6.475000 -0.036493 -0.021383 0.58596
6.487500 -0.031597 -0.016692 0.52827
6.500000 -0.026681 -0.012010 0.450144
6.512500 -0.021755 -0.007348 0.337776
6.525000 -0.016831 -0.002716 0.161347
6.537500 -0.011919 0.001879 -0.157654
6.550000 -0.007028 0.006427 -0.914413
6.562500 -0.002170 0.010920 -5.03202
6.575000 0.002647 0.015349 5.79862
6.587500 0.007414 0.019709 2.65833
6.600000 0.012122 0.023990 1.97909
6.612500 0.016763 0.028187 1.68154
6.625000 0.021329 0.032293 1.51408
6.637500 0.025813 0.036303 1.4064
6.650000 0.030207 0.040210 1.33113
6.662500 0.034506 0.044009 1.2754
6.675000 0.038702 0.047695 1.23235
6.687500 0.042791 0.051264 1.19801
6.700000 0.046766 0.054711 1.16989
6.712500 0.050623 0.058034 1.14639
6.725000 0.054357 0.061228 1.1264
6.737500 0.057964 0.064290 1.10914
6.750000 0.061439 0.067217 1.09405
6.762500 0.064779 0.070007 1.0807
6.775000 0.067982 0.072658 1.06879
6.787500 0.071043 0.075168 1.05807
6.800000 0.073960 0.077535 1.04833
6.812500 0.076732 0.079758 1.03943
6.825000 0.079356 0.081836 1.03125
6.837500 0.081831 0.083768 1.02367
6.850000 0.084155 0.085553 1.01662
6.862500 0.086327 0.087192 1.01002
6.875000 0.088346 0.088684 1.00382
6.887500 0.090213 0.090029 0.997966
6.900000 0.091925 0.091228 0.992414
6.912500 0.093485 0.092282 0.987127
6.925000 0.094891 0.093190 0.982073
6.937500 0.096145 0.093955 0.977223
6.950000 0.097246 0.094577 0.972553
6.962500 0.098196 0.095057 0.968038
6.975000 0.098995 0.095398 0.963661
6.987500 0.099646 0.095601 0.959402
7.000000 0.100149 0.095667 0.955244
7.012500 0.100506 0.095598 0.951171
7.025000 0.100718 0.095397 0.94717
7.037500 0.100788 0.095066 0.943227
7.050000 0.100718 0.094607 0.939327
7.062500 0.100509 0.094022 0.935458
7.075000 0.100164 0.093314 0.931609
7.087500 0.099686 0.092485 0.927766
7.100000 0.099076 0.091538 0.923918
7.112500 0.098338 0.090476 0.920052
7.125000 0.097474 0.089301 0.916157
7.137500 0.096486 0.088017 0.91222
7.150000 0.095379 0.086626 0.908228
7.162500 0.094154 0.085131 0.904167
7.175000 0.092814 0.083535 0.900022
7.187500 0.091363 0.081841 0.895779
7.200000 0.089804 0.080053 0.89142
7.212500 0.088140 0.078174 0.886927
7.225000 0.086374 0.076206 0.88228
7.237500 0.084508 0.074152 0.877454
7.250000 0.082548 0.072017 0.872425
7.262500 0.080494 0.069802 0.867164
7.275000 0.078352 0.067511 0.861636
7.287500 0.076124 0.065148 0.855806
7.300000 0.073814 0.062714 0.849629
7.312500 0.071424 0.060214 0.843056
7.325000 0.068958 0.057651 0.836029
7.337500 0.066420 0.055027 0.828479
7.350000 0.063812 0.052347 0.820325
7.362500 0.061138 0.049612 0.81147
7.375000 0.058401 0.046826 0.801796
7.387500 0.055605 0.043992 0.791158
7.400000 0.052752 0.041113 0.779375
7.412500 0.049845 0.038193 0.76622
7.425000 0.046889 0.035233 0.751406
7.437500 0.043886 0.032236 0.734558
7.450000 0.040838 0.029207 0.715184
7.462500 0.037750 0.026146 0.692622
7.475000 0.034624 0.023058 0.66596
7.487500 0.031462 0.019944 0.633905
7.500000 0.028269 0.016808 0.594562
7.512500 0.025047 0.013652 0.545036
7.525000 0.021799 0.010478 0.480671
7.537500 0.018526 0.007290 0.393466
7.550000 0.015234 0.004089 0.268414
7.562500 0.011923 0.000878 0.0736806
7.575000 0.008596 -0.002339 -0.272142
7.587500 0.005257 -0.005562 -1.05809
7.600000 0.001908 -0.008788 -4.60723
7.612500 -0.001450 -0.012015 8.28712
7.625000 -0.004813 -0.015240 3.16674
7.637500 -0.008179 -0.018462 2.25741
7.650000 -0.011545 -0.021678 1.87771
7.662500 -0.014910 -0.024887 1.66911
7.675000 -0.018272 -0.028085 1.5371
7.687500 -0.021627 -0.031272 1.44597
7.700000 -0.024975 -0.034446 1.37922
7.712500 -0.028312 -0.037604 1.32818
7.725000 -0.031638 -0.040745 1.28785
7.737500 -0.034950 -0.043868 1.25515
7.750000 -0.038246 -0.046970 1.22809
7.762500 -0.041525 -0.050050 1.2053
7.775000 -0.044785 -0.053107 1.18583
7.787500 -0.048023 -0.056139 1.169
7.800000 -0.051239 -0.059145 1.15429
7.812500 -0.054431 -0.062123 1.14132
7.825000 -0.057598 -0.065073 1.12979
7.837500 -0.060737 -0.067994 1.11948
7.850000 -0.063848 -0.070884 1.1102
7.862500 -0.066929 -0.073743 1.10181
7.875000 -0.069979 -0.076571 1.0942
7.887500 -0.072996 -0.079366 1.08726
7.900000 -0.075980 -0.082130 1.08093
7.912500 -0.078930 -0.084862 1.07515
7.925000 -0.081844 -0.087559 1.06983
7.937500 -0.084721 -0.090216 1.06486
7.950000 -0.087560 -0.092821 1.06008
7.962500 -0.090360 -0.095354 1.05526
7.975000 -0.093121 -0.097787 1.05011
7.987500 -0.095842 -0.100092 1.04434
8.000000 -0.098521 -0.102236 1.03771
8.012500 -0.101134 -0.104194 1.03026
8.025000 -0.103641 -0.105942 1.0222
8.037500 -0.106006 -0.107460 1.01372
8.050000 -0.108196 -0.108733 1.00496
8.062500 -0.110183 -0.109747 0.99604
8.075000 -0.111946 -0.110493 0.98702
8.087500 -0.113465 -0.110964 0.977958
8.100000 -0.114723 -0.111154 0.968887
8.112500 -0.115709 -0.111061 0.959829
8.125000 -0.116413 -0.110684 0.950794
8.137500 -0.116827 -0.110026 0.941785
8.150000 -0.116949 -0.109089 0.932798
8.162500 -0.116775 -0.107879 0.923821
8.175000 -0.116305 -0.106400 0.914838
8.187500 -0.115542 -0.104661 0.905827
8.200000 -0.114489 -0.102669 0.89676
8.212500 -0.113150 -0.100433 0.887606
8.225000 -0.111532 -0.097962 0.878327
8.237500 -0.109643 -0.095267 0.86888
8.250000 -0.107491 -0.092358 0.859218
8.262500 -0.105085 -0.089247 0.849286
8.275000 -0.102436 -0.085946 0.839022
8.287500 -0.099554 -0.082466 0.828352
8.300000 -0.096451 -0.078819 0.817195
8.312500 -0.093138 -0.075018 0.805451
8.325000 -0.089629 -0.071076 0.793003
8.337500 -0.085935 -0.067004 0.779711
8.350000 -0.082069 -0.062816 0.765404
8.362500 -0.078045 -0.058524 0.749872
8.375000 -0.073875 -0.054140 0.732852
8.387500 -0.069573 -0.049676 0.714009
8.400000 -0.065152 -0.045144 0.692914
8.412500 -0.060624 -0.040557 0.669001
8.425000 -0.056002 -0.035926 0.641508
8.437500 -0.051300 -0.031262 0.609389
8.450000 -0.046529 -0.026576 0.571159
8.462500 -0.041703 -0.021879 0.524635
8.475000 -0.036833 -0.017182 0.466476
8.487500 -0.031931 -0.012494 0.39129
8.500000 -0.027008 -0.007826 0.289772
8.512500 -0.022077 -0.003187 0.144369
8.525000 -0.017146 0.001414 -0.0824678
8.537500 -0.012228 0.005969 -0.488106
8.550000 -0.007332 0.010468 -1.42773
8.562500 -0.002468 0.014905 -6.03889
8.575000 0.002354 0.019272 8.18569
8.587500 0.007127 0.023561 3.30611
8.600000 0.011840 0.027766 2.34515
8.612500 0.016486 0.031881 1.93379
8.625000 0.021057 0.035898 1.70479
8.637500 0.025546 0.039813 1.55849
8.650000 0.029945 0.043621 1.45666
8.662500 0.034249 0.047315 1.38151
8.675000 0.038450 0.050893 1.3236
8.687500 0.042544 0.054349 1.27748
8.700000 0.046524 0.057680 1.2398
8.712500 0.050385 0.060882 1.20834
8.725000 0.054123 0.063953 1.18161
8.737500 0.057734 0.066889 1.15856
8.750000 0.061214 0.069688 1.13843
8.762500 0.064559 0.072347 1.12065
8.775000 0.067765 0.074866 1.10479
8.787500 0.070830 0.077241 1.09052
8.800000 0.073752 0.079473 1.07757
8.812500 0.076528 0.081560 1.06575
8.825000 0.079155 0.083500 1.05489
8.837500 0.081634 0.085294 1.04484
8.850000 0.083961 0.086941 1.03549
8.862500 0.086137 0.088442 1.02675
8.875000 0.088160 0.089795 1.01855
8.887500 0.090030 0.091003 1.01081
8.900000 0.091746 0.092064 1.00347
8.912500 0.093309 0.092981 0.996484
8.925000 0.094719 0.093754 0.989812
8.937500 0.095975 0.094383 0.983415
8.950000 0.097080 0.094872 0.977258
8.962500 0.098033 0.095220 0.971312
8.975000 0.098835 0.095431 0.96555
8.987500 0.099489 0.095504 0.959947
9.000000 0.099995 0.095443 0.954482
9.012500 0.100355 0.095250 0.949132
9.025000 0.100570 0.094926 0.943879
9.037500 0.100643 0.094474 0.938704
9.050000 0.100575 0.093896 0.93359
9.062500 0.100369 0.093195 0.928519
9.075000 0.100027 0.092373 0.923476
9.087500 0.099551 0.091432 0.918445
9.100000 0.098944 0.090376 0.913409
9.112500 0.098208 0.089208 0.908353
9.125000 0.097347 0.087929 0.903261
9.137500 0.096362 0.086544 0.898116
9.150000 0.095256 0.085055 0.892902
9.162500 0.094034 0.083464 0.887601
9.175000 0.092697 0.081776 0.882195
9.187500 0.091248 0.079994 0.876662
9.200000 0.089691 0.078119 0.870981
9.212500 0.088029 0.076156 0.865127
9.225000 0.086264 0.074107 0.859073
9.237500 0.084401 0.071977 0.85279
9.250000 0.082443 0.069767 0.846243
9.262500 0.080391 0.067480 0.839396
9.275000 0.078251 0.065121 0.832204
9.287500 0.076025 0.062692 0.82462
9.300000 0.073716 0.060196 0.816587
9.312500 0.071329 0.057636 0.808041
9.325000 0.068865 0.055016 0.798907
9.337500 0.066328 0.052339 0.789096
9.350000 0.063722 0.049608 0.778503
9.362500 0.061050 0.046825 0.767002
9.375000 0.058315 0.043995 0.754439
9.387500 0.055520 0.041119 0.740626
9.400000 0.052668 0.038202 0.725327
9.412500 0.049764 0.035245 0.70825
9.425000 0.046809 0.032252 0.689018
9.437500 0.043807 0.029226 0.667146
9.450000 0.040761 0.026168 0.641994
9.462500 0.037674 0.023083 0.612699
9.475000 0.034549 0.019972 0.578074
9.487500 0.031390 0.016839 0.536436
9.500000 0.028198 0.013685 0.485319
9.512500 0.024977 0.010514 0.420947
9.525000 0.021730 0.007328 0.337242
9.537500 0.018459 0.004130 0.223745
9.550000 0.015168 0.000922 0.0607968
9.562500 0.011858 -0.002293 -0.193407
9.575000 0.008533 -0.005514 -0.646239
9.587500 0.005195 -0.008738 -1.6821
9.600000 0.001846 -0.011963 -6.47896
9.612500 -0.001510 -0.015187 10.0589
9.625000 -0.004871 -0.018407 3.77857
9.637500 -0.008236 -0.021622 2.62524
9.650000 -0.011602 -0.024829 2.14015
9.662500 -0.014966 -0.028027 1.87276
9.675000 -0.018326 -0.031214 1.70324
9.687500 -0.021681 -0.034387 1.58606
9.700000 -0.025027 -0.037545 1.50016
9.712500 -0.028364 -0.040686 1.43442
9.725000 -0.031688 -0.043808 1.38246
9.737500 -0.034999 -0.046910 1.34031
9.750000 -0.038295 -0.049990 1.3054
9.762500 -0.041572 -0.053047 1.276
9.775000 -0.044831 -0.056078 1.25088
9.787500 -0.048069 -0.059083 1.22914
9.800000 -0.051284 -0.062060 1.21013
9.812500 -0.054475 -0.065009 1.19336
9.825000 -0.057641 -0.067927 1.17846
9.837500 -0.060779 -0.070815 1.16512
9.850000 -0.063889 -0.073671 1.15311
9.862500 -0.066969 -0.076497 1.14227
9.875000 -0.070018 -0.079291 1.13244
9.887500 -0.073035 -0.082056 1.12351
9.900000 -0.076019 -0.084791 1.11539
9.912500 -0.078967 -0.087492 1.10795
9.925000 -0.081880 -0.090153 1.10103
9.937500 -0.084757 -0.092760 1.09443
9.950000 -0.087595 -0.095293 1.08788
9.962500 -0.090395 -0.097727 1.08111
9.975000 -0.093155 -0.100031 1.07381
9.987500 -0.095875 -0.102177 1.06573
10.000000 -0.098553 -0.104138 1.05667
10.012500 -0.101166 -0.105891 1.0467
10.025000 -0.103673 -0.107415 1.0361
10.037500 -0.106037 -0.108695 1.02507
10.050000 -0.108226 -0.109717 1.01378
10.062500 -0.110213 -0.110472 1.00235
10.075000 -0.111975 -0.110951 0.990852
10.087500 -0.113493 -0.111150 0.979355
10.100000 -0.114751 -0.111066 0.96789
10.112500 -0.115736 -0.110699 0.956479
10.125000 -0.116439 -0.110050 0.945131
10.137500 -0.116854 -0.109123 0.933844
10.150000 -0.116974 -0.107922 0.922609
10.162500 -0.116800 -0.106452 0.911408
10.175000 -0.116330 -0.104722 0.900218
10.187500 -0.115566 -0.102739 0.889007
10.200000 -0.114512 -0.100512 0.877738
10.212500 -0.113173 -0.098050 0.86637
10.225000 -0.111555 -0.095363 0.854854
10.237500 -0.109666 -0.092463 0.843137
10.250000 -0.107513 -0.089360 0.831157
10.262500 -0.105107 -0.086066 0.818845
10.275000 -0.102457 -0.082593 0.806124
10.287500 -0.099574 -0.078953 0.792903
10.300000 -0.096471 -0.075158 0.779078
10.312500 -0.093158 -0.071222 0.764526
10.325000 -0.089648 -0.067156 0.749102
10.337500 -0.085954 -0.062972 0.73263
10.350000 -0.082088 -0.058685 0.714898
10.362500 -0.078063 -0.054304 0.695644
10.375000 -0.073893 -0.049844 0.674541
10.387500 -0.069591 -0.045316 0.651173
10.400000 -0.065169 -0.040731 0.625006
10.412500 -0.060640 -0.036101 0.595337
10.425000 -0.056019 -0.031439 0.561221
10.437500 -0.051316 -0.026754 0.521357
10.450000 -0.046545 -0.022058 0.473901
10.462500 -0.041719 -0.017361 0.416143
10.475000 -0.036848 -0.012673 0.343933
10.487500 -0.031946 -0.008005 0.250575
10.500000 -0.027023 -0.003365 0.12452
10.512500 -0.022091 0.001237 -0.056017
10.525000 -0.017160 0.005794 -0.337613
10.537500 -0.012242 0.010295 -0.840971
10.550000 -0.007346 0.014734 -2.00581
10.562500 -0.002482 0.019104 -7.69806
10.575000 0.002341 0.023395 9.99271
10.587500 0.007114 0.027603 3.8803
10.600000 0.011827 0.031721 2.68202
10.612500 0.016474 0.035742 2.16965
10.625000 0.021045 0.039661 1.88457
10.637500 0.025534 0.043472 1.70251
10.650000 0.029934 0.047171 1.57584
10.662500 0.034238 0.050753 1.48237
10.675000 0.038439 0.054213 1.41036
10.687500 0.042533 0.057549 1.35304
10.700000 0.046513 0.060755 1.30621
10.712500 0.050375 0.063831 1.26712
10.725000 0.054113 0.066771 1.23392
10.737500 0.057724 0.069575 1.2053
10.750000 0.061204 0.072239 1.18031
10.762500 0.064549 0.074763 1.15824
10.775000 0.067755 0.077143 1.13856
10.787500 0.070821 0.079380 1.12085
10.800000 0.073743 0.081471 1.10481
10.812500 0.076519 0.083417 1.09015
10.825000 0.079147 0.085216 1.07668
10.837500 0.081625 0.086868 1.06423
10.850000 0.083953 0.088374 1.05266
10.862500 0.086129 0.089732 1.04184
10.875000 0.088152 0.090945 1.03168
10.887500 0.090022 0.092011 1.0221
10.900000 0.091738 0.092933 1.01302
10.912500 0.093301 0.093710 1.00438
10.925000 0.094711 0.094345 0.996135
10.937500 0.095968 0.094838 0.988228
10.950000 0.097072 0.095191 0.980622
10.962500 0.098026 0.095406 0.973278
10.975000 0.098829 0.095485 0.966165
10.987500 0.099482 0.095428 0.95925
11.000000 0.099988 0.095240 0.952506
11.012500 0.100348 0.094920 0.945908
11.025000 0.100564 0.094473 0.939431
11.037500 0.100637 0.093899 0.933051
11.050000 0.100569 0.093202 0.926749
11.062500 0.100363 0.092385 0.920501
11.075000 0.100021 0.091448 0.91429
11.087500 0.099545 0.090397 0.908094
11.100000 0.098938 0.089232 0.901894
11.112500 0.098203 0.087957 0.895672
11.125000 0.097341 0.086576 0.889406
11.137500 0.096356 0.085090 0.883079
11.150000 0.095251 0.083504 0.876668
11.162500 0.094029 0.081819 0.870151
11.175000 0.092692 0.080040 0.863506
11.187500 0.091243 0.078169 0.856708
11.200000 0.089686 0.076209 0.849728
11.212500 0.088024 0.074164 0.842537
11.225000 0.086260 0.072036 0.835102
11.237500 0.084397 0.069829 0.827385
11.250000 0.082438 0.067545 0.819345
11.262500 0.080387 0.065189 0.810935
11.275000 0.078247 0.062762 0.802104
11.287500 0.076021 0.060269 0.792791
11.300000 0.073712 0.057711 0.782928
11.312500 0.071325 0.055094 0.772436
11.325000 0.068861 0.052418 0.761222
11.337500 0.066324 0.049689 0.749178
11.350000 0.063718 0.046908 0.736176
11.362500 0.061046 0.044079 0.722058
11.375000 0.058311 0.041205 0.706638
11.387500 0.055516 0.038289 0.689683
11.400000 0.052665 0.035333 0.670907
11.412500 0.049760 0.032342 0.649947
11.425000 0.046806 0.029316 0.626344
11.437500 0.043804 0.026260 0.599501
11.450000 0.040758 0.023176 0.568631
11.462500 0.037671 0.020067 0.532677
11.475000 0.034546 0.016934 0.490184
11.487500 0.031387 0.013782 0.43909
11.500000 0.028195 0.010612 0.376367
11.512500 0.024974 0.007427 0.297388
11.525000 0.021727 0.004230 0.194693
11.537500 0.018456 0.001023 0.0554476
11.550000 0.015165 -0.002191 -0.144471
11.562500 0.011855 -0.005410 -0.456372
11.575000 0.008530 -0.008633 -1.01206
11.587500 0.005192 -0.011857 -2.28353
11.600000 0.001844 -0.015079 -8.17766
11.612500 -0.001512 -0.018298 12.1004
11.625000 -0.004874 -0.021512 4.41387
11.637500 -0.008239 -0.024719 3.00042
11.650000 -0.011604 -0.027916 2.40575
11.662500 -0.014968 -0.031102 2.07793
11.675000 -0.018328 -0.034275 1.87009
11.687500 -0.021683 -0.037434 1.72643
11.700000 -0.025029 -0.040575 1.62111
11.712500 -0.028366 -0.043698 1.54053
11.725000 -0.031691 -0.046801 1.47682
11.737500 -0.035001 -0.049882 1.42515
11.750000 -0.038297 -0.052940 1.38237
11.762500 -0.041574 -0.055973 1.34634
11.775000 -0.044833 -0.058979 1.31553
11.787500 -0.048071 -0.061957 1.28887
11.800000 -0.051286 -0.064905 1.26556
11.812500 -0.054477 -0.067823 1.24498
11.825000 -0.057642 -0.070709 1.22669
11.837500 -0.060781 -0.073564 1.21032
11.850000 -0.063891 -0.076388 1.1956
11.862500 -0.066971 -0.079182 1.18233
11.875000 -0.070020 -0.081948 1.17035
11.887500 -0.073037 -0.084685 1.15949
11.900000 -0.076020 -0.087391 1.14957
11.912500 -0.078969 -0.090056 1.14039
11.925000 -0.081882 -0.092666 1.1317
11.937500 -0.084758 -0.095200 1.1232
11.950000 -0.087597 -0.097634 1.11459
11.962500 -0.090396 -0.099940 1.10557
11.975000 -0.093157 -0.102088 1.09587
11.987500 -0.095877 -0.104053 1.08527
12.000000 -0.098555 -0.105810 1.07362
12.012500 -0.101167 -0.107341 1.06102
12.025000 -0.103674 -0.108628 1.04779
12.037500 -0.106038 -0.109659 1.03415
12.050000 -0.108227 -0.110422 1.02029
12.062500 -0.110214 -0.110911 1.00632
12.075000 -0.111976 -0.111120 0.992353
12.087500 -0.113494 -0.111046 0.978429
12.100000 -0.114752 -0.110689 0.964591
12.112500 -0.115737 -0.110050 0.950858
12.125000 -0.116441 -0.109132 0.937235
12.137500 -0.116855 -0.107940 0.923716
12.150000 -0.116975 -0.106481 0.910284
12.162500 -0.116801 -0.104760 0.896914
12.175000 -0.116331 -0.102787 0.883573
12.187500 -0.115567 -0.100569 0.87022
12.200000 -0.114513 -0.098116 0.856809
12.212500 -0.113174 -0.095438 0.843288
12.225000 -0.111556 -0.092547 0.829598
12.237500 -0.109666 -0.089452 0.815672
12.250000 -0.107514 -0.086166 0.801439
12.262500 -0.105107 -0.082700 0.786814
12.275000 -0.102458 -0.079067 0.771704
12.287500 -0.099575 -0.075279 0.756001
12.300000 -0.096472 -0.071349 0.73958
12.312500 -0.093159 -0.067288 0.722295
12.325000 -0.089649 -0.063110 0.70397
12.337500 -0.085955 -0.058827 0.684398
12.350000 -0.082089 -0.054451 0.663323
12.362500 -0.078064 -0.049995 0.640434
12.375000 -0.073894 -0.045470 0.61534
12.387500 -0.069591 -0.040888 0.587545
12.400000 -0.065170 -0.036261 0.556413
12.412500 -0.060641 -0.031600 0.521106
12.425000 -0.056019 -0.026917 0.480498
12.437500 -0.051317 -0.022222 0.433038
12.450000 -0.046546 -0.017526 0.376526
12.462500 -0.041719 -0.012838 0.307733
12.475000 -0.036849 -0.008170 0.22171
12.487500 -0.031946 -0.003529 0.110475
12.500000 -0.027024 0.001074 -0.0397408
12.512500 -0.022092 0.005631 -0.254906
12.525000 -0.017161 0.010134 -0.590547
12.537500 -0.012243 0.014575 -1.19055
12.550000 -0.007346 0.018947 -2.57906
12.562500 -0.002482 0.023241 -9.36341
12.575000 0.002341 0.027452 11.7277
12.587500 0.007113 0.031572 4.43849
12.600000 0.011827 0.035596 3.0098
12.612500 0.016473 0.039519 2.39897
12.625000 0.021045 0.043334 2.05913
12.637500 0.025534 0.047036 1.84212
12.650000 0.029933 0.050622 1.69115
12.662500 0.034237 0.054087 1.57976
12.675000 0.038439 0.057426 1.49397
12.687500 0.042532 0.060638 1.42568
12.700000 0.046512 0.063717 1.3699
12.712500 0.050374 0.066663 1.32335
12.725000 0.054113 0.069471 1.28382
12.737500 0.057724 0.072140 1.24975
12.750000 0.061204 0.074668 1.22
12.762500 0.064548 0.077054 1.19374
12.775000 0.067755 0.079295 1.17032
12.787500 0.070821 0.081392 1.14927
12.800000 0.073742 0.083342 1.13018
12.812500 0.076518 0.085146 1.11276
12.825000 0.079146 0.086804 1.09675
12.837500 0.081625 0.088314 1.08195
12.850000 0.083953 0.089678 1.0682
12.862500 0.086129 0.090895 1.05535
12.875000 0.088152 0.091967 1.04328
12.887500 0.090022 0.092893 1.0319
12.900000 0.091738 0.093675 1.02112
12.912500 0.093301 0.094315 1.01086
12.925000 0.094711 0.094813 1.00107
12.937500 0.095968 0.095170 0.991692
12.950000 0.097072 0.095390 0.982667
12.962500 0.098025 0.095472 0.973956
12.975000 0.098828 0.095421 0.965519
12.987500 0.099482 0.095236 0.957319
13.000000 0.099988 0.094921 0.949323
13.012500 0.100348 0.094478 0.9415
13.025000 0.100564 0.093908 0.933821
13.037500 0.100637 0.093216 0.926259
13.050000 0.100569 0.092402 0.918788
13.062500 0.100363 0.091469 0.911384
13.075000 0.100021 0.090421 0.904023
13.087500 0.099545 0.089260 0.896681
13.100000 0.098938 0.087989 0.889336
13.112500 0.098203 0.086611 0.881965
13.125000 0.097341 0.085129 0.874545
13.137500 0.096356 0.083546 0.867052
13.150000 0.095251 0.081865 0.859461
13.162500 0.094028 0.080088 0.851747
13.175000 0.092691 0.078221 0.843882
13.187500 0.091243 0.076264 0.835835
13.200000 0.089686 0.074222 0.827574
13.212500 0.088024 0.072097 0.819064
13.225000 0.086260 0.069893 0.810264
13.237500 0.084397 0.067613 0.80113
13.250000 0.082438 0.065259 0.791615
13.262500 0.080387 0.062835 0.781662
13.275000 0.078247 0.060345 0.77121
13.287500 0.076021 0.057790 0.760189
13.300000 0.073712 0.055175 0.748517
13.312500 0.071324 0.052502 0.7361
13.325000 0.068861 0.049774 0.722829
13.337500 0.066324 0.046996 0.708574
13.350000 0.063718 0.044168 0.693184
13.362500 0.061046 0.041296 0.676473
13.375000 0.058311 0.038381 0.658218
13.387500 0.055516 0.035427 0.638144
13.400000 0.052665 0.032437 0.615912
13.412500 0.049760 0.029413 0.591092
13.425000 0.046805 0.026358 0.563138
13.437500 0.043804 0.023275 0.531342
13.450000 0.040758 0.020166 0.494773
13.462500 0.037671 0.017034 0.452179
13.475000 0.034546 0.013882 0.401838
13.487500 0.031387 0.010713 0.341309
13.500000 0.028195 0.007528 0.267009
13.512500 0.024974 0.004332 0.173455
13.525000 0.021727 0.001126 0.0518102
13.537500 0.018456 -0.002088 -0.113129
13.550000 0.015165 -0.005307 -0.349938
13.562500 0.011855 -0.008529 -0.719396
13.575000 0.008530 -0.011751 -1.37763
13.587500 0.005192 -0.014973 -2.88375
13.600000 0.001844 -0.018191 -9.86578
13.612500 -0.001512 -0.021404 14.1532
13.625000 -0.004874 -0.024609 5.04921
13.637500 -0.008239 -0.027806 3.37504
13.650000 -0.011604 -0.030991 2.67068
13.662500 -0.014968 -0.034163 2.2824
13.675000 -0.018328 -0.037321 2.03623
13.687500 -0.021683 -0.040462 1.86609
13.700000 -0.025029 -0.043585 1.74136
13.712500 -0.028366 -0.046688 1.64593
13.725000 -0.031691 -0.049770 1.5705
13.737500 -0.035001 -0.052829 1.50934
13.750000 -0.038297 -0.055863 1.45869
13.762500 -0.041574 -0.058871 1.41603
13.775000 -0.044833 -0.061850 1.37955
13.787500 -0.048071 -0.064799 1.34799
13.800000 -0.051286 -0.067716 1.32038
13.812500 -0.054477 -0.070602 1.29601
13.825000 -0.057642 -0.073456 1.27434
13.837500 -0.060781 -0.076279 1.25498
13.850000 -0.063891 -0.079072 1.23762
13.862500 -0.066971 -0.081839 1.22201
13.875000 -0.070020 -0.084579 1.20792
13.887500 -0.073037 -0.087288 1.19512
13.900000 -0.076020 -0.089956 1.18332
13.912500 -0.078969 -0.092569 1.17221
13.925000 -0.081882 -0.095105 1.16149
13.937500 -0.084758 -0.097540 1.1508
13.950000 -0.087597 -0.099847 1.13985
13.962500 -0.090396 -0.101997 1.12833
13.975000 -0.093157 -0.103966 1.11603
13.987500 -0.095877 -0.105728 1.10275
14.000000 -0.098555 -0.107266 1.08839
14.012500 -0.101167 -0.108560 1.07308
14.025000 -0.103674 -0.109599 1.05715
14.037500 -0.106038 -0.110372 1.04087
14.050000 -0.108227 -0.110870 1.02442
14.062500 -0.110214 -0.111089 1.00794
14.075000 -0.111977 -0.111025 0.991501
14.087500 -0.113494 -0.110677 0.97518
14.100000 -0.114752 -0.110048 0.959007
14.112500 -0.115737 -0.109140 0.943
14.125000 -0.116441 -0.107959 0.927156
14.137500 -0.116855 -0.106509 0.911464
14.150000 -0.116975 -0.104798 0.895896
14.162500 -0.116801 -0.102834 0.88042
14.175000 -0.116331 -0.100625 0.864992
14.187500 -0.115567 -0.098182 0.849563
14.200000 -0.114513 -0.095513 0.834077
14.212500 -0.113174 -0.092630 0.818471
14.225000 -0.111556 -0.089543 0.802675
14.237500 -0.109667 -0.086265 0.786612
14.250000 -0.107514 -0.082807 0.770196
14.262500 -0.105108 -0.079181 0.75333
14.275000 -0.102458 -0.075399 0.735905
14.287500 -0.099575 -0.071475 0.717795
14.300000 -0.096472 -0.067420 0.698856
14.312500 -0.093159 -0.063247 0.678916
14.325000 -0.089649 -0.058969 0.657774
14.337500 -0.085955 -0.054597 0.635186
14.350000 -0.082089 -0.050145 0.610859
14.362500 -0.078064 -0.045623 0.58443
14.375000 -0.073894 -0.041044 0.555445
14.387500 -0.069591 -0.036420 0.523333
14.400000 -0.065170 -0.031761 0.487356
14.412500 -0.060641 -0.027079 0.446544
14.425000 -0.056019 -0.022385 0.399593
14.437500 -0.051317 -0.017689 0.344706
14.450000 -0.046546 -0.013002 0.279338
14.462500 -0.041719 -0.008333 0.199745
14.475000 -0.036849 -0.003692 0.100199
14.487500 -0.031947 0.000912 -0.0285436
14.500000 -0.027024 0.005470 -0.20243
14.512500 -0.022092 0.009975 -0.45153
14.525000 -0.017161 0.014418 -0.840146
14.537500 -0.012243 0.018791 -1.5349
14.550000 -0.007346 0.023088 -3.14275
14.562500 -0.002482 0.027301 -10.9991
14.575000 0.002341 0.031424 13.4249
14.587500 0.007113 0.035452 4.98389
14.600000 0.011827 0.039377 3.32949
14.612500 0.016473 0.043196 2.62217
14.625000 0.021045 0.046902 2.22868
14.637500 0.025534 0.050491 1.97744
14.650000 0.029933 0.053960 1.80267
14.662500 0.034237 0.057304 1.67373
14.675000 0.038439 0.060519 1.57444
14.687500 0.042532 0.063604 1.49542
14.700000 0.046512 0.066553 1.43087
14.712500 0.050374 0.069366 1.37702
14.725000 0.054113 0.072040 1.3313
14.737500 0.057724 0.074573 1.29189
14.750000 0.061204 0.076963 1.25749
14.762500 0.064548 0.079210 1.22713
14.775000 0.067755 0.081311 1.20007
14.787500 0.070821 0.083266 1.17574
14.800000 0.073742 0.085076 1.15369
14.812500 0.076518 0.086738 1.13356
14.825000 0.079146 0.088254 1.11507
14.837500 0.081625 0.089623 1.09798
14.850000 0.083953 0.090845 1.0821
14.862500 0.086129 0.091922 1.06726
14.875000 0.088152 0.092853 1.05333
14.887500 0.090022 0.093640 1.0402
14.900000 0.091738 0.094285 1.02776
14.912500 0.093301 0.094787 1.01593
14.925000 0.094711 0.095150 1.00464
14.937500 0.095968 0.095374 0.993813
14.950000 0.097072 0.095461 0.983405
14.962500 0.098025 0.095414 0.97336
14.975000 0.098828 0.095234 0.96363
14.987500 0.099482 0.094923 0.954175
15.000000 0.099988 0.094484 0.944955
15.012500 0.100348 0.093919 0.935935
15.025000 0.100564 0.093230 0.92708
15.037500 0.100637 0.092421 0.91836
15.050000 0.100569 0.091492 0.909745
15.062500 0.100363 0.090448 0.901206
15.075000 0.100021 0.089290 0.892717
15.087500 0.099545 0.088023 0.88425
15.100000 0.098938 0.086648 0.875779
15.112500 0.098203 0.085169 0.867279
15.125000 0.097341 0.083589 0.858723
15.137500 0.096356 0.081911 0.850082
15.150000 0.095251 0.080137 0.841329
15.162500 0.094028 0.078272 0.832433
15.175000 0.092691 0.076319 0.823363
15.187500 0.091243 0.074279 0.814082
15.200000 0.089686 0.072157 0.804554
15.212500 0.088024 0.069956 0.794737
15.225000 0.086260 0.067678 0.784586
15.237500 0.084397 0.065327 0.77405
15.250000 0.082438 0.062906 0.763073
15.262500 0.080387 0.060418 0.751592
15.275000 0.078247 0.057866 0.739536
15.287500 0.076021 0.055254 0.726823
15.300000 0.073712 0.052583 0.713359
15.312500 0.071324 0.049858 0.699036
15.325000 0.068861 0.047082 0.683726
15.337500 0.066324 0.044257 0.667282
15.350000 0.063718 0.041387 0.649526
15.362500 0.061046 0.038474 0.630244
15.375000 0.058311 0.035522 0.609179
15.387500 0.055516 0.032533 0.586013
15.400000 0.052665 0.029511 0.560352
15.412500 0.049760 0.026457 0.531699
15.425000 0.046805 0.023376 0.499421
15.437500 0.043804 0.020268 0.462699
15.450000 0.040758 0.017137 0.420459
15.462500 0.037671 0.013986 0.371257
15.475000 0.034546 0.010817 0.313105
15.487500 0.031387 0.007633 0.243182
15.500000 0.028195 0.004436 0.157346
15.512500 0.024974 0.001230 0.0492622
15.525000 0.021727 -0.001983 -0.0912812
15.537500 0.018456 -0.005202 -0.281855
15.550000 0.015165 -0.008424 -0.555481
15.562500 0.011855 -0.011646 -0.982388
15.575000 0.008530 -0.014868 -1.74297
15.587500 0.005192 -0.018086 -3.48326
15.600000 0.001844 -0.021298 -11.5507
15.612500 -0.001512 -0.024503 16.2021
15.625000 -0.004874 -0.027698 5.68289
15.637500 -0.008239 -0.030882 3.74846
15.650000 -0.011604 -0.034053 2.93461
15.662500 -0.014968 -0.037210 2.48597
15.675000 -0.018328 -0.040350 2.20153
15.687500 -0.021683 -0.043473 2.00494
15.700000 -0.025029 -0.046576 1.86084
15.712500 -0.028366 -0.049657 1.7506
15.725000 -0.031691 -0.052717 1.66348
15.737500 -0.035001 -0.055752 1.59284
15.750000 -0.038297 -0.058760 1.53434
15.762500 -0.041574 -0.061741 1.48506
15.775000 -0.044833 -0.064691 1.44293
15.787500 -0.048071 -0.067610 1.40646
15.800000 -0.051286 -0.070496 1.37456
15.812500 -0.054477 -0.073349 1.34642
15.825000 -0.057642 -0.076171 1.32143
15.837500 -0.060781 -0.078964 1.29916
15.850000 -0.063891 -0.081731 1.27924
15.862500 -0.066971 -0.084473 1.26134
15.875000 -0.070020 -0.087185 1.24514
15.887500 -0.073037 -0.089856 1.23028
15.900000 -0.076020 -0.092471 1.2164
15.912500 -0.078969 -0.095009 1.20312
15.925000 -0.081882 -0.097445 1.19007
15.937500 -0.084758 -0.099754 1.17692
15.950000 -0.087597 -0.101907 1.16336
15.962500 -0.090396 -0.103879 1.14914
15.975000 -0.093157 -0.105646 1.13407
15.987500 -0.095877 -0.107190 1.11799
16.000000 -0.098555 -0.108492 1.10083
16.012500 -0.101167 -0.109539 1.08275
16.025000 -0.103674 -0.110320 1.06411
16.037500 -0.106038 -0.110828 1.04517
16.050000 -0.108227 -0.111056 1.02614
16.062500 -0.110214 -0.111002 1.00715
16.075000 -0.111977 -0.110665 0.988286
16.087500 -0.113494 -0.110046 0.969612
16.100000 -0.114752 -0.109148 0.951159
16.112500 -0.115737 -0.107976 0.932937
16.125000 -0.116441 -0.106536 0.914937
16.137500 -0.116855 -0.104835 0.897136
16.150000 -0.116975 -0.102880 0.879502
16.162500 -0.116801 -0.100681 0.861989
16.175000 -0.116331 -0.098247 0.844545
16.187500 -0.115567 -0.095587 0.827112
16.200000 -0.114513 -0.092713 0.809622
16.212500 -0.113174 -0.089634 0.792004
16.225000 -0.111556 -0.086364 0.774176
16.237500 -0.109667 -0.082913 0.75605
16.250000 -0.107514 -0.079294 0.737528
16.262500 -0.105108 -0.075520 0.718498
16.275000 -0.102458 -0.071601 0.698837
16.287500 -0.099575 -0.067552 0.678401
16.300000 -0.096472 -0.063384 0.657026
16.312500 -0.093159 -0.059111 0.634517
16.325000 -0.089649 -0.054744 0.610645
16.337500 -0.085955 -0.050295 0.585134
16.350000 -0.082089 -0.045777 0.55765
16.362500 -0.078064 -0.041201 0.527781
16.375000 -0.073894 -0.036579 0.495015
16.387500 -0.069591 -0.031922 0.458703
16.400000 -0.065170 -0.027242 0.41801
16.412500 -0.060641 -0.022549 0.371835
16.425000 -0.056019 -0.017853 0.318701
16.437500 -0.051317 -0.013166 0.256571
16.450000 -0.046546 -0.008497 0.182558
16.462500 -0.041719 -0.003856 0.0924207
16.475000 -0.036849 0.000749 -0.0203361
16.487500 -0.031947 0.005309 -0.166191
16.500000 -0.027024 0.009815 -0.363219
16.512500 -0.022092 0.014260 -0.645506
16.525000 -0.017161 0.018636 -1.08594
16.537500 -0.012243 0.022935 -1.87338
16.550000 -0.007346 0.027151 -3.69584
16.562500 -0.002482 0.031277 -12.601
16.575000 0.002341 0.035308 15.084
16.587500 0.007113 0.039237 5.51599
16.600000 0.011827 0.043059 3.64076
16.612500 0.016473 0.046769 2.83907
16.625000 0.021045 0.050362 2.39311
16.637500 0.025534 0.053835 2.10838
16.650000 0.029933 0.057183 1.91033
16.662500 0.034237 0.060402 1.76424
16.675000 0.038439 0.063491 1.65174
16.687500 0.042532 0.066445 1.56222
16.700000 0.046512 0.069262 1.48911
16.712500 0.050374 0.071941 1.42813
16.725000 0.054113 0.074478 1.37635
16.737500 0.057724 0.076873 1.33174
16.750000 0.061204 0.079124 1.2928
16.762500 0.064548 0.081230 1.25844
16.775000 0.067755 0.083191 1.22781
16.787500 0.070821 0.085004 1.20028
16.800000 0.073742 0.086672 1.17533
16.812500 0.076518 0.088192 1.15256
16.825000 0.079146 0.089566 1.13165
16.837500 0.081625 0.090793 1.11233
16.850000 0.083953 0.091875 1.09437
16.862500 0.086129 0.092811 1.07759
16.875000 0.088152 0.093604 1.06185
16.887500 0.090022 0.094253 1.047
16.900000 0.091738 0.094760 1.03294
16.912500 0.093301 0.095128 1.01958
16.925000 0.094711 0.095356 1.00682
16.937500 0.095968 0.095448 0.99459
16.950000 0.097072 0.095406 0.982834
16.962500 0.098025 0.095230 0.971487
16.975000 0.098828 0.094924 0.960498
16.987500 0.099482 0.094490 0.949819
17.000000 0.099988 0.093929 0.939405
17.012500 0.100348 0.093245 0.929216
17.025000 0.100564 0.092439 0.919214
17.037500 0.100637 0.091515 0.909363
17.050000 0.100569 0.090475 0.89963
17.062500 0.100363 0.089321 0.889983
17.075000 0.100021 0.088058 0.880391
17.087500 0.099545 0.086686 0.870824
17.100000 0.098938 0.085211 0.861253
17.112500 0.098203 0.083634 0.851647
17.125000 0.097341 0.081959 0.841977
17.137500 0.096356 0.080189 0.832211
17.150000 0.095251 0.078326 0.822317
17.162500 0.094028 0.076375 0.812259
17.175000 0.092691 0.074339 0.802001
17.187500 0.091243 0.072219 0.791503
17.200000 0.089686 0.070020 0.780723
17.212500 0.088024 0.067744 0.769614
17.225000 0.086260 0.065396 0.758125
17.237500 0.084397 0.062977 0.746199
17.250000 0.082438 0.060491 0.733774
17.262500 0.080387 0.057941 0.720779
17.275000 0.078247 0.055331 0.707131
17.287500 0.076021 0.052663 0.692739
17.300000 0.073712 0.049940 0.677497
17.312500 0.071324 0.047165 0.66128
17.325000 0.068861 0.044343 0.643947
17.337500 0.066324 0.041474 0.625328
17.350000 0.063718 0.038564 0.605222
17.362500 0.061046 0.035613 0.583388
17.375000 0.058311 0.032627 0.559535
17.387500 0.055516 0.029607 0.533299
17.400000 0.052665 0.026555 0.504233
17.412500 0.049760 0.023475 0.47177
17.425000 0.046805 0.020369 0.435194
17.437500 0.043804 0.017240 0.393577
17.450000 0.040758 0.014090 0.345702
17.462500 0.037671 0.010922 0.289934
17.475000 0.034546 0.007739 0.224017
17.487500 0.031387 0.004543 0.144753
17.500000 0.028195 0.001338 0.047442
17.512500 0.024974 -0.001876 -0.075105
17.525000 0.021727 -0.005094 -0.234471
17.537500 0.018456 -0.008316 -0.450589
17.550000 0.015165 -0.011539 -0.760909
17.562500 0.011855 -0.014761 -1.24508
17.575000 0.008530 -0.017979 -2.10768
17.587500 0.005192 -0.021191 -4.08138
17.600000 0.001844 -0.024396 -13.2309
17.612500 -0.001512 -0.027591 18.2443
17.625000 -0.004874 -0.030775 6.31415
17.637500 -0.008239 -0.033945 4.12028
17.650000 -0.011604 -0.037101 3.19726
17.662500 -0.014968 -0.040241 2.68844
17.675000 -0.018328 -0.043362 2.36586
17.687500 -0.021683 -0.046464 2.14291
17.700000 -0.025029 -0.049546 1.9795
17.712500 -0.028366 -0.052605 1.8545
17.725000 -0.031691 -0.055640 1.75572
17.737500 -0.035001 -0.058649 1.67561
17.750000 -0.038297 -0.061630 1.60929
17.762500 -0.041574 -0.064582 1.5534
17.775000 -0.044833 -0.067501 1.50562
17.787500 -0.048071 -0.070388 1.46426
17.800000 -0.051286 -0.073241 1.42809
17.812500 -0.054477 -0.076063 1.39624
17.825000 -0.057642 -0.078856 1.36803
17.837500 -0.060781 -0.081625 1.34294
17.850000 -0.063891 -0.084369 1.32051
17.862500 -0.066971 -0.087083 1.3003
17.875000 -0.070020 -0.089756 1.28186
17.887500 -0.073037 -0.092373 1.26475
17.900000 -0.076020 -0.094913 1.24852
17.912500 -0.078969 -0.097351 1.23278
17.925000 -0.081882 -0.099661 1.21714
17.937500 -0.084758 -0.101817 1.20126
17.950000 -0.087597 -0.103793 1.18489
17.962500 -0.090396 -0.105565 1.1678
17.975000 -0.093157 -0.107114 1.14983
17.987500 -0.095877 -0.108424 1.13086
18.000000 -0.098555 -0.109479 1.11084
18.012500 -0.101167 -0.110269 1.08997
18.025000 -0.103674 -0.110786 1.0686
18.037500 -0.106038 -0.111024 1.04702
18.050000 -0.108227 -0.110979 1.02543
18.062500 -0.110214 -0.110652 1.00397
18.075000 -0.111977 -0.110043 0.982729
18.087500 -0.113494 -0.109154 0.961761
18.100000 -0.114752 -0.107992 0.941091
18.112500 -0.115737 -0.106562 0.920722
18.125000 -0.116441 -0.104870 0.900635
18.137500 -0.116855 -0.102926 0.880799
18.150000 -0.116975 -0.100736 0.86117
18.162500 -0.116801 -0.098311 0.841693
18.175000 -0.116331 -0.095660 0.822308
18.187500 -0.115567 -0.092794 0.802944
18.200000 -0.114513 -0.089724 0.783527
18.212500 -0.113174 -0.086462 0.763972
18.225000 -0.111556 -0.083019 0.744188
18.237500 -0.109667 -0.079407 0.724076
18.250000 -0.107514 -0.075639 0.703526
18.262500 -0.105108 -0.071727 0.682412
18.275000 -0.102458 -0.067683 0.660596
18.287500 -0.099575 -0.063521 0.637917
18.300000 -0.096472 -0.059252 0.614191
18.312500 -0.093159 -0.054889 0.589201
18.325000 -0.089649 -0.050444 0.562689
18.337500 -0.085955 -0.045930 0.534349
18.350000 -0.082089 -0.041357 0.503806
18.362500 -0.078064 -0.036737 0.470604
18.375000 -0.073894 -0.032083 0.434171
18.387500 -0.069591 -0.027404 0.393784
18.400000 -0.065170 -0.022712 0.348511
18.412500 -0.060641 -0.018018 0.297124
18.425000 -0.056019 -0.013331 0.237978
18.437500 -0.051317 -0.008662 0.1688
18.450000 -0.046546 -0.004020 0.0863711
18.462500 -0.041719 0.000586 -0.0140389
18.475000 -0.036849 0.005147 -0.139672
18.487500 -0.031947 0.009655 -0.302211
18.500000 -0.027024 0.014101 -0.52181
18.512500 -0.022092 0.018479 -0.836474
18.525000 -0.017161 0.022781 -1.32747
18.537500 -0.012243 0.026999 -2.20538
18.550000 -0.007346 0.031129 -4.23731
18.562500 -0.002482 0.035163 -14.1663
18.575000 0.002341 0.039095 16.7019
18.587500 0.007113 0.042921 6.03389
18.600000 0.011827 0.046634 3.94312
18.612500 0.016473 0.050232 3.04932
18.625000 0.021045 0.053709 2.55214
18.637500 0.025534 0.057061 2.23474
18.650000 0.029933 0.060285 2.01398
18.662500 0.034237 0.063378 1.85116
18.675000 0.038439 0.066337 1.72579
18.687500 0.042532 0.069159 1.62604
18.700000 0.046512 0.071842 1.54458
18.712500 0.050374 0.074384 1.47664
18.725000 0.054113 0.076784 1.41897
18.737500 0.057724 0.079040 1.36928
18.750000 0.061204 0.081151 1.32592
18.762500 0.064548 0.083116 1.28765
18.775000 0.067755 0.084935 1.25356
18.787500 0.070821 0.086607 1.22291
18.800000 0.073742 0.088132 1.19514
18.812500 0.076518 0.089511 1.1698
18.825000 0.079146 0.090743 1.14652
18.837500 0.081625 0.091829 1.12501
18.850000 0.083953 0.092770 1.10503
18.862500 0.086129 0.093567 1.08637
18.875000 0.088152 0.094221 1.06885
18.887500 0.090022 0.094733 1.05234
18.900000 0.091738 0.095105 1.0367
18.912500 0.093301 0.095338 1.02183
18.925000 0.094711 0.095435 1.00764
18.937500 0.095968 0.095396 0.994047
18.950000 0.097072 0.095225 0.980974
18.962500 0.098025 0.094924 0.968358
18.975000 0.098828 0.094494 0.956139
18.987500 0.099482 0.093937 0.944264
19.000000 0.099988 0.093257 0.932684
19.012500 0.100348 0.092456 0.921353
19.025000 0.100564 0.091536 0.91023
19.037500 0.100637 0.090500 0.899274
19.050000 0.100569 0.089350 0.888449
19.062500 0.100363 0.088091 0.87772
19.075000 0.100021 0.086723 0.867052
19.087500 0.099545 0.085252 0.856412
19.100000 0.098938 0.083679 0.845767
19.112500 0.098203 0.082007 0.835082
19.125000 0.097341 0.080241 0.824325
19.137500 0.096356 0.078382 0.813459
19.150000 0.095251 0.076434 0.802447
19.162500 0.094028 0.074400 0.79125
19.175000 0.092691 0.072283 0.779827
19.187500 0.091243 0.070087 0.768133
19.200000 0.089686 0.067813 0.756121
19.212500 0.088024 0.065467 0.743739
19.225000 0.086260 0.063050 0.730932
19.237500 0.084397 0.060566 0.717636
19.250000 0.082438 0.058018 0.703781
19.262500 0.080387 0.055410 0.689287
19.275000 0.078247 0.052743 0.674063
19.287500 0.076021 0.050022 0.658006
19.300000 0.073712 0.047249 0.640998
19.312500 0.071324 0.044428 0.622902
19.325000 0.068861 0.041561 0.603557
19.337500 0.066324 0.038652 0.582776
19.350000 0.063718 0.035703 0.560335
19.362500 0.061046 0.032719 0.535966
19.375000 0.058311 0.029700 0.509338
19.387500 0.055516 0.026650 0.480047
19.400000 0.052665 0.023572 0.44759
19.412500 0.049760 0.020468 0.411335
19.425000 0.046805 0.017341 0.370481
19.437500 0.043804 0.014192 0.323995
19.450000 0.040758 0.011026 0.270519
19.462500 0.037671 0.007844 0.208223
19.475000 0.034546 0.004650 0.134588
19.487500 0.031387 0.001445 0.0460333
19.500000 0.028195 -0.001768 -0.0626949
19.512500 0.024974 -0.004986 -0.199638
19.525000 0.021727 -0.008207 -0.377748
19.537500 0.018456 -0.011430 -0.619305
19.550000 0.015165 -0.014652 -0.966173
19.562500 0.011855 -0.017870 -1.50737
19.575000 0.008530 -0.021083 -2.4716
19.587500 0.005192 -0.024288 -4.67784
19.600000 0.001844 -0.027483 -14.9054
19.612500 -0.001512 -0.030667 20.2785
19.625000 -0.004874 -0.033838 6.94265
19.637500 -0.008239 -0.036993 4.49026
19.650000 -0.011604 -0.040132 3.45848
19.662500 -0.014968 -0.043253 2.8897
19.675000 -0.018328 -0.046354 2.52912
19.687500 -0.021683 -0.049435 2.27992
19.700000 -0.025029 -0.052493 2.09727
19.712500 -0.028366 -0.055528 1.95756
19.725000 -0.031691 -0.058537 1.84715
19.737500 -0.035001 -0.061519 1.75761
19.750000 -0.038297 -0.064471 1.68346
19.762500 -0.041574 -0.067391 1.62098
19.775000 -0.044833 -0.070278 1.56755
19.787500 -0.048071 -0.073132 1.52134
19.800000 -0.051286 -0.075954 1.48099
19.812500 -0.054477 -0.078748 1.44554
19.825000 -0.057642 -0.081518 1.4142
19.837500 -0.060781 -0.084263 1.38635
19.850000 -0.063891 -0.086979 1.36138
19.862500 -0.066971 -0.089655 1.33872
19.875000 -0.070020 -0.092275 1.31783
19.887500 -0.073037 -0.094816 1.2982
19.900000 -0.076020 -0.097256 1.27935
19.912500 -0.078969 -0.099569 1.26086
19.925000 -0.081882 -0.101727 1.24236
19.937500 -0.084758 -0.103706 1.22356
19.950000 -0.087597 -0.105484 1.2042
19.962500 -0.090396 -0.107039 1.18411
19.975000 -0.093157 -0.108356 1.16315
19.987500 -0.095877 -0.109419 1.14125
