0.000000  0.000058708691043  0.000113019666967 1.92509
0.050000  0.001397978033584  0.000911383719053 0.65193
0.100000  0.005704107297886  0.003506147020827 0.614671
0.150000  0.013784910217552  0.008341543304460 0.605121
0.200000  0.025783590234212  0.015508627749234 0.601492
0.250000  0.041395698152761  0.024829347389770 0.599805
0.300000  0.060034856479254  0.035956217263980 0.598922
0.350000  0.080957353521531  0.048446795541877 0.598424
0.400000  0.103353939313936  0.061818696965591 0.598126
0.450000  0.126415669900266  0.075589271933583 0.597942
0.500000  0.149379403262958  0.089302913077661 0.597826
0.550000  0.171557512236712  0.102548904878951 0.597752
0.600000  0.192355515470098  0.114971994183919 0.597706
0.650000  0.211280609894948  0.126277573233050 0.597677
0.700000  0.227943494197110  0.136232781741913 0.59766
0.750000  0.242055382832307  0.144664771413846 0.597652
0.800000  0.253421707505383  0.151456969267796 0.597648
0.850000  0.261933673550549  0.156544059546754 0.597648
0.900000  0.267558570286890  0.159906200012366 0.597649
0.950000  0.270329516992232  0.161562911054949 0.597652
1.000000  0.270335151028771  0.161566919172364 0.597654
1.050000  0.267709624599691  0.159998194595677 0.597656
1.100000  0.262623165497653  0.156958299573430 0.597656
1.150000  0.255273369880676  0.152565199102630 0.597654
1.200000  0.245877327265623  0.146948539459268 0.59765
1.250000  0.234664625956914  0.140245488148573 0.597642
1.300000  0.221871248018386  0.132597065791908 0.597631
1.350000  0.207734334145820  0.124145050735813 0.597615
1.400000  0.192487778330313  0.115029292774353 0.597593
1.450000  0.176358598302848  0.105385598337320 0.597564
1.500000  0.159564019005692  0.095343948785473 0.597528
1.550000  0.142309201589287  0.085027113964533 0.597481
1.600000  0.124785548739687  0.074549655239865 0.597422
1.650000  0.107169517735642  0.064017172280285 0.597345
1.700000  0.089621874898555  0.053525837424542 0.597241
1.750000  0.072287328538747  0.043162165863024 0.597092
1.800000  0.055294481725684  0.033002952803413 0.596858
1.850000  0.038756050910171  0.023115361828505 0.596432
1.900000  0.022769301364269  0.013557123922678 0.595412
1.950000  0.007416655397371  0.004376869105696 0.590141
2.000000 -0.007174857090821 -0.004327397915902 0.603134
2.050000 -0.019728322924132 -0.011619626983083 0.588982
2.100000 -0.028514731176193 -0.016714660427435 0.586176
2.150000 -0.032694951995562 -0.019065494523571 0.583133
2.200000 -0.032104885630612 -0.018585042325679 0.578885
2.250000 -0.027037525692698 -0.015454989787754 0.571613
2.300000 -0.018076267561840 -0.010026823166155 0.554695
2.350000 -0.005969371182870 -0.002748186921308 0.460381
2.400000  0.008462744008673  0.005891690845770 0.696192
2.450000  0.024394210987331  0.015401582261392 0.631362
2.500000  0.041040031513552  0.025315466471892 0.616848
2.550000  0.057686558357177  0.035210393444132 0.610374
2.600000  0.073709841898763  0.044717111829468 0.606664
2.650000  0.088584823247413  0.053525427902597 0.604228
2.700000  0.101887763061603  0.061385462668390 0.602481
2.750000  0.113293806146426  0.068106145882546 0.601146
2.800000  0.122571179954584  0.073551701766085 0.600073
2.850000  0.129573196178512  0.077636862658897 0.599174
2.900000  0.134228956677142  0.080321303062778 0.59839
2.950000  0.136533447863896  0.081603730489941 0.597683
3.000000  0.136537532796526  0.081515923200901 0.597022
3.050000  0.134338210301656  0.080116934648200 0.596382
3.100000  0.130069399429772  0.077487597299875 0.59574
3.150000  0.123893420237590  0.073725472043291 0.595072
3.200000  0.115993274031071  0.068940247361549 0.594347
3.250000  0.106565774174654  0.063249686697564 0.593527
3.300000  0.095815539378345  0.056776048694387 0.592556
3.350000  0.083949832516738  0.049643092419739 0.591342
3.400000  0.071174207442400  0.041973424496988 0.589728
3.450000  0.057688912219343  0.033886477427340 0.5874
3.500000  0.043685988312429  0.025496754600661 0.583637
3.550000  0.029347000371370  0.016912459011723 0.576293
3.600000  0.014841329402162  0.008234550024338 0.554839
3.650000  0.000324962560893 -0.000444003040917 -1.36632
3.700000 -0.014060285080676 -0.009038683021415 0.642852
3.750000 -0.028187178154043 -0.017473680920805 0.619916
3.800000 -0.041943155270298 -0.025682108831420 0.612308
3.850000 -0.055230162661291 -0.033606181564518 0.608475
3.900000 -0.067964275083521 -0.041197437578791 0.606163
3.950000 -0.080075147011073 -0.048412869754426 0.604593
4.000000 -0.091446623655272 -0.055109569573959 0.602642
4.050000 -0.100811528219298 -0.060366122441781 0.598802
4.100000 -0.106449511036422 -0.063416101588467 0.595739
4.150000 -0.107529092072272 -0.063745078006180 0.592817
4.200000 -0.103892873169700 -0.061286135665561 0.589897
4.250000 -0.095839663628939 -0.056234748005712 0.586759
4.300000 -0.083957849651056 -0.048951144906149 0.583044
4.350000 -0.068999916579559 -0.039888013593373 0.578088
4.400000 -0.051789801423257 -0.029536881335341 0.570322
4.450000 -0.033156236498767 -0.018389191282992 0.554622
4.500000 -0.013886486384754 -0.006909705734531 0.497585
4.550000  0.005304083303860  0.004480876401744 0.844798
4.600000  0.023790303935295  0.015416164172637 0.648002
4.650000  0.041046350864674  0.025589172350083 0.623421
4.700000  0.056648128633415  0.034753355791406 0.613495
4.750000  0.070270794438860  0.042720972538071 0.607948
4.800000  0.081682917982392  0.049359475088116 0.604281
4.850000  0.090738446847173  0.054586663268750 0.601583
4.900000  0.097367378598336  0.058365078721959 0.599432
4.950000  0.101565823669605  0.060696071377240 0.597603
5.000000  0.103385968204633  0.061613843405632 0.595959
5.050000  0.102926306105864  0.061179647592491 0.594402
5.100000  0.100322398500681  0.059476310828700 0.592852
5.150000  0.095738331531337  0.056603204050012 0.591228
5.200000  0.089358975508535  0.052671674532412 0.589439
5.250000  0.081383096438939  0.047801009982430 0.587358
5.300000  0.072017331742188  0.042114864996166 0.584788
5.350000  0.061471013115502  0.035738258497807 0.581384
5.400000  0.049951798913176  0.028794877775669 0.576453
5.450000  0.037662064373031  0.021405070297108 0.568346
5.500000  0.024795989134062  0.013684080866836 0.551867
5.550000  0.011537276594758  0.005740694518713 0.497578
5.600000 -0.001942562181373 -0.002323624605694 1.19616
5.650000 -0.015485426861403 -0.010415382485433 0.672593
5.700000 -0.028947413270202 -0.018449379792121 0.637341
5.750000 -0.042199227282042 -0.026348844253210 0.624392
5.800000 -0.055126284522338 -0.034045632611975 0.617593
5.850000 -0.067628548656197 -0.041480669489421 0.61336
5.900000 -0.079620156227279 -0.048604700721105 0.610457
5.950000 -0.091028871135205 -0.055368693037486 0.608254
6.000000 -0.101736698347533 -0.061581683337924 0.605305
6.050000 -0.110474673309342 -0.066330544043013 0.600414
6.100000 -0.115520712750386 -0.068862502524061 0.596105
6.150000 -0.116041658418201 -0.068689303470522 0.591937
6.200000 -0.111878490160442 -0.065758845965310 0.58777
6.250000 -0.103328451990671 -0.060275661920364 0.58334
6.300000 -0.090978421704180 -0.052604634696527 0.57821
6.350000 -0.075579433014361 -0.043199965808060 0.571584
6.400000 -0.057954027725652 -0.032552440160123 0.561694
6.450000 -0.038929598811764 -0.021151135813297 0.543318
6.500000 -0.019292126619133 -0.009457390460469 0.49022
6.550000  0.000244253270647  0.002112134895318 8.64731
6.600000  0.019055549109685  0.013195365505942 0.692468
6.650000  0.036617061153420  0.023489683789712 0.641496
6.700000  0.052505768122990  0.032752785683227 0.623794
6.750000  0.066397852017396  0.040800937188681 0.614492
6.800000  0.078062859367933  0.047505285465627 0.608552
6.850000  0.087355668071728  0.052786949061074 0.604276
6.900000  0.094207160984435  0.056611375871453 0.600924
6.950000  0.098614290324620  0.058982389831418 0.598112
7.000000  0.100630042047920  0.059936251757824 0.59561
7.050000  0.100353669434746  0.059535870914633 0.593261
7.100000  0.097921454093292  0.057865372706061 0.590937
7.150000  0.093498165277377  0.055025116642491 0.588515
7.200000  0.087269320552819  0.051127203725329 0.585855
7.250000  0.079434298817363  0.046291497907019 0.582765
7.300000  0.070200317485163  0.040642110279977 0.578945
7.350000  0.059777256790033  0.034304426135363 0.573871
7.400000  0.048373293571493  0.027402426461346 0.566478
7.450000  0.036191292872991  0.020056702817393 0.554186
7.500000  0.023425896794305  0.012382635665440 0.528587
7.550000  0.010261245145881  0.004488941967132 0.437466
7.600000 -0.003130739389746 -0.003523251709904 1.12537
7.650000 -0.016591568438717 -0.011561079056522 0.696804
7.700000 -0.029976972190017 -0.019540151259350 0.651839
7.750000 -0.043157312156130 -0.027384416339429 0.634526
7.800000 -0.056017679786112 -0.035026002522127 0.625267
7.850000 -0.068457733707620 -0.042405561036781 0.619441
7.900000 -0.080391323561126 -0.049473158697724 0.615404
7.950000 -0.091745943514096 -0.056171477393588 0.61225
8.000000 -0.102403345050549 -0.062266079762553 0.608047
8.050000 -0.111094325498301 -0.066853427173330 0.601772
8.100000 -0.116096577993042 -0.069196271231491 0.596023
8.150000 -0.116576734406700 -0.068832669896826 0.590449
8.200000 -0.112375577662376 -0.065725814098169 0.584876
8.250000 -0.103790167069032 -0.060089781133907 0.578954
8.300000 -0.091407207241420 -0.052294651360940 0.572106
8.350000 -0.075977569574636 -0.042796720502798 0.563281
8.400000 -0.058323643788172 -0.032086628322122 0.550148
8.450000 -0.039272680407017 -0.020651716218969 0.525855
8.500000 -0.019610526398568 -0.008950557332325 0.456416
8.550000 -0.000051192497934  0.002603534542455 -50.8577
8.600000  0.018781446369811  0.013652095066973 0.726893
8.650000  0.036362799741056  0.023896161105997 0.65716
8.700000  0.052269948531871  0.033096969553808 0.633193
8.750000  0.066179170281219  0.041074118833911 0.62065
8.800000  0.077860100812705  0.047701816929680 0.612661
8.850000  0.087167701452801  0.052903927119723 0.606921
8.900000  0.094032932986647  0.056648314300296 0.602431
8.950000  0.098452820404958  0.058940889118931 0.598671
9.000000  0.100480417601154  0.059819688696438 0.595337
9.050000  0.100215041263408  0.059349075722014 0.592217
9.100000  0.097793032164317  0.057614298428916 0.589145
9.150000  0.093379214748614  0.054716488787586 0.58596
9.200000  0.087159158053494  0.050768182852324 0.582477
9.250000  0.079332288967382  0.045889359305422 0.578445
9.300000  0.070105869638969  0.040203989374540 0.573475
9.350000  0.059689821991469  0.033837145981239 0.566883
9.400000  0.048292361706868  0.026912446499210 0.557282
9.450000  0.036116390010245  0.019550181616651 0.541311
9.500000  0.023356582696836  0.011865541978535 0.508017
9.550000  0.010197110950233  0.003967154432432 0.389047
9.600000 -0.003190073342517 -0.004043946959031 1.26767
9.650000 -0.016646454627627 -0.012075200143902 0.725392
9.700000 -0.030027737803722 -0.020042911961307 0.66748
9.750000 -0.043204260856034 -0.027872065328422 0.645123
9.800000 -0.056061093351040 -0.035495741610440 0.633162
9.850000 -0.068497873567621 -0.042854937025565 0.625639
9.900000 -0.080428432227525 -0.049898684649961 0.620411
9.950000 -0.091780245912482 -0.056558869159090 0.616242
10.000000 -0.102435049762985 -0.062560941646992 0.610738
10.050000 -0.111123625920667 -0.067011405260638 0.603035
10.100000 -0.116123653413055 -0.069189484290840 0.595826
10.150000 -0.116601751007820 -0.068659040215702 0.588834
10.200000 -0.112398689458478 -0.065398398866170 0.581843
10.250000 -0.103811516774431 -0.059631085037291 0.574417
10.300000 -0.091426927080541 -0.051732350816358 0.565833
10.350000 -0.075995782035353 -0.042160597310999 0.554775
10.400000 -0.058340462322596 -0.031406328952495 0.538328
10.450000 -0.039288210083251 -0.019955144656131 0.507917
10.500000 -0.019624864506749 -0.008262810289535 0.421038
10.550000 -0.000064429113638  0.003260786511758 -50.6105
10.600000  0.018769227861879  0.014260894928106 0.759802
10.650000  0.036351522160406  0.024442295782207 0.672387
10.700000  0.052259540450066  0.033569809129368 0.642367
10.750000  0.066169565601832  0.041466327718766 0.626668
10.800000  0.077851238381202  0.048008988450132 0.616676
10.850000  0.087159524694268  0.053124180942803 0.609505
10.900000  0.094025389569445  0.056781907301036 0.6039
10.950000  0.098445861928506  0.058989861420304 0.599211
11.000000  0.100473999306150  0.059787572862866 0.595055
11.050000  0.100209121762931  0.059240647101706 0.59117
11.100000  0.097787573194344  0.057435377017585 0.587348
11.150000  0.093374180936594  0.054473763719606 0.583392
11.200000  0.087154516703692  0.050469038534658 0.579075
11.250000  0.079328009861836  0.045541641072533 0.574093
11.300000  0.070101924852925  0.039815719846191 0.567969
11.350000  0.059686185722292  0.033416197256044 0.559865
11.400000  0.048289010115453  0.026466241967919 0.54808
11.450000  0.036113301074052  0.019085498258500 0.528489
11.500000  0.023353736073703  0.011388484488867 0.487652
11.550000  0.010194487852203  0.003483329540207 0.341688
11.600000 -0.003192490266072 -0.004529156844031 1.41869
11.650000 -0.016648681398258 -0.012556485549057 0.754203
11.700000 -0.030029789214152 -0.020515211656755 0.683162
11.750000 -0.043206150562984 -0.028331051957682 0.655718
11.800000 -0.056062833961167 -0.035938190515552 0.641034
11.850000 -0.068499476717068 -0.043278409621483 0.631806
11.900000 -0.080429908655552 -0.050299417356432 0.625382
11.950000 -0.091781605529603 -0.056920260666665 0.620171
12.000000 -0.102436301714016 -0.062829257327266 0.61335
12.050000 -0.111124778643062 -0.067143176787553 0.604214
12.100000 -0.116124714690864 -0.069158248899652 0.595552
12.150000 -0.116602728021600 -0.068463366904115 0.587151
12.200000 -0.112399588831452 -0.065051568423837 0.578753
12.250000 -0.103812344615176 -0.059155515118300 0.569831
12.300000 -0.091427689022448 -0.051155452261683 0.559518
12.350000 -0.075996483273118 -0.041511816211448 0.546233
12.400000 -0.058341107645941 -0.030714990992869 0.526473
12.450000 -0.039288803908099 -0.019248920858773 0.489934
12.500000 -0.019625410904033 -0.007566695811506 0.385556
12.550000 -0.000064931835918  0.003925079098652 -60.4492
12.600000  0.018768765355819  0.014875249565244 0.792553
12.650000  0.036351096682839  0.024992285007865 0.687525
12.700000  0.052259149063328  0.034044629921339 0.651458
12.750000  0.066169205598941  0.041858616771428 0.6326
12.800000  0.077850907267951  0.048314537196435 0.620603
12.850000  0.087159220172694  0.053341558571418 0.612001
12.900000  0.094025109522564  0.056912025863274 0.605285
12.950000  0.098445604406220  0.059035506442615 0.599676
13.000000  0.100473762512236  0.059752950768107 0.594712
13.050000  0.100208904043033  0.059130978850968 0.590077
13.100000  0.097787373024892  0.057256597519406 0.585521
13.150000  0.093373996914571  0.054232330258660 0.580808
13.200000  0.087154347537201  0.050171837154542 0.575666
13.250000  0.079327854361389  0.045195924938720 0.569736
13.300000  0.070101781923411  0.039429048656654 0.562454
13.350000  0.059686054355564  0.032996285772404 0.552831
13.400000  0.048288889383494  0.026020702840894 0.538855
13.450000  0.036113190122668  0.018621508384970 0.515643
13.500000  0.023353634116710  0.010912494409720 0.467272
13.550000  0.010194394166067  0.003000985202042 0.294376
13.600000 -0.003192576347182 -0.005012798130158 1.57014
13.650000 -0.016648760487026 -0.013036571198677 0.783036
13.700000 -0.030029861874317 -0.020986875774768 0.698867
13.750000 -0.043206217313213 -0.028789680263506 0.666332
13.800000 -0.056062895278625 -0.036379990448402 0.648914
13.850000 -0.068499533040709 -0.043700468619899 0.637967
13.900000 -0.080429960389149 -0.050697152378230 0.630327
13.950000 -0.091781653044544 -0.057274761666302 0.624033
14.000000 -0.102436345351879 -0.063087458488323 0.61587
14.050000 -0.111124818717983 -0.067262740522387 0.60529
14.100000 -0.116124751491726 -0.069114491131700 0.595175
14.150000 -0.116602761814044 -0.068256084503670 0.585373
14.200000 -0.112399619859731 -0.064694968106453 0.57558
14.250000 -0.103812373103860 -0.058672640113563 0.56518
14.300000 -0.091427715178001 -0.050574035904233 0.553159
14.350000 -0.075996507285343 -0.040861312276511 0.537674
14.400000 -0.058341129689314 -0.030024427408612 0.514636
14.450000 -0.039288824142997 -0.018545424890110 0.472028
14.500000 -0.019625429477862 -0.006874571312569 0.350289
14.550000 -0.000064948884158  0.004584835582277 -70.5914
14.600000  0.018768749708663  0.015485142262512 0.825049
14.650000  0.036351082322349  0.025538309413691 0.702546
14.700000  0.052259135884366  0.034516144607679 0.660481
14.750000  0.066169193504900  0.042248143118830 0.638487
14.800000  0.077850896170069  0.048617521884593 0.624495
14.850000  0.087159209989423  0.053556113929511 0.614463
14.900000  0.094025100178985  0.057038656577398 0.606632
14.950000  0.098445595833510  0.059076795307494 0.600096
15.000000  0.100473754647177  0.059713197022194 0.594316
15.050000  0.100208896827557  0.059015783949500 0.588928
15.100000  0.097787366405663  0.057072445895998 0.583638
15.150000  0.093373990842607  0.053986204266419 0.578172
15.200000  0.087154341967516  0.049870932687110 0.572214
15.250000  0.079327849252673  0.044847493543187 0.565344
15.300000  0.070101777237730  0.039040382599699 0.55691
15.350000  0.059686050058084  0.032574746698145 0.545768
15.400000  0.048288885442235  0.025573711339613 0.529598
15.450000  0.036113186508265  0.018156374898704 0.502763
15.500000  0.023353630802207  0.010436076826331 0.446872
15.550000  0.010194391126716  0.002519330576887 0.247129
15.600000 -0.003192579134099 -0.005494582865240 1.72105
15.650000 -0.016648763042361 -0.013514066543908 0.811716
15.700000 -0.030029864217212 -0.021455895569878 0.714485
15.750000 -0.043206219461235 -0.029246117757246 0.676896
15.800000 -0.056062897247898 -0.036820193519478 0.656766
15.850000 -0.068499534846029 -0.044121392741762 0.644112
15.900000 -0.080429962044097 -0.051093392865387 0.635253
15.950000 -0.091781654561580 -0.057625199167679 0.627851
16.000000 -0.102436346742437 -0.063339404067801 0.618329
16.050000 -0.111124819992553 -0.067374515959112 0.606296
16.100000 -0.116124752659935 -0.069062492975381 0.594727
16.150000 -0.116602762884723 -0.068040628170712 0.583525
16.200000 -0.112399620840983 -0.064330577434495 0.572338
16.250000 -0.103812374003117 -0.058182614849013 0.560459
16.300000 -0.091427716002082 -0.049986409449254 0.546731
16.350000 -0.075996508040501 -0.040205910415828 0.529049
16.400000 -0.058341130381286 -0.029330681823879 0.502744
16.450000 -0.039288824777045 -0.017840815321692 0.454094
16.500000 -0.019625430058811 -0.006183600233580 0.315081
16.550000 -0.000064949416435  0.005241213575620 -80.6969
16.600000  0.018768749221001  0.016089754014751 0.857263
16.650000  0.036351081875579  0.026077721716415 0.717385
16.700000  0.052259135475074  0.034980432185426 0.669365
16.750000  0.066169193129958  0.042630538213360 0.644266
16.800000  0.077850895826605  0.048914026978462 0.628304
16.850000  0.087159209674807  0.053765136430241 0.616861
16.900000  0.094025099890806  0.057160702977400 0.60793
16.950000  0.098445595569556  0.059114218059128 0.600476
17.000000  0.100473754405420  0.059669975095760 0.593886
17.050000  0.100208896606139  0.058897281231995 0.587745
17.100000  0.097787366202880  0.056885112220886 0.581723
17.150000  0.093373990656898  0.053737198577924 0.575505
17.200000  0.087154341797449  0.049567721224208 0.568735
17.250000  0.079327849096936  0.044497499434327 0.560932
17.300000  0.070101777095121  0.038650800615423 0.551353
17.350000  0.059686049927501  0.032152541946649 0.538694
17.400000  0.048288885322668  0.025125775461014 0.520322
17.450000  0.036113186398789  0.017689653706027 0.489839
17.500000  0.023353630701973  0.009957483958735 0.426378
17.550000  0.010194391034948  0.002035405931671 0.199659
17.600000 -0.003192579218114 -0.005978082481630 1.87249
17.650000 -0.016648763119276 -0.013992289189105 0.84044
17.700000 -0.030029864287623 -0.021924582593175 0.730093
17.750000 -0.043206219525691 -0.029701257034506 0.68743
17.800000 -0.056062897306899 -0.037258154241294 0.664578
17.850000 -0.068499534900037 -0.044539024440606 0.650209
17.900000 -0.080429962093531 -0.051484667091880 0.640118
17.950000 -0.091781654606827 -0.057967518281389 0.631581
18.000000 -0.102436346783850 -0.063581204894248 0.62069
18.050000 -0.111124820030456 -0.067475564480519 0.607205
18.100000 -0.116124752694624 -0.069000832311496 0.594196
18.150000 -0.116602762916470 -0.067817403424316 0.581611
18.200000 -0.112399620870035 -0.063960593228184 0.569046
18.250000 -0.103812374029703 -0.057689038307577 0.555705
18.300000 -0.091427716026411 -0.049396893343978 0.540284
18.350000 -0.075996508062763 -0.039549805770178 0.520416
18.400000 -0.058341130401656 -0.028636986424543 0.490854
18.450000 -0.039288824795684 -0.017136723573775 0.436173
18.500000 -0.019625430075865 -0.005493532932336 0.279919
18.550000 -0.000064949432038  0.005896194637746 -90.7813
18.600000  0.018768749206725  0.016692260659481 0.889365
18.650000  0.036351081862518  0.026614115290129 0.732141
18.700000  0.052259135463125  0.035440704596972 0.678172
18.750000  0.066169193119026  0.043008030407981 0.649971
18.800000  0.077850895816605  0.049205035095042 0.632042
18.850000  0.087159209665660  0.053968458560750 0.619194
18.900000  0.094025099882438  0.057277197054082 0.609169
18.950000  0.098445595561902  0.059146429066522 0.600803
19.000000  0.100473754398419  0.059621868567426 0.593407
19.050000  0.100208896599735  0.058774061078279 0.586515
19.100000  0.097787366197023  0.056693071973500 0.579759
19.150000  0.093373990651541  0.053483521987315 0.572788
19.200000  0.087154341792550  0.049260179737437 0.565206
19.250000  0.079327849092455  0.044144041657237 0.556476
19.300000  0.070101777091022  0.038259142944626 0.545766
19.350000  0.059686049923753  0.031729883377215 0.531613
19.400000  0.048288885319240  0.024678779470915 0.511065
19.450000  0.036113186395655  0.017224646247802 0.476963
19.500000  0.023353630699107  0.009480668186008 0.405961
19.550000  0.010194391032326  0.001552851490480 0.152324
19.600000 -0.003192579220510 -0.006460745907317 2.02368
19.650000 -0.016648763121467 -0.014470173760480 0.869144
19.700000 -0.030029864289626 -0.022393442275173 0.745706
19.750000 -0.043206219527523 -0.030157091906018 0.69798
19.800000 -0.056062897308575 -0.037697098518055 0.672407
19.850000 -0.068499534901568 -0.044957259211592 0.656315
19.900000 -0.080429962094931 -0.051874723216510 0.644968
19.950000 -0.091781654608106 -0.058304694827770 0.635254
