0.000000 0.000001 0.000002 1.97851
0.012500 0.000025 0.000026 1.0178
0.025000 0.000113 0.000108 0.954467
0.037500 0.000300 0.000281 0.937377
0.050000 0.000618 0.000575 0.930518
0.062500 0.001094 0.001014 0.927153
0.075000 0.001750 0.001619 0.925286
0.087500 0.002604 0.002407 0.924159
0.100000 0.003673 0.003392 0.923428
0.112500 0.004969 0.004586 0.922923
0.125000 0.006499 0.005996 0.922557
0.137500 0.008272 0.007629 0.922282
0.150000 0.010291 0.009489 0.922071
0.162500 0.012558 0.011578 0.921905
0.175000 0.015073 0.013894 0.921774
0.187500 0.017834 0.016437 0.921669
0.200000 0.020837 0.019203 0.921584
0.212500 0.024077 0.022187 0.921514
0.225000 0.027547 0.025384 0.921456
0.237500 0.031241 0.028786 0.921407
0.250000 0.035150 0.032386 0.921366
0.262500 0.039265 0.036176 0.921332
0.275000 0.043574 0.040145 0.921302
0.287500 0.048068 0.044284 0.921277
0.300000 0.052735 0.048583 0.921255
0.312500 0.057564 0.053030 0.921236
0.325000 0.062542 0.057615 0.92122
0.337500 0.067656 0.062325 0.921205
0.350000 0.072895 0.067150 0.921193
0.362500 0.078245 0.072077 0.921182
0.375000 0.083693 0.077096 0.921172
0.387500 0.089227 0.082193 0.921163
0.400000 0.094834 0.087357 0.921155
0.412500 0.100502 0.092577 0.921147
0.425000 0.106217 0.097840 0.921141
0.437500 0.111967 0.103136 0.921135
0.450000 0.117739 0.108453 0.921129
0.462500 0.123523 0.113780 0.921124
0.475000 0.129306 0.119107 0.921119
0.487500 0.135077 0.124422 0.921115
0.500000 0.140825 0.129716 0.921111
0.512500 0.146539 0.134978 0.921108
0.525000 0.152208 0.140199 0.921104
0.537500 0.157822 0.145370 0.921101
0.550000 0.163373 0.150482 0.921098
0.562500 0.168849 0.155527 0.921096
0.575000 0.174244 0.160495 0.921093
0.587500 0.179547 0.165379 0.921091
0.600000 0.184752 0.170173 0.921089
0.612500 0.189849 0.174868 0.921087
0.625000 0.194833 0.179457 0.921085
0.637500 0.199695 0.183936 0.921084
0.650000 0.204430 0.188297 0.921082
0.662500 0.209032 0.192535 0.921081
0.675000 0.213494 0.196645 0.921079
0.687500 0.217812 0.200622 0.921078
0.700000 0.221980 0.204461 0.921077
0.712500 0.225995 0.208159 0.921076
0.725000 0.229852 0.211711 0.921075
0.737500 0.233547 0.215114 0.921074
0.750000 0.237077 0.218365 0.921074
0.762500 0.240438 0.221461 0.921073
0.775000 0.243629 0.224400 0.921072
0.787500 0.246647 0.227180 0.921072
0.800000 0.249490 0.229798 0.921071
0.812500 0.252156 0.232253 0.921071
0.825000 0.254643 0.234544 0.92107
0.837500 0.256952 0.236670 0.92107
0.850000 0.259080 0.238630 0.921069
0.862500 0.261028 0.240424 0.921069
0.875000 0.262795 0.242052 0.921068
0.887500 0.264381 0.243513 0.921068
0.900000 0.265787 0.244808 0.921068
0.912500 0.267013 0.245937 0.921068
0.925000 0.268060 0.246901 0.921067
0.937500 0.268928 0.247701 0.921067
0.950000 0.269620 0.248338 0.921067
0.962500 0.270137 0.248814 0.921067
0.975000 0.270479 0.249129 0.921067
0.987500 0.270649 0.249286 0.921066
1.000000 0.270649 0.249286 0.921066
1.012500 0.270481 0.249131 0.921066
1.025000 0.270148 0.248824 0.921066
1.037500 0.269650 0.248366 0.921066
1.050000 0.268992 0.247760 0.921065
1.062500 0.268176 0.247008 0.921065
1.075000 0.267205 0.246113 0.921065
1.087500 0.266080 0.245077 0.921065
1.100000 0.264807 0.243904 0.921065
1.112500 0.263387 0.242596 0.921064
1.125000 0.261824 0.241157 0.921064
1.137500 0.260121 0.239588 0.921064
1.150000 0.258281 0.237894 0.921064
1.162500 0.256309 0.236076 0.921063
1.175000 0.254206 0.234140 0.921063
1.187500 0.251978 0.232087 0.921063
1.200000 0.249626 0.229921 0.921063
1.212500 0.247156 0.227646 0.921062
1.225000 0.244570 0.225264 0.921062
1.237500 0.241873 0.222780 0.921062
1.250000 0.239067 0.220196 0.921061
1.262500 0.236158 0.217515 0.921061
1.275000 0.233147 0.214742 0.92106
1.287500 0.230040 0.211880 0.92106
1.300000 0.226839 0.208932 0.921059
1.312500 0.223549 0.205902 0.921059
1.325000 0.220173 0.202792 0.921058
1.337500 0.216715 0.199607 0.921057
1.350000 0.213178 0.196349 0.921057
1.362500 0.209567 0.193023 0.921056
1.375000 0.205884 0.189631 0.921055
1.387500 0.202135 0.186177 0.921055
1.400000 0.198321 0.182664 0.921054
1.412500 0.194446 0.179095 0.921053
1.425000 0.190515 0.175475 0.921052
1.437500 0.186531 0.171804 0.921051
1.450000 0.182496 0.168088 0.92105
1.462500 0.178415 0.164329 0.921049
1.475000 0.174291 0.160531 0.921048
1.487500 0.170127 0.156695 0.921046
1.500000 0.165927 0.152826 0.921045
1.512500 0.161693 0.148926 0.921044
1.525000 0.157428 0.144998 0.921042
1.537500 0.153137 0.141045 0.921041
1.550000 0.148821 0.137070 0.921039
1.562500 0.144485 0.133076 0.921037
1.575000 0.140130 0.129064 0.921035
1.587500 0.135760 0.125039 0.921034
1.600000 0.131377 0.121002 0.921032
1.612500 0.126985 0.116956 0.921029
1.625000 0.122585 0.112904 0.921027
1.637500 0.118181 0.108848 0.921025
1.650000 0.113776 0.104790 0.921022
1.662500 0.109371 0.100733 0.921019
1.675000 0.104969 0.096678 0.921016
1.687500 0.100573 0.092629 0.921013
1.700000 0.096185 0.088587 0.92101
1.712500 0.091806 0.084554 0.921006
1.725000 0.087441 0.080533 0.921002
1.737500 0.083089 0.076525 0.920997
1.750000 0.078754 0.072532 0.920992
1.762500 0.074438 0.068556 0.920987
1.775000 0.070142 0.064599 0.92098
1.787500 0.065869 0.060663 0.920974
1.800000 0.061619 0.056749 0.920966
1.812500 0.057396 0.052859 0.920957
1.825000 0.053200 0.048995 0.920947
1.837500 0.049034 0.045157 0.920935
1.850000 0.044898 0.041348 0.92092
1.862500 0.040795 0.037568 0.920903
1.875000 0.036726 0.033820 0.920883
1.887500 0.032692 0.030104 0.920857
1.900000 0.028694 0.026422 0.920823
1.912500 0.024735 0.022775 0.920779
1.925000 0.020814 0.019164 0.920718
1.937500 0.016934 0.015590 0.920629
1.950000 0.013095 0.012054 0.920488
1.962500 0.009299 0.008557 0.920232
1.975000 0.005546 0.005100 0.919628
1.987500 0.001837 0.001684 0.916586
2.000000 -0.001825 -0.001684 0.922824
2.012500 -0.005418 -0.004976 0.918581
2.025000 -0.008900 -0.008161 0.916957
2.037500 -0.012234 -0.011202 0.915638
2.050000 -0.015390 -0.014073 0.914437
2.062500 -0.018339 -0.016749 0.913292
2.075000 -0.021058 -0.019208 0.912171
2.087500 -0.023527 -0.021435 0.911058
2.100000 -0.025732 -0.023414 0.909938
2.112500 -0.027659 -0.025136 0.908802
2.125000 -0.029298 -0.026592 0.907637
2.137500 -0.030643 -0.027776 0.90643
2.150000 -0.031690 -0.028684 0.905166
2.162500 -0.032435 -0.029316 0.903827
2.175000 -0.032880 -0.029670 0.902394
2.187500 -0.033025 -0.029750 0.900843
2.200000 -0.032874 -0.029559 0.899146
2.212500 -0.032433 -0.029101 0.897265
2.225000 -0.031707 -0.028382 0.895154
2.237500 -0.030703 -0.027410 0.892753
2.250000 -0.029430 -0.026192 0.889978
2.262500 -0.027898 -0.024738 0.886716
2.275000 -0.026116 -0.023055 0.882804
2.287500 -0.024096 -0.021156 0.878001
2.300000 -0.021848 -0.019050 0.871931
2.312500 -0.019385 -0.016748 0.863978
2.325000 -0.016718 -0.014262 0.853056
2.337500 -0.013862 -0.011603 0.83705
2.350000 -0.010827 -0.008783 0.811213
2.362500 -0.007627 -0.005814 0.762257
2.375000 -0.004275 -0.002708 0.633312
2.387500 -0.000785 0.000523 -0.666715
2.400000 0.002831 0.003867 1.36603
2.412500 0.006560 0.007312 1.1147
2.425000 0.010389 0.010847 1.04408
2.437500 0.014305 0.014459 1.01075
2.450000 0.018295 0.018137 0.991318
2.462500 0.022348 0.021869 0.978565
2.475000 0.026451 0.025646 0.969538
2.487500 0.030593 0.029455 0.962802
2.500000 0.034761 0.033287 0.957575
2.512500 0.038945 0.037130 0.953395
2.525000 0.043135 0.040977 0.94997
2.537500 0.047318 0.044815 0.947109
2.550000 0.051486 0.048638 0.944681
2.562500 0.055628 0.052434 0.94259
2.575000 0.059735 0.056197 0.940769
2.587500 0.063799 0.059918 0.939167
2.600000 0.067810 0.063588 0.937744
2.612500 0.071760 0.067201 0.936471
2.625000 0.075642 0.070749 0.935323
2.637500 0.079447 0.074226 0.934282
2.650000 0.083170 0.077626 0.933332
2.662500 0.086804 0.080941 0.932462
2.675000 0.090341 0.084167 0.931659
2.687500 0.093777 0.087299 0.930916
2.700000 0.097106 0.090331 0.930226
2.712500 0.100323 0.093258 0.929582
2.725000 0.103423 0.096078 0.928978
2.737500 0.106402 0.098785 0.928412
2.750000 0.109255 0.101376 0.927878
2.762500 0.111981 0.103848 0.927373
2.775000 0.114574 0.106198 0.926895
2.787500 0.117032 0.108423 0.92644
2.800000 0.119353 0.110521 0.926006
2.812500 0.121534 0.112491 0.925592
2.825000 0.123573 0.114329 0.925196
2.837500 0.125469 0.116036 0.924815
2.850000 0.127220 0.117608 0.924449
2.862500 0.128825 0.119047 0.924095
2.875000 0.130284 0.120351 0.923754
2.887500 0.131596 0.121518 0.923423
2.900000 0.132760 0.122551 0.923102
2.912500 0.133776 0.123447 0.92279
2.925000 0.134645 0.124208 0.922486
2.937500 0.135367 0.124834 0.922189
2.950000 0.135943 0.125325 0.921898
2.962500 0.136373 0.125683 0.921613
2.975000 0.136658 0.125908 0.921333
2.987500 0.136800 0.126001 0.921058
3.000000 0.136800 0.125964 0.920786
3.012500 0.136660 0.125798 0.920517
3.025000 0.136381 0.125504 0.920251
3.037500 0.135965 0.125086 0.919986
3.050000 0.135413 0.124543 0.919724
3.062500 0.134729 0.123878 0.919462
3.075000 0.133915 0.123094 0.9192
3.087500 0.132972 0.122193 0.918938
3.100000 0.131903 0.121176 0.918676
3.112500 0.130711 0.120046 0.918412
3.125000 0.129398 0.118806 0.918146
3.137500 0.127967 0.117458 0.917877
3.150000 0.126422 0.116005 0.917605
3.162500 0.124764 0.114449 0.917329
3.175000 0.122996 0.112794 0.917049
3.187500 0.121123 0.111041 0.916763
3.200000 0.119146 0.109193 0.91647
3.212500 0.117068 0.107255 0.916171
3.225000 0.114894 0.105227 0.915863
3.237500 0.112626 0.103114 0.915546
3.250000 0.110267 0.100919 0.915218
3.262500 0.107821 0.098643 0.914879
3.275000 0.105290 0.096291 0.914527
3.287500 0.102678 0.093864 0.914159
3.300000 0.099989 0.091367 0.913775
3.312500 0.097225 0.088802 0.913373
3.325000 0.094389 0.086172 0.912949
3.337500 0.091486 0.083481 0.912501
3.350000 0.088517 0.080730 0.912027
3.362500 0.085487 0.077923 0.911522
3.375000 0.082398 0.075064 0.910982
3.387500 0.079255 0.072154 0.910403
3.400000 0.076059 0.069197 0.909779
3.412500 0.072814 0.066195 0.909102
3.425000 0.069523 0.063153 0.908365
3.437500 0.066190 0.060071 0.907558
3.450000 0.062817 0.056954 0.906667
3.462500 0.059407 0.053803 0.905679
3.475000 0.055963 0.050623 0.904573
3.487500 0.052488 0.047414 0.903325
3.500000 0.048986 0.044181 0.901904
3.512500 0.045458 0.040925 0.900268
3.525000 0.041908 0.037649 0.898361
3.537500 0.038339 0.034356 0.896106
3.550000 0.034752 0.031048 0.893393
3.562500 0.031152 0.027727 0.890062
3.575000 0.027540 0.024396 0.885869
3.587500 0.023918 0.021058 0.880421
3.600000 0.020290 0.017714 0.873043
3.612500 0.016658 0.014367 0.862474
3.625000 0.013024 0.011019 0.846045
3.637500 0.009391 0.007672 0.816967
3.650000 0.005761 0.004328 0.751373
3.662500 0.002135 0.000990 0.463524
3.675000 -0.001483 -0.002342 1.57897
3.687500 -0.005092 -0.005664 1.11236
3.700000 -0.008690 -0.008976 1.03291
3.712500 -0.012274 -0.012274 1.00003
3.725000 -0.015843 -0.015558 0.982046
3.737500 -0.019395 -0.018826 0.970692
3.750000 -0.022927 -0.022076 0.962868
3.762500 -0.026439 -0.025306 0.957145
3.775000 -0.029929 -0.028516 0.952773
3.787500 -0.033395 -0.031702 0.949323
3.800000 -0.036835 -0.034865 0.946528
3.812500 -0.040247 -0.038002 0.944217
3.825000 -0.043632 -0.041113 0.942273
3.837500 -0.046986 -0.044195 0.940613
3.850000 -0.050308 -0.047248 0.93918
3.862500 -0.053598 -0.050271 0.937928
3.875000 -0.056854 -0.053262 0.936826
3.887500 -0.060074 -0.056220 0.935847
3.900000 -0.063259 -0.059145 0.934971
3.912500 -0.066405 -0.062035 0.934183
3.925000 -0.069514 -0.064889 0.93347
3.937500 -0.072582 -0.067706 0.932822
3.950000 -0.075611 -0.070486 0.93223
3.962500 -0.078597 -0.073228 0.931688
3.975000 -0.081542 -0.075931 0.931189
3.987500 -0.084444 -0.078593 0.930709
4.000000 -0.087301 -0.081201 0.930129
4.012500 -0.090090 -0.083728 0.929375
4.025000 -0.092771 -0.086139 0.928518
4.037500 -0.095306 -0.088404 0.927577
4.050000 -0.097665 -0.090494 0.926575
4.062500 -0.099819 -0.092385 0.92553
4.075000 -0.101745 -0.094059 0.924455
4.087500 -0.103425 -0.095498 0.92336
4.100000 -0.104842 -0.096691 0.922251
4.112500 -0.105984 -0.097626 0.921134
4.125000 -0.106842 -0.098296 0.920013
4.137500 -0.107409 -0.098697 0.918888
4.150000 -0.107680 -0.098825 0.91776
4.162500 -0.107654 -0.098678 0.916626
4.175000 -0.107330 -0.098259 0.915486
4.187500 -0.106710 -0.097569 0.914336
4.200000 -0.105798 -0.096612 0.913172
4.212500 -0.104598 -0.095393 0.911991
4.225000 -0.103118 -0.093918 0.910787
4.237500 -0.101364 -0.092196 0.909555
4.250000 -0.099345 -0.090233 0.908287
4.262500 -0.097070 -0.088040 0.906977
4.275000 -0.094550 -0.085625 0.905615
4.287500 -0.091795 -0.083000 0.90419
4.300000 -0.088817 -0.080174 0.90269
4.312500 -0.085628 -0.077159 0.9011
4.325000 -0.082240 -0.073967 0.899401
4.337500 -0.078666 -0.070608 0.897573
4.350000 -0.074918 -0.067096 0.895588
4.362500 -0.071010 -0.063441 0.893413
4.375000 -0.066955 -0.059657 0.891004
4.387500 -0.062765 -0.055755 0.888307
4.400000 -0.058454 -0.051747 0.885247
4.412500 -0.054036 -0.047645 0.881727
4.425000 -0.049522 -0.043461 0.877609
4.437500 -0.044925 -0.039206 0.872699
4.450000 -0.040259 -0.034893 0.866711
4.462500 -0.035536 -0.030532 0.8592
4.475000 -0.030767 -0.026135 0.849449
4.487500 -0.025964 -0.021712 0.836205
4.500000 -0.021140 -0.017273 0.817071
4.512500 -0.016305 -0.012829 0.786822
4.525000 -0.011470 -0.008390 0.731468
4.537500 -0.006645 -0.003965 0.596609
4.550000 -0.001841 0.000437 -0.237477
4.562500 0.002932 0.004807 1.63951
4.575000 0.007665 0.009136 1.19186
4.587500 0.012349 0.013416 1.08636
4.600000 0.016976 0.017640 1.03908
4.612500 0.021537 0.021799 1.01217
4.625000 0.026024 0.025888 0.994759
4.637500 0.030430 0.029899 0.982533
4.650000 0.034749 0.033826 0.973452
4.662500 0.038972 0.037663 0.966422
4.675000 0.043095 0.041405 0.960803
4.687500 0.047110 0.045047 0.956197
4.700000 0.051014 0.048583 0.952342
4.712500 0.054800 0.052009 0.94906
4.725000 0.058465 0.055321 0.946225
4.737500 0.062003 0.058515 0.943745
4.750000 0.065411 0.061588 0.941551
4.762500 0.068685 0.064536 0.939591
4.775000 0.071822 0.067357 0.937827
4.787500 0.074819 0.070047 0.936225
4.800000 0.077673 0.072606 0.93476
4.812500 0.080383 0.075031 0.933413
4.825000 0.082946 0.077319 0.932167
4.837500 0.085360 0.079471 0.931007
4.850000 0.087625 0.081484 0.929922
4.862500 0.089738 0.083358 0.928903
4.875000 0.091700 0.085093 0.927941
4.887500 0.093510 0.086687 0.92703
4.900000 0.095167 0.088141 0.926163
4.912500 0.096672 0.089454 0.925334
4.925000 0.098025 0.090628 0.92454
4.937500 0.099225 0.091662 0.923775
4.950000 0.100274 0.092557 0.923037
4.962500 0.101173 0.093314 0.922322
4.975000 0.101922 0.093934 0.921627
4.987500 0.102523 0.094418 0.92095
5.000000 0.102977 0.094768 0.920287
5.012500 0.103286 0.094985 0.919636
5.025000 0.103451 0.095071 0.918996
5.037500 0.103474 0.095027 0.918364
5.050000 0.103358 0.094856 0.917738
5.062500 0.103104 0.094559 0.917117
5.075000 0.102715 0.094138 0.916497
5.087500 0.102193 0.093596 0.915879
5.100000 0.101540 0.092936 0.915258
5.112500 0.100760 0.092158 0.914635
5.125000 0.099854 0.091267 0.914006
5.137500 0.098826 0.090265 0.91337
5.150000 0.097678 0.089153 0.912725
5.162500 0.096413 0.087936 0.912068
5.175000 0.095035 0.086615 0.911398
5.187500 0.093546 0.085193 0.910711
5.200000 0.091949 0.083674 0.910005
5.212500 0.090248 0.082060 0.909277
5.225000 0.088445 0.080354 0.908524
5.237500 0.086544 0.078560 0.907741
5.250000 0.084548 0.076679 0.906927
5.262500 0.082460 0.074715 0.906074
5.275000 0.080284 0.072671 0.905179
5.287500 0.078023 0.070551 0.904236
5.300000 0.075679 0.068356 0.903237
5.312500 0.073257 0.066091 0.902175
5.325000 0.070759 0.063757 0.901041
5.337500 0.068190 0.061359 0.899824
5.350000 0.065551 0.058898 0.898511
5.362500 0.062847 0.056379 0.897087
5.375000 0.060080 0.053804 0.895533
5.387500 0.057254 0.051175 0.893827
5.400000 0.054373 0.048497 0.891942
5.412500 0.051438 0.045772 0.889842
5.425000 0.048454 0.043002 0.887483
5.437500 0.045423 0.040191 0.88481
5.450000 0.042348 0.037341 0.881746
5.462500 0.039234 0.034455 0.878195
5.475000 0.036081 0.031536 0.874021
5.487500 0.032895 0.028587 0.869034
5.500000 0.029676 0.025610 0.86296
5.512500 0.026429 0.022607 0.855387
5.525000 0.023156 0.019583 0.845665
5.537500 0.019860 0.016538 0.832703
5.550000 0.016544 0.013476 0.814526
5.562500 0.013210 0.010398 0.787149
5.575000 0.009861 0.007308 0.741133
5.587500 0.006499 0.004208 0.647443
5.600000 0.003128 0.001100 0.351574
5.612500 -0.000251 -0.002014 8.02453
5.625000 -0.003635 -0.005132 1.41181
5.637500 -0.007022 -0.008251 1.17507
5.650000 -0.010409 -0.011369 1.09228
5.662500 -0.013794 -0.014485 1.05009
5.675000 -0.017175 -0.017596 1.02449
5.687500 -0.020550 -0.020700 1.0073
5.700000 -0.023917 -0.023796 0.994936
5.712500 -0.027274 -0.026881 0.985618
5.725000 -0.030618 -0.029955 0.978335
5.737500 -0.033948 -0.033014 0.972483
5.750000 -0.037262 -0.036057 0.967674
5.762500 -0.040558 -0.039084 0.963649
5.775000 -0.043835 -0.042092 0.960229
5.787500 -0.047091 -0.045079 0.957284
5.800000 -0.050323 -0.048045 0.954721
5.812500 -0.053532 -0.050987 0.952468
5.825000 -0.056714 -0.053905 0.950472
5.837500 -0.059869 -0.056797 0.948689
5.850000 -0.062996 -0.059662 0.947086
5.862500 -0.066092 -0.062499 0.945638
5.875000 -0.069157 -0.065306 0.944321
5.887500 -0.072189 -0.068083 0.943119
5.900000 -0.075188 -0.070828 0.942016
5.912500 -0.078152 -0.073541 0.941002
5.925000 -0.081079 -0.076220 0.940065
5.937500 -0.083970 -0.078865 0.939197
5.950000 -0.086823 -0.081474 0.938391
5.962500 -0.089637 -0.084047 0.937642
5.975000 -0.092411 -0.086583 0.936938
5.987500 -0.095144 -0.089077 0.936231
6.000000 -0.097835 -0.091513 0.935377
6.012500 -0.100461 -0.093861 0.934304
6.025000 -0.102981 -0.096089 0.93308
6.037500 -0.105357 -0.098165 0.931738
6.050000 -0.107559 -0.100063 0.93031
6.062500 -0.109558 -0.101760 0.928819
6.075000 -0.111332 -0.103237 0.927283
6.087500 -0.112862 -0.104478 0.925717
6.100000 -0.114131 -0.105472 0.924131
6.112500 -0.115128 -0.106209 0.922534
6.125000 -0.115842 -0.106682 0.920929
6.137500 -0.116267 -0.106887 0.919319
6.150000 -0.116399 -0.106819 0.917704
6.162500 -0.116235 -0.106481 0.916083
6.175000 -0.115775 -0.105871 0.914455
6.187500 -0.115021 -0.104993 0.912815
6.200000 -0.113978 -0.103852 0.911159
6.212500 -0.112648 -0.102452 0.909482
6.225000 -0.111040 -0.100800 0.907778
6.237500 -0.109160 -0.098903 0.90604
6.250000 -0.107016 -0.096770 0.90426
6.262500 -0.104619 -0.094411 0.902426
6.275000 -0.101978 -0.091834 0.90053
6.287500 -0.099105 -0.089051 0.898556
6.300000 -0.096010 -0.086072 0.896491
6.312500 -0.092705 -0.082908 0.894316
6.325000 -0.089204 -0.079571 0.89201
6.337500 -0.085518 -0.076072 0.889547
6.350000 -0.081660 -0.072424 0.886895
6.362500 -0.077643 -0.068638 0.884016
6.375000 -0.073481 -0.064726 0.880861
6.387500 -0.069186 -0.060702 0.877369
6.400000 -0.064771 -0.056575 0.87346
6.412500 -0.060250 -0.052359 0.86903
6.425000 -0.055636 -0.048066 0.863935
6.437500 -0.050940 -0.043706 0.857982
6.450000 -0.046177 -0.039291 0.850892
6.462500 -0.041357 -0.034833 0.842256
6.475000 -0.036493 -0.030342 0.831447
6.487500 -0.031597 -0.025829 0.817448
6.500000 -0.026681 -0.021305 0.798495
6.512500 -0.021755 -0.016778 0.771241
6.525000 -0.016831 -0.012261 0.728458
6.537500 -0.011919 -0.007760 0.651113
6.550000 -0.007028 -0.003287 0.467647
6.562500 -0.002170 0.001151 -0.530551
6.575000 0.002647 0.005546 2.09499
6.587500 0.007414 0.009888 1.33371
6.600000 0.012122 0.014171 1.16904
6.612500 0.016763 0.018387 1.0969
6.625000 0.021329 0.022529 1.05629
6.637500 0.025813 0.026592 1.03018
6.650000 0.030207 0.030567 1.01193
6.662500 0.034506 0.034451 0.998408
6.675000 0.038702 0.038237 0.987967
6.687500 0.042791 0.041919 0.979636
6.700000 0.046766 0.045495 0.972816
6.712500 0.050623 0.048958 0.967114
6.725000 0.054357 0.052306 0.962263
6.737500 0.057964 0.055534 0.958076
6.750000 0.061439 0.058638 0.954414
6.762500 0.064779 0.061617 0.951177
6.775000 0.067982 0.064466 0.948287
6.787500 0.071043 0.067184 0.945684
6.800000 0.073960 0.069768 0.943322
6.812500 0.076732 0.072218 0.941163
6.825000 0.079356 0.074530 0.939176
6.837500 0.081831 0.076703 0.937338
6.850000 0.084155 0.078738 0.935628
6.862500 0.086327 0.080632 0.934028
6.875000 0.088346 0.082385 0.932524
6.887500 0.090213 0.083997 0.931105
6.900000 0.091925 0.085469 0.92976
6.912500 0.093485 0.086799 0.928479
6.925000 0.094891 0.087988 0.927254
6.937500 0.096145 0.089038 0.92608
6.950000 0.097246 0.089947 0.924949
6.962500 0.098196 0.090719 0.923857
6.975000 0.098995 0.091353 0.922798
6.987500 0.099646 0.091850 0.921768
7.000000 0.100149 0.092213 0.920763
7.012500 0.100506 0.092443 0.919778
7.025000 0.100718 0.092541 0.918811
7.037500 0.100788 0.092510 0.917859
7.050000 0.100718 0.092350 0.916917
7.062500 0.100509 0.092065 0.915984
7.075000 0.100164 0.091656 0.915055
7.087500 0.099686 0.091126 0.914129
7.100000 0.099076 0.090477 0.913202
7.112500 0.098338 0.089711 0.912271
7.125000 0.097474 0.088831 0.911333
7.137500 0.096486 0.087840 0.910386
7.150000 0.095379 0.086740 0.909427
7.162500 0.094154 0.085534 0.908451
7.175000 0.092814 0.084225 0.907455
7.187500 0.091363 0.082815 0.906436
7.200000 0.089804 0.081308 0.905389
7.212500 0.088140 0.079706 0.904311
7.225000 0.086374 0.078012 0.903195
7.237500 0.084508 0.076230 0.902037
7.250000 0.082548 0.074361 0.900831
7.262500 0.080494 0.072410 0.899569
7.275000 0.078352 0.070379 0.898244
7.287500 0.076124 0.068272 0.896848
7.300000 0.073814 0.066090 0.895368
7.312500 0.071424 0.063838 0.893795
7.325000 0.068958 0.061519 0.892114
7.337500 0.066420 0.059134 0.890309
7.350000 0.063812 0.056688 0.888359
7.362500 0.061138 0.054183 0.886242
7.375000 0.058401 0.051623 0.88393
7.387500 0.055605 0.049009 0.881387
7.400000 0.052752 0.046346 0.87857
7.412500 0.049845 0.043636 0.875427
7.425000 0.046889 0.040882 0.871887
7.437500 0.043886 0.038087 0.867862
7.450000 0.040838 0.035253 0.863234
7.462500 0.037750 0.032384 0.857846
7.475000 0.034624 0.029481 0.85148
7.487500 0.031462 0.026549 0.843829
7.500000 0.028269 0.023589 0.83444
7.512500 0.025047 0.020604 0.822624
7.525000 0.021799 0.017597 0.807268
7.537500 0.018526 0.014570 0.786465
7.550000 0.015234 0.011526 0.756634
7.562500 0.011923 0.008467 0.710181
7.575000 0.008596 0.005396 0.627689
7.587500 0.005257 0.002314 0.440214
7.600000 0.001908 -0.000775 -0.406359
7.612500 -0.001450 -0.003870 2.66929
7.625000 -0.004813 -0.006968 1.44794
7.637500 -0.008179 -0.010068 1.23103
7.650000 -0.011545 -0.013167 1.14046
7.662500 -0.014910 -0.016263 1.0907
7.675000 -0.018272 -0.019354 1.05921
7.687500 -0.021627 -0.022438 1.03748
7.700000 -0.024975 -0.025513 1.02156
7.712500 -0.028312 -0.028578 1.00939
7.725000 -0.031638 -0.031631 0.999769
7.737500 -0.034950 -0.034670 0.991974
7.750000 -0.038246 -0.037693 0.985523
7.762500 -0.041525 -0.040698 0.980091
7.775000 -0.044785 -0.043685 0.975452
7.787500 -0.048023 -0.046652 0.971442
7.800000 -0.051239 -0.049596 0.967937
7.812500 -0.054431 -0.052518 0.964847
7.825000 -0.057598 -0.055415 0.962099
7.837500 -0.060737 -0.058286 0.95964
7.850000 -0.063848 -0.061129 0.957424
7.862500 -0.066929 -0.063945 0.955415
7.875000 -0.069979 -0.066731 0.953586
7.887500 -0.072996 -0.069486 0.951913
7.900000 -0.075980 -0.072210 0.950376
7.912500 -0.078930 -0.074901 0.948959
7.925000 -0.081844 -0.077559 0.947649
7.937500 -0.084721 -0.080183 0.946435
7.950000 -0.087560 -0.082771 0.945307
7.962500 -0.090360 -0.085323 0.944257
7.975000 -0.093121 -0.087838 0.94326
7.987500 -0.095842 -0.090306 0.942237
8.000000 -0.098521 -0.092709 0.941013
8.012500 -0.101134 -0.095017 0.939517
8.025000 -0.103641 -0.097197 0.937824
8.037500 -0.106006 -0.099219 0.935982
8.050000 -0.108196 -0.101058 0.934031
8.062500 -0.110183 -0.102691 0.932002
8.075000 -0.111946 -0.104101 0.929919
8.087500 -0.113465 -0.105273 0.9278
8.100000 -0.114723 -0.106195 0.92566
8.112500 -0.115709 -0.106858 0.923506
8.125000 -0.116413 -0.107256 0.921347
8.137500 -0.116827 -0.107386 0.919183
8.150000 -0.116949 -0.107244 0.917015
8.162500 -0.116775 -0.106830 0.914842
8.175000 -0.116305 -0.106147 0.91266
8.187500 -0.115542 -0.105197 0.910464
8.200000 -0.114489 -0.103984 0.908249
8.212500 -0.113150 -0.102515 0.906007
8.225000 -0.111532 -0.100795 0.903731
8.237500 -0.109643 -0.098834 0.901411
8.250000 -0.107491 -0.096638 0.899035
8.262500 -0.105085 -0.094218 0.896591
8.275000 -0.102436 -0.091584 0.894063
8.287500 -0.099554 -0.088746 0.891435
8.300000 -0.096451 -0.085714 0.888687
8.312500 -0.093138 -0.082501 0.885793
8.325000 -0.089629 -0.079118 0.882727
8.337500 -0.085935 -0.075576 0.879453
8.350000 -0.082069 -0.071887 0.875932
8.362500 -0.078045 -0.068064 0.872111
8.375000 -0.073875 -0.064118 0.867926
8.387500 -0.069573 -0.060062 0.863298
8.400000 -0.065152 -0.055908 0.858121
8.412500 -0.060624 -0.051667 0.852256
8.425000 -0.056002 -0.047351 0.84552
8.437500 -0.051300 -0.042972 0.837656
8.450000 -0.046529 -0.038540 0.828301
8.462500 -0.041703 -0.034068 0.816924
8.475000 -0.036833 -0.029566 0.802709
8.487500 -0.031931 -0.025045 0.78434
8.500000 -0.027008 -0.020514 0.759548
8.512500 -0.022077 -0.015984 0.72405
8.525000 -0.017146 -0.011465 0.668685
8.537500 -0.012228 -0.006966 0.569698
8.550000 -0.007332 -0.002496 0.340438
8.562500 -0.002468 0.001936 -0.784552
8.575000 0.002354 0.006323 2.68574
8.587500 0.007127 0.010656 1.49527
8.600000 0.011840 0.014928 1.2608
8.612500 0.016486 0.019131 1.16043
8.625000 0.021057 0.023259 1.10454
8.637500 0.025546 0.027304 1.06883
8.650000 0.029945 0.031262 1.04398
8.662500 0.034249 0.035127 1.02563
8.675000 0.038450 0.038892 1.01149
8.687500 0.042544 0.042553 1.00023
8.700000 0.046524 0.046106 0.99102
8.712500 0.050385 0.049545 0.983334
8.725000 0.054123 0.052868 0.976804
8.737500 0.057734 0.056070 0.971171
8.750000 0.061214 0.059148 0.966251
8.762500 0.064559 0.062099 0.961904
8.775000 0.067765 0.064921 0.958026
8.787500 0.070830 0.067610 0.954537
8.800000 0.073752 0.070165 0.951372
8.812500 0.076528 0.072585 0.948482
8.825000 0.079155 0.074867 0.945824
8.837500 0.081634 0.077011 0.943366
8.850000 0.083961 0.079014 0.941081
8.862500 0.086137 0.080878 0.938944
8.875000 0.088160 0.082601 0.936938
8.887500 0.090030 0.084182 0.935045
8.900000 0.091746 0.085622 0.933251
8.912500 0.093309 0.086922 0.931545
8.925000 0.094719 0.088080 0.929915
8.937500 0.095975 0.089099 0.928353
8.950000 0.097080 0.089978 0.92685
8.962500 0.098033 0.090719 0.925399
8.975000 0.098835 0.091323 0.923993
8.987500 0.099489 0.091791 0.922626
9.000000 0.099995 0.092125 0.921294
9.012500 0.100355 0.092325 0.91999
9.025000 0.100570 0.092395 0.91871
9.037500 0.100643 0.092335 0.91745
9.050000 0.100575 0.092148 0.916205
9.062500 0.100369 0.091835 0.914972
9.075000 0.100027 0.091399 0.913747
9.087500 0.099551 0.090843 0.912525
9.100000 0.098944 0.090168 0.911303
9.112500 0.098208 0.089377 0.910078
9.125000 0.097347 0.088473 0.908844
9.137500 0.096362 0.087458 0.907599
9.150000 0.095256 0.086335 0.906338
9.162500 0.094034 0.085106 0.905057
9.175000 0.092697 0.083775 0.903751
9.187500 0.091248 0.082343 0.902415
9.200000 0.089691 0.080815 0.901044
9.212500 0.088029 0.079193 0.899632
9.225000 0.086264 0.077480 0.898172
9.237500 0.084401 0.075679 0.896658
9.250000 0.082443 0.073793 0.895082
9.262500 0.080391 0.071825 0.893434
9.275000 0.078251 0.069777 0.891705
9.287500 0.076025 0.067653 0.889883
9.300000 0.073716 0.065457 0.887955
9.312500 0.071329 0.063190 0.885904
9.325000 0.068865 0.060857 0.883714
9.337500 0.066328 0.058459 0.881363
9.350000 0.063722 0.056000 0.878825
9.362500 0.061050 0.053484 0.87607
9.375000 0.058315 0.050912 0.873061
9.387500 0.055520 0.048288 0.869753
9.400000 0.052668 0.045616 0.866091
9.412500 0.049764 0.042896 0.862003
9.425000 0.046809 0.040134 0.8574
9.437500 0.043807 0.037331 0.852167
9.450000 0.040761 0.034490 0.84615
9.462500 0.037674 0.031614 0.839145
9.475000 0.034549 0.028706 0.830868
9.487500 0.031390 0.025768 0.820917
9.500000 0.028198 0.022804 0.808704
9.512500 0.024977 0.019815 0.793327
9.525000 0.021730 0.016804 0.773334
9.537500 0.018459 0.013775 0.746227
9.550000 0.015168 0.010728 0.707311
9.562500 0.011858 0.007667 0.646607
9.575000 0.008533 0.004595 0.538477
9.587500 0.005195 0.001512 0.291146
9.600000 0.001846 -0.001577 -0.854144
9.612500 -0.001510 -0.004672 3.09434
9.625000 -0.004871 -0.007769 1.59487
9.637500 -0.008236 -0.010868 1.31949
9.650000 -0.011602 -0.013965 1.20366
9.662500 -0.014966 -0.017058 1.13982
9.675000 -0.018326 -0.020146 1.09933
9.687500 -0.021681 -0.023227 1.07135
9.700000 -0.025027 -0.026299 1.05084
9.712500 -0.028364 -0.029360 1.03514
9.725000 -0.031688 -0.032409 1.02273
9.737500 -0.034999 -0.035443 1.01267
9.750000 -0.038295 -0.038461 1.00434
9.762500 -0.041572 -0.041461 0.997318
9.775000 -0.044831 -0.044442 0.991322
9.787500 -0.048069 -0.047402 0.986137
9.800000 -0.051284 -0.050341 0.981605
9.812500 -0.054475 -0.053255 0.977608
9.825000 -0.057641 -0.056145 0.974053
9.837500 -0.060779 -0.059009 0.97087
9.850000 -0.063889 -0.061845 0.968
9.862500 -0.066969 -0.064652 0.965399
9.875000 -0.070018 -0.067430 0.96303
9.887500 -0.073035 -0.070177 0.960861
9.900000 -0.076019 -0.072892 0.958869
9.912500 -0.078967 -0.075574 0.957032
9.925000 -0.081880 -0.078223 0.955334
9.937500 -0.084757 -0.080837 0.95376
9.950000 -0.087595 -0.083417 0.952299
9.962500 -0.090395 -0.085960 0.950936
9.975000 -0.093155 -0.088463 0.949626
9.987500 -0.095875 -0.090915 0.948262
10.000000 -0.098553 -0.093295 0.946642
10.012500 -0.101166 -0.095571 0.944697
10.025000 -0.103673 -0.097713 0.942513
10.037500 -0.106037 -0.099690 0.940151
10.050000 -0.108226 -0.101479 0.93766
10.062500 -0.110213 -0.103058 0.935078
10.075000 -0.111975 -0.104410 0.932435
10.087500 -0.113493 -0.105521 0.929752
10.100000 -0.114751 -0.106380 0.927046
10.112500 -0.115736 -0.106978 0.924329
10.125000 -0.116439 -0.107311 0.921607
10.137500 -0.116854 -0.107375 0.918883
10.150000 -0.116974 -0.107167 0.916156
10.162500 -0.116800 -0.106688 0.913425
10.175000 -0.116330 -0.105940 0.910684
10.187500 -0.115566 -0.104926 0.907928
10.200000 -0.114512 -0.103651 0.905149
10.212500 -0.113173 -0.102121 0.902338
10.225000 -0.111555 -0.100342 0.899486
10.237500 -0.109666 -0.098324 0.896578
10.250000 -0.107513 -0.096074 0.893603
10.262500 -0.105107 -0.093602 0.890543
10.275000 -0.102457 -0.090918 0.887379
10.287500 -0.099574 -0.088033 0.88409
10.300000 -0.096471 -0.084957 0.880651
10.312500 -0.093158 -0.081702 0.877031
10.325000 -0.089648 -0.078280 0.873195
10.337500 -0.085954 -0.074703 0.869101
10.350000 -0.082088 -0.070981 0.864697
10.362500 -0.078063 -0.067128 0.859918
10.375000 -0.073893 -0.063156 0.854686
10.387500 -0.069591 -0.059076 0.848899
10.400000 -0.065169 -0.054900 0.842426
10.412500 -0.060640 -0.050640 0.835093
10.425000 -0.056019 -0.046309 0.82667
10.437500 -0.051316 -0.041917 0.816838
10.450000 -0.046545 -0.037476 0.805142
10.462500 -0.041719 -0.032996 0.790918
10.475000 -0.036848 -0.028489 0.773146
10.487500 -0.031946 -0.023965 0.750182
10.500000 -0.027023 -0.019435 0.719191
10.512500 -0.022091 -0.014908 0.674825
10.525000 -0.017160 -0.010393 0.605646
10.537500 -0.012242 -0.005901 0.482019
10.550000 -0.007346 -0.001440 0.195981
10.562500 -0.002482 0.002982 -1.20166
10.575000 0.002341 0.007356 3.14187
10.587500 0.007114 0.011674 1.64108
10.600000 0.011827 0.015929 1.34683
10.612500 0.016474 0.020114 1.221
10.625000 0.021045 0.024222 1.15098
10.637500 0.025534 0.028247 1.10625
10.650000 0.029934 0.032183 1.07513
10.662500 0.034238 0.036023 1.05216
10.675000 0.038439 0.039764 1.03445
10.687500 0.042533 0.043399 1.02036
10.700000 0.046513 0.046924 1.00884
10.712500 0.050375 0.050336 0.999227
10.725000 0.054113 0.053629 0.991058
10.737500 0.057724 0.056801 0.984013
10.750000 0.061204 0.059849 0.977861
10.762500 0.064549 0.062769 0.972426
10.775000 0.067755 0.065559 0.96758
10.787500 0.070821 0.068216 0.963219
10.800000 0.073743 0.070739 0.959265
10.812500 0.076519 0.073125 0.955654
10.825000 0.079147 0.075374 0.952335
10.837500 0.081625 0.077484 0.949267
10.850000 0.083953 0.079454 0.946414
10.862500 0.086129 0.081284 0.943748
10.875000 0.088152 0.082973 0.941245
10.887500 0.090022 0.084520 0.938884
10.900000 0.091738 0.085927 0.936648
10.912500 0.093301 0.087192 0.934521
10.925000 0.094711 0.088317 0.932491
10.937500 0.095968 0.089302 0.930545
10.950000 0.097072 0.090149 0.928674
10.962500 0.098026 0.090857 0.926867
10.975000 0.098829 0.091428 0.925118
10.987500 0.099482 0.091864 0.923418
11.000000 0.099988 0.092165 0.92176
11.012500 0.100348 0.092334 0.92014
11.025000 0.100564 0.092373 0.918549
11.037500 0.100637 0.092282 0.916984
11.050000 0.100569 0.092065 0.915439
11.062500 0.100363 0.091723 0.913909
11.075000 0.100021 0.091258 0.912388
11.087500 0.099545 0.090673 0.910873
11.100000 0.098938 0.089971 0.909359
11.112500 0.098203 0.089152 0.90784
11.125000 0.097341 0.088222 0.906312
11.137500 0.096356 0.087180 0.904771
11.150000 0.095251 0.086032 0.90321
11.162500 0.094029 0.084779 0.901625
11.175000 0.092692 0.083423 0.90001
11.187500 0.091243 0.081969 0.898358
11.200000 0.089686 0.080418 0.896664
11.212500 0.088024 0.078774 0.89492
11.225000 0.086260 0.077040 0.893118
11.237500 0.084397 0.075219 0.89125
11.250000 0.082438 0.073313 0.889305
11.262500 0.080387 0.071325 0.887273
11.275000 0.078247 0.069260 0.885142
11.287500 0.076021 0.067119 0.882896
11.300000 0.073712 0.064905 0.880521
11.312500 0.071325 0.062623 0.877996
11.325000 0.068861 0.060274 0.8753
11.337500 0.066324 0.057862 0.872406
11.350000 0.063718 0.055389 0.869283
11.362500 0.061046 0.052859 0.865894
11.375000 0.058311 0.050275 0.862194
11.387500 0.055516 0.047640 0.858127
11.400000 0.052665 0.044956 0.853624
11.412500 0.049760 0.042227 0.8486
11.425000 0.046806 0.039454 0.842944
11.437500 0.043804 0.036642 0.836514
11.450000 0.040758 0.033793 0.829123
11.462500 0.037671 0.030910 0.820518
11.475000 0.034546 0.027995 0.810352
11.487500 0.031387 0.025051 0.798131
11.500000 0.028195 0.022080 0.783133
11.512500 0.024974 0.019087 0.76425
11.525000 0.021727 0.016071 0.7397
11.537500 0.018456 0.013038 0.706414
11.550000 0.015165 0.009988 0.65863
11.562500 0.011855 0.006924 0.584086
11.575000 0.008530 0.003850 0.451293
11.587500 0.005192 0.000766 0.147471
11.600000 0.001844 -0.002325 -1.26086
11.612500 -0.001512 -0.005420 3.58426
11.625000 -0.004874 -0.008518 1.74765
11.637500 -0.008239 -0.011616 1.40991
11.650000 -0.011604 -0.014712 1.26781
11.662500 -0.014968 -0.017804 1.18946
11.675000 -0.018328 -0.020890 1.13979
11.687500 -0.021683 -0.023969 1.10544
11.700000 -0.025029 -0.027038 1.08026
11.712500 -0.028366 -0.030096 1.061
11.725000 -0.031691 -0.033141 1.04576
11.737500 -0.035001 -0.036171 1.03341
11.750000 -0.038297 -0.039184 1.02318
11.762500 -0.041574 -0.042180 1.01457
11.775000 -0.044833 -0.045156 1.0072
11.787500 -0.048071 -0.048111 1.00084
11.800000 -0.051286 -0.051043 0.995274
11.812500 -0.054477 -0.053952 0.990365
11.825000 -0.057642 -0.056835 0.986
11.837500 -0.060781 -0.059692 0.98209
11.850000 -0.063891 -0.062521 0.978566
11.862500 -0.066971 -0.065322 0.975371
11.875000 -0.070020 -0.068092 0.972459
11.887500 -0.073037 -0.070831 0.969794
11.900000 -0.076020 -0.073538 0.967345
11.912500 -0.078969 -0.076212 0.965087
11.925000 -0.081882 -0.078852 0.962999
11.937500 -0.084758 -0.081458 0.961066
11.950000 -0.087597 -0.084029 0.959272
11.962500 -0.090396 -0.086563 0.95759
11.975000 -0.093157 -0.089054 0.955957
11.987500 -0.095877 -0.091489 0.954233
12.000000 -0.098555 -0.093844 0.9522
12.012500 -0.101167 -0.096088 0.949791
12.025000 -0.103674 -0.098190 0.947104
12.037500 -0.106038 -0.100122 0.944211
12.050000 -0.108227 -0.101860 0.941172
12.062500 -0.110214 -0.103384 0.938031
12.075000 -0.111976 -0.104678 0.934822
12.087500 -0.113494 -0.105728 0.931572
12.100000 -0.114752 -0.106524 0.928299
12.112500 -0.115737 -0.107059 0.925018
12.125000 -0.116441 -0.107327 0.921733
12.137500 -0.116855 -0.107325 0.918449
12.150000 -0.116975 -0.107052 0.915164
12.162500 -0.116801 -0.106508 0.911875
12.175000 -0.116331 -0.105696 0.908577
12.187500 -0.115567 -0.104619 0.905262
12.200000 -0.114513 -0.103282 0.901922
12.212500 -0.113174 -0.101692 0.898544
12.225000 -0.111556 -0.099856 0.895117
12.237500 -0.109666 -0.097781 0.891626
12.250000 -0.107514 -0.095478 0.888053
12.262500 -0.105107 -0.092955 0.884379
12.275000 -0.102458 -0.090222 0.880582
12.287500 -0.099575 -0.087291 0.876635
12.300000 -0.096472 -0.084172 0.872508
12.312500 -0.093159 -0.080877 0.868164
12.325000 -0.089649 -0.077417 0.863562
12.337500 -0.085955 -0.073805 0.85865
12.350000 -0.082089 -0.070052 0.853366
12.362500 -0.078064 -0.066170 0.847634
12.375000 -0.073894 -0.062171 0.841357
12.387500 -0.069591 -0.058068 0.834414
12.400000 -0.065170 -0.053872 0.826647
12.412500 -0.060641 -0.049595 0.81785
12.425000 -0.056019 -0.045249 0.807744
12.437500 -0.051317 -0.040845 0.795946
12.450000 -0.046546 -0.036395 0.781911
12.462500 -0.041719 -0.031909 0.764842
12.475000 -0.036849 -0.027398 0.743515
12.487500 -0.031946 -0.022872 0.715956
12.500000 -0.027024 -0.018343 0.678762
12.512500 -0.022092 -0.013819 0.625515
12.525000 -0.017161 -0.009310 0.542486
12.537500 -0.012243 -0.004825 0.394109
12.550000 -0.007346 -0.000373 0.0508116
12.562500 -0.002482 0.004037 -1.62635
12.575000 0.002341 0.008397 3.58736
12.587500 0.007113 0.012700 1.78541
12.600000 0.011827 0.016938 1.43219
12.612500 0.016473 0.021105 1.28115
12.625000 0.021045 0.025192 1.1971
12.637500 0.025534 0.029196 1.14341
12.650000 0.029933 0.033108 1.10606
12.662500 0.034237 0.036924 1.07849
12.675000 0.038439 0.040639 1.05724
12.687500 0.042532 0.044248 1.04033
12.700000 0.046512 0.047746 1.02651
12.712500 0.050374 0.051128 1.01497
12.725000 0.054113 0.054393 1.00517
12.737500 0.057724 0.057535 0.996722
12.750000 0.061204 0.060551 0.989342
12.762500 0.064548 0.063440 0.982825
12.775000 0.067755 0.066198 0.977013
12.787500 0.070821 0.068822 0.971785
12.800000 0.073742 0.071312 0.967045
12.812500 0.076518 0.073665 0.962716
12.825000 0.079146 0.075881 0.958739
12.837500 0.081625 0.077957 0.955062
12.850000 0.083953 0.079893 0.951644
12.862500 0.086129 0.081689 0.948451
12.875000 0.088152 0.083343 0.945454
12.887500 0.090022 0.084857 0.942627
12.900000 0.091738 0.086229 0.93995
12.912500 0.093301 0.087461 0.937405
12.925000 0.094711 0.088552 0.934976
12.937500 0.095968 0.089504 0.932648
12.950000 0.097072 0.090317 0.930409
12.962500 0.098025 0.090992 0.92825
12.975000 0.098828 0.091531 0.926158
12.987500 0.099482 0.091934 0.924127
13.000000 0.099988 0.092204 0.922147
13.012500 0.100348 0.092341 0.920211
13.025000 0.100564 0.092349 0.918312
13.037500 0.100637 0.092228 0.916444
13.050000 0.100569 0.091980 0.914599
13.062500 0.100363 0.091609 0.912773
13.075000 0.100021 0.091115 0.91096
13.087500 0.099545 0.090502 0.909153
13.100000 0.098938 0.089771 0.907347
13.112500 0.098203 0.088926 0.905537
13.125000 0.097341 0.087969 0.903717
13.137500 0.096356 0.086902 0.90188
13.150000 0.095251 0.085728 0.900022
13.162500 0.094028 0.084450 0.898134
13.175000 0.092691 0.083071 0.896211
13.187500 0.091243 0.081594 0.894246
13.200000 0.089686 0.080021 0.89223
13.212500 0.088024 0.078355 0.890155
13.225000 0.086260 0.076600 0.888012
13.237500 0.084397 0.074758 0.885791
13.250000 0.082438 0.072832 0.883479
13.262500 0.080387 0.070826 0.881064
13.275000 0.078247 0.068742 0.878531
13.287500 0.076021 0.066584 0.875863
13.300000 0.073712 0.064354 0.873041
13.312500 0.071324 0.062055 0.870043
13.325000 0.068861 0.059691 0.866841
13.337500 0.066324 0.057265 0.863406
13.350000 0.063718 0.054778 0.859699
13.362500 0.061046 0.052236 0.855677
13.375000 0.058311 0.049639 0.851286
13.387500 0.055516 0.046992 0.84646
13.400000 0.052665 0.044297 0.841119
13.412500 0.049760 0.041558 0.835159
13.425000 0.046805 0.038776 0.82845
13.437500 0.043804 0.035955 0.820824
13.450000 0.040758 0.033098 0.812059
13.462500 0.037671 0.030207 0.801855
13.475000 0.034546 0.027285 0.789801
13.487500 0.031387 0.024334 0.775312
13.500000 0.028195 0.021359 0.757531
13.512500 0.024974 0.018360 0.735145
13.525000 0.021727 0.015340 0.706041
13.537500 0.018456 0.012303 0.666582
13.550000 0.015165 0.009250 0.609937
13.562500 0.011855 0.006183 0.521574
13.575000 0.008530 0.003106 0.364162
13.587500 0.005192 0.000021 0.00401733
13.600000 0.001844 -0.003071 -1.66545
13.612500 -0.001512 -0.006167 4.07761
13.625000 -0.004874 -0.009264 1.90077
13.637500 -0.008239 -0.012362 1.50044
13.650000 -0.011604 -0.015457 1.332
13.662500 -0.014968 -0.018547 1.23913
13.675000 -0.018328 -0.021632 1.18024
13.687500 -0.021683 -0.024708 1.13953
13.700000 -0.025029 -0.027775 1.10968
13.712500 -0.028366 -0.030829 1.08684
13.725000 -0.031691 -0.033870 1.06878
13.737500 -0.035001 -0.036896 1.05413
13.750000 -0.038297 -0.039905 1.04201
13.762500 -0.041574 -0.042896 1.03179
13.775000 -0.044833 -0.045867 1.02307
13.787500 -0.048071 -0.048817 1.01552
13.800000 -0.051286 -0.051743 1.00892
13.812500 -0.054477 -0.054646 1.0031
13.825000 -0.057642 -0.057523 0.997924
13.837500 -0.060781 -0.060373 0.993288
13.850000 -0.063891 -0.063195 0.989109
13.862500 -0.066971 -0.065988 0.98532
13.875000 -0.070020 -0.068750 0.981867
13.887500 -0.073037 -0.071482 0.978705
13.900000 -0.076020 -0.074180 0.975799
13.912500 -0.078969 -0.076846 0.973119
13.925000 -0.081882 -0.079478 0.970642
13.937500 -0.084758 -0.082075 0.968349
13.950000 -0.087597 -0.084638 0.96622
13.962500 -0.090396 -0.087162 0.964214
13.975000 -0.093157 -0.089639 0.962243
13.987500 -0.095877 -0.092055 0.960141
14.000000 -0.098555 -0.094384 0.957677
14.012500 -0.101167 -0.096594 0.954789
14.025000 -0.103674 -0.098655 0.951587
14.037500 -0.106038 -0.100540 0.948154
14.050000 -0.108227 -0.102227 0.94456
14.062500 -0.110214 -0.103695 0.940854
14.075000 -0.111977 -0.104930 0.937076
14.087500 -0.113494 -0.105919 0.933255
14.100000 -0.114752 -0.106652 0.929415
14.112500 -0.115737 -0.107123 0.925567
14.125000 -0.116441 -0.107326 0.92172
14.137500 -0.116855 -0.107258 0.917876
14.150000 -0.116975 -0.106920 0.914034
14.162500 -0.116801 -0.106311 0.910189
14.175000 -0.116331 -0.105435 0.906336
14.187500 -0.115567 -0.104295 0.902465
14.200000 -0.114513 -0.102898 0.898565
14.212500 -0.113174 -0.101248 0.894623
14.225000 -0.111556 -0.099355 0.890625
14.237500 -0.109667 -0.097225 0.886552
14.250000 -0.107514 -0.094869 0.882386
14.262500 -0.105108 -0.092295 0.878102
14.275000 -0.102458 -0.089515 0.873675
14.287500 -0.099575 -0.086538 0.869073
14.300000 -0.096472 -0.083377 0.864262
14.312500 -0.093159 -0.080042 0.859199
14.325000 -0.089649 -0.076545 0.853835
14.337500 -0.085955 -0.072899 0.84811
14.350000 -0.082089 -0.069115 0.841952
14.362500 -0.078064 -0.065205 0.83527
14.375000 -0.073894 -0.061181 0.827954
14.387500 -0.069591 -0.057055 0.819862
14.400000 -0.065170 -0.052840 0.810808
14.412500 -0.060641 -0.048546 0.800553
14.425000 -0.056019 -0.044186 0.788772
14.437500 -0.051317 -0.039771 0.775017
14.450000 -0.046546 -0.035312 0.758654
14.462500 -0.041719 -0.030820 0.738752
14.475000 -0.036849 -0.026306 0.713884
14.487500 -0.031947 -0.021779 0.681749
14.500000 -0.027024 -0.017251 0.638377
14.512500 -0.022092 -0.012731 0.576281
14.525000 -0.017161 -0.008228 0.479452
14.537500 -0.012243 -0.003751 0.30641
14.550000 -0.007346 0.000690 -0.0939604
14.562500 -0.002482 0.005088 -2.04996
14.575000 0.002341 0.009435 4.03065
14.587500 0.007113 0.013722 1.92907
14.600000 0.011827 0.017943 1.51712
14.612500 0.016473 0.022090 1.34097
14.625000 0.021045 0.026157 1.24295
14.637500 0.025534 0.030139 1.18034
14.650000 0.029933 0.034028 1.13678
14.662500 0.034237 0.037819 1.10463
14.675000 0.038439 0.041509 1.07986
14.687500 0.042532 0.045090 1.06014
14.700000 0.046512 0.048560 1.04403
14.712500 0.050374 0.051915 1.03058
14.725000 0.054113 0.055149 1.01916
14.737500 0.057724 0.058261 1.00931
14.750000 0.061204 0.061247 1.0007
14.762500 0.064548 0.064104 0.993109
14.775000 0.067755 0.066829 0.986336
14.787500 0.070821 0.069421 0.980244
14.800000 0.073742 0.071878 0.974721
14.812500 0.076518 0.074198 0.969679
14.825000 0.079146 0.076380 0.965045
14.837500 0.081625 0.078422 0.960763
14.850000 0.083953 0.080324 0.956783
14.862500 0.086129 0.082086 0.953064
14.875000 0.088152 0.083707 0.949574
14.887500 0.090022 0.085186 0.946284
14.900000 0.091738 0.086524 0.943168
14.912500 0.093301 0.087722 0.940206
14.925000 0.094711 0.088780 0.937379
14.937500 0.095968 0.089698 0.93467
14.950000 0.097072 0.090478 0.932066
14.962500 0.098025 0.091120 0.929554
14.975000 0.098828 0.091626 0.927122
14.987500 0.099482 0.091997 0.92476
15.000000 0.099988 0.092235 0.922458
15.012500 0.100348 0.092341 0.920208
15.025000 0.100564 0.092318 0.918001
15.037500 0.100637 0.092166 0.915831
15.050000 0.100569 0.091889 0.913688
15.062500 0.100363 0.091488 0.911567
15.075000 0.100021 0.090965 0.909461
15.087500 0.099545 0.090324 0.907364
15.100000 0.098938 0.089566 0.905268
15.112500 0.098203 0.088693 0.903167
15.125000 0.097341 0.087710 0.901055
15.137500 0.096356 0.086617 0.898924
15.150000 0.095251 0.085418 0.896768
15.162500 0.094028 0.084116 0.894579
15.175000 0.092691 0.082713 0.89235
15.187500 0.091243 0.081213 0.890071
15.200000 0.089686 0.079617 0.887735
15.212500 0.088024 0.077930 0.88533
15.225000 0.086260 0.076154 0.882847
15.237500 0.084397 0.074292 0.880273
15.250000 0.082438 0.072347 0.877595
15.262500 0.080387 0.070322 0.874798
15.275000 0.078247 0.068221 0.871864
15.287500 0.076021 0.066045 0.868775
15.300000 0.073712 0.063799 0.865508
15.312500 0.071324 0.061484 0.862036
15.325000 0.068861 0.059105 0.85833
15.337500 0.066324 0.056664 0.854353
15.350000 0.063718 0.054164 0.850063
15.362500 0.061046 0.051609 0.845409
15.375000 0.058311 0.049000 0.840328
15.387500 0.055516 0.046342 0.834745
15.400000 0.052665 0.043636 0.828565
15.412500 0.049760 0.040886 0.82167
15.425000 0.046805 0.038095 0.81391
15.437500 0.043804 0.035266 0.805089
15.450000 0.040758 0.032400 0.794951
15.462500 0.037671 0.029502 0.783149
15.475000 0.034546 0.026573 0.769208
15.487500 0.031387 0.023617 0.752452
15.500000 0.028195 0.020636 0.731889
15.512500 0.024974 0.017632 0.706002
15.525000 0.021727 0.014608 0.672346
15.537500 0.018456 0.011567 0.626717
15.550000 0.015165 0.008511 0.561216
15.562500 0.011855 0.005442 0.459038
15.575000 0.008530 0.002363 0.277018
15.587500 0.005192 -0.000724 -0.139427
15.600000 0.001844 -0.003817 -2.06987
15.612500 -0.001512 -0.006913 4.57093
15.625000 -0.004874 -0.010010 2.05381
15.637500 -0.008239 -0.013107 1.59091
15.650000 -0.011604 -0.016201 1.39613
15.662500 -0.014968 -0.019290 1.28874
15.675000 -0.018328 -0.022372 1.22065
15.687500 -0.021683 -0.025446 1.17357
15.700000 -0.025029 -0.028510 1.13906
15.712500 -0.028366 -0.031561 1.11264
15.725000 -0.031691 -0.034598 1.09176
15.737500 -0.035001 -0.037620 1.07482
15.750000 -0.038297 -0.040625 1.06079
15.762500 -0.041574 -0.043611 1.04898
15.775000 -0.044833 -0.046576 1.03889
15.787500 -0.048071 -0.049520 1.03016
15.800000 -0.051286 -0.052441 1.02253
15.812500 -0.054477 -0.055338 1.0158
15.825000 -0.057642 -0.058208 1.00982
15.837500 -0.060781 -0.061052 1.00446
15.850000 -0.063891 -0.063867 0.999623
15.862500 -0.066971 -0.066652 0.995242
15.875000 -0.070020 -0.069407 0.991248
15.887500 -0.073037 -0.072131 0.98759
15.900000 -0.076020 -0.074821 0.984228
15.912500 -0.078969 -0.077479 0.981127
15.925000 -0.081882 -0.080102 0.978263
15.937500 -0.084758 -0.082691 0.975611
15.950000 -0.087597 -0.085244 0.973145
15.962500 -0.090396 -0.087758 0.970807
15.975000 -0.093157 -0.090221 0.968483
15.987500 -0.095877 -0.092616 0.965986
16.000000 -0.098555 -0.094916 0.963076
16.012500 -0.101167 -0.097090 0.959694
16.025000 -0.103674 -0.099109 0.955966
16.037500 -0.106038 -0.100946 0.951985
16.050000 -0.108227 -0.102581 0.947828
16.062500 -0.110214 -0.103993 0.943552
16.075000 -0.111977 -0.105168 0.939201
16.087500 -0.113494 -0.106096 0.934809
16.100000 -0.114752 -0.106765 0.930398
16.112500 -0.115737 -0.107171 0.925984
16.125000 -0.116441 -0.107309 0.921575
16.137500 -0.116855 -0.107176 0.917171
16.150000 -0.116975 -0.106772 0.912773
16.162500 -0.116801 -0.106099 0.908374
16.175000 -0.116331 -0.105159 0.903967
16.187500 -0.115567 -0.103958 0.899542
16.200000 -0.114513 -0.102499 0.895085
16.212500 -0.113174 -0.100791 0.890581
16.225000 -0.111556 -0.098840 0.886014
16.237500 -0.109667 -0.096656 0.881362
16.250000 -0.107514 -0.094247 0.876604
16.262500 -0.105108 -0.091624 0.871713
16.275000 -0.102458 -0.088796 0.866659
16.287500 -0.099575 -0.085775 0.861406
16.300000 -0.096472 -0.082572 0.855914
16.312500 -0.093159 -0.079198 0.850135
16.325000 -0.089649 -0.075665 0.844013
16.337500 -0.085955 -0.071985 0.837478
16.350000 -0.082089 -0.068170 0.830449
16.362500 -0.078064 -0.064233 0.822823
16.375000 -0.073894 -0.060185 0.814472
16.387500 -0.069591 -0.056037 0.805235
16.400000 -0.065170 -0.051803 0.7949
16.412500 -0.060641 -0.047494 0.783193
16.425000 -0.056019 -0.043120 0.769743
16.437500 -0.051317 -0.038695 0.754039
16.450000 -0.046546 -0.034228 0.735357
16.462500 -0.041719 -0.029731 0.712633
16.475000 -0.036849 -0.025213 0.684237
16.487500 -0.031947 -0.020687 0.647541
16.500000 -0.027024 -0.016160 0.598012
16.512500 -0.022092 -0.011644 0.527099
16.525000 -0.017161 -0.007148 0.416519
16.537500 -0.012243 -0.002680 0.218896
16.550000 -0.007346 0.001751 -0.238354
16.562500 -0.002482 0.006136 -2.47226
16.575000 0.002341 0.010468 4.47229
16.587500 0.007113 0.014740 2.07213
16.600000 0.011827 0.018942 1.60165
16.612500 0.016473 0.023070 1.40048
16.625000 0.021045 0.027117 1.28854
16.637500 0.025534 0.031076 1.21705
16.650000 0.029933 0.034941 1.1673
16.662500 0.034237 0.038708 1.13059
16.675000 0.038439 0.042371 1.10231
16.687500 0.042532 0.045926 1.07979
16.700000 0.046512 0.049368 1.06139
16.712500 0.050374 0.052693 1.04604
16.725000 0.054113 0.055898 1.033
16.737500 0.057724 0.058980 1.02175
16.750000 0.061204 0.061934 1.01193
16.762500 0.064548 0.064759 1.00327
16.775000 0.067755 0.067453 0.995536
16.787500 0.070821 0.070012 0.988585
16.800000 0.073742 0.072436 0.982283
16.812500 0.076518 0.074722 0.97653
16.825000 0.079146 0.076870 0.971245
16.837500 0.081625 0.078879 0.96636
16.850000 0.083953 0.080747 0.96182
16.862500 0.086129 0.082475 0.957579
16.875000 0.088152 0.084061 0.9536
16.887500 0.090022 0.085507 0.949848
16.900000 0.091738 0.086811 0.946295
16.912500 0.093301 0.087975 0.942918
16.925000 0.094711 0.088999 0.939696
16.937500 0.095968 0.089884 0.936609
16.950000 0.097072 0.090631 0.933642
16.962500 0.098025 0.091240 0.930779
16.975000 0.098828 0.091714 0.928009
16.987500 0.099482 0.092053 0.925318
17.000000 0.099988 0.092259 0.922696
17.012500 0.100348 0.092334 0.920133
17.025000 0.100564 0.092279 0.91762
17.037500 0.100637 0.092097 0.915148
17.050000 0.100569 0.091790 0.912709
17.062500 0.100363 0.091360 0.910294
17.075000 0.100021 0.090809 0.907897
17.087500 0.099545 0.090139 0.90551
17.100000 0.098938 0.089354 0.903125
17.112500 0.098203 0.088454 0.900734
17.125000 0.097341 0.087444 0.898331
17.137500 0.096356 0.086326 0.895907
17.150000 0.095251 0.085103 0.893455
17.162500 0.094028 0.083776 0.890966
17.175000 0.092691 0.082350 0.888431
17.187500 0.091243 0.080827 0.88584
17.200000 0.089686 0.079209 0.883183
17.212500 0.088024 0.077501 0.88045
17.225000 0.086260 0.075704 0.877628
17.237500 0.084397 0.073822 0.874702
17.250000 0.082438 0.071858 0.871659
17.262500 0.080387 0.069815 0.86848
17.275000 0.078247 0.067695 0.865147
17.287500 0.076021 0.065502 0.861637
17.300000 0.073712 0.063240 0.857925
17.312500 0.071324 0.060910 0.853981
17.325000 0.068861 0.058516 0.849771
17.337500 0.066324 0.056061 0.845254
17.350000 0.063718 0.053547 0.840382
17.362500 0.061046 0.050979 0.835095
17.375000 0.058311 0.048359 0.829325
17.387500 0.055516 0.045689 0.822984
17.400000 0.052665 0.042973 0.815965
17.412500 0.049760 0.040213 0.808136
17.425000 0.046805 0.037413 0.799324
17.437500 0.043804 0.034575 0.789308
17.450000 0.040758 0.031701 0.777796
17.462500 0.037671 0.028796 0.764397
17.475000 0.034546 0.025860 0.748568
17.487500 0.031387 0.022898 0.729544
17.500000 0.028195 0.019911 0.706198
17.512500 0.024974 0.016903 0.676807
17.525000 0.021727 0.013875 0.638598
17.537500 0.018456 0.010830 0.586797
17.550000 0.015165 0.007771 0.512434
17.562500 0.011855 0.004700 0.396435
17.575000 0.008530 0.001619 0.189796
17.587500 0.005192 -0.001469 -0.282976
17.600000 0.001844 -0.004563 -2.47452
17.612500 -0.001512 -0.007659 5.06447
17.625000 -0.004874 -0.010756 2.2069
17.637500 -0.008239 -0.013852 1.68138
17.650000 -0.011604 -0.016945 1.46026
17.662500 -0.014968 -0.020032 1.33835
17.675000 -0.018328 -0.023113 1.26104
17.687500 -0.021683 -0.026184 1.2076
17.700000 -0.025029 -0.029245 1.16841
17.712500 -0.028366 -0.032292 1.13842
17.725000 -0.031691 -0.035326 1.11471
17.737500 -0.035001 -0.038343 1.09548
17.750000 -0.038297 -0.041343 1.07955
17.762500 -0.041574 -0.044324 1.06614
17.775000 -0.044833 -0.047285 1.05468
17.787500 -0.048071 -0.050223 1.04477
17.800000 -0.051286 -0.053138 1.03611
17.812500 -0.054477 -0.056028 1.02847
17.825000 -0.057642 -0.058892 1.02167
17.837500 -0.060781 -0.061728 1.01559
17.850000 -0.063891 -0.064536 1.0101
17.862500 -0.066971 -0.067315 1.00513
17.875000 -0.070020 -0.070062 1.0006
17.887500 -0.073037 -0.072777 0.996444
17.900000 -0.076020 -0.075460 0.992626
17.912500 -0.078969 -0.078109 0.989105
17.925000 -0.081882 -0.080724 0.985854
17.937500 -0.084758 -0.083304 0.982844
17.950000 -0.087597 -0.085848 0.980036
17.962500 -0.090396 -0.088350 0.977356
17.975000 -0.093157 -0.090797 0.974665
17.987500 -0.095877 -0.093169 0.971756
18.000000 -0.098555 -0.095439 0.968382
18.012500 -0.101167 -0.097575 0.964495
18.025000 -0.103674 -0.099551 0.96023
18.037500 -0.106038 -0.101340 0.955693
18.050000 -0.108227 -0.102920 0.950968
18.062500 -0.110214 -0.104276 0.946117
18.075000 -0.111977 -0.105391 0.941191
18.087500 -0.113494 -0.106256 0.936225
18.100000 -0.114752 -0.106862 0.931245
18.112500 -0.115737 -0.107204 0.926265
18.125000 -0.116441 -0.107276 0.921293
18.137500 -0.116855 -0.107078 0.916333
18.150000 -0.116975 -0.106609 0.91138
18.162500 -0.116801 -0.105872 0.906429
18.175000 -0.116331 -0.104869 0.901471
18.187500 -0.115567 -0.103605 0.896494
18.200000 -0.114513 -0.102087 0.891482
18.212500 -0.113174 -0.100320 0.88642
18.225000 -0.111556 -0.098313 0.881287
18.237500 -0.109667 -0.096075 0.876061
18.250000 -0.107514 -0.093614 0.870715
18.262500 -0.105108 -0.090941 0.86522
18.275000 -0.102458 -0.088067 0.859543
18.287500 -0.099575 -0.085002 0.853643
18.300000 -0.096472 -0.081757 0.847474
18.312500 -0.093159 -0.078345 0.840983
18.325000 -0.089649 -0.074777 0.834106
18.337500 -0.085955 -0.071064 0.826766
18.350000 -0.082089 -0.067220 0.818871
18.362500 -0.078064 -0.063256 0.810305
18.375000 -0.073894 -0.059184 0.800925
18.387500 -0.069591 -0.055015 0.790548
18.400000 -0.065170 -0.050763 0.778938
18.412500 -0.060641 -0.046438 0.765785
18.425000 -0.056019 -0.042052 0.750674
18.437500 -0.051317 -0.037617 0.733029
18.450000 -0.046546 -0.033142 0.712036
18.462500 -0.041719 -0.028640 0.6865
18.475000 -0.036849 -0.024121 0.654589
18.487500 -0.031947 -0.019594 0.613349
18.500000 -0.027024 -0.015071 0.557685
18.512500 -0.022092 -0.010559 0.477985
18.525000 -0.017161 -0.006070 0.353699
18.537500 -0.012243 -0.001611 0.131578
18.550000 -0.007346 0.002809 -0.382362
18.562500 -0.002482 0.007181 -2.89325
18.575000 0.002341 0.011499 4.91239
18.587500 0.007113 0.015753 2.21462
18.600000 0.011827 0.019938 1.68582
18.612500 0.016473 0.024046 1.4597
18.625000 0.021045 0.028071 1.33389
18.637500 0.025534 0.032007 1.25354
18.650000 0.029933 0.035849 1.19763
18.662500 0.034237 0.039591 1.15637
18.675000 0.038439 0.043228 1.12459
18.687500 0.042532 0.046755 1.09928
18.700000 0.046512 0.050169 1.07861
18.712500 0.050374 0.053465 1.06136
18.725000 0.054113 0.056640 1.04671
18.737500 0.057724 0.059691 1.03407
18.750000 0.061204 0.062614 1.02304
18.762500 0.064548 0.065407 1.01331
18.775000 0.067755 0.068068 1.00462
18.787500 0.070821 0.070595 0.996815
18.800000 0.073742 0.072986 0.989737
18.812500 0.076518 0.075239 0.983277
18.825000 0.079146 0.077353 0.977342
18.837500 0.081625 0.079328 0.971857
18.850000 0.083953 0.081162 0.96676
18.862500 0.086129 0.082856 0.961999
18.875000 0.088152 0.084408 0.957532
18.887500 0.090022 0.085819 0.95332
18.900000 0.091738 0.087090 0.949333
18.912500 0.093301 0.088220 0.945544
18.925000 0.094711 0.089211 0.941927
18.937500 0.095968 0.090062 0.938464
18.950000 0.097072 0.090776 0.935135
18.962500 0.098025 0.091352 0.931923
18.975000 0.098828 0.091793 0.928815
18.987500 0.099482 0.092100 0.925797
19.000000 0.099988 0.092275 0.922856
19.012500 0.100348 0.092318 0.919982
19.025000 0.100564 0.092233 0.917164
19.037500 0.100637 0.092021 0.914392
19.050000 0.100569 0.091684 0.911657
19.062500 0.100363 0.091225 0.90895
19.075000 0.100021 0.090645 0.906263
19.087500 0.099545 0.089948 0.903587
19.100000 0.098938 0.089135 0.900914
19.112500 0.098203 0.088209 0.898235
19.125000 0.097341 0.087173 0.895542
19.137500 0.096356 0.086029 0.892826
19.150000 0.095251 0.084781 0.890078
19.162500 0.094028 0.083430 0.88729
19.175000 0.092691 0.081981 0.884449
19.187500 0.091243 0.080435 0.881547
19.200000 0.089686 0.078796 0.878572
19.212500 0.088024 0.077066 0.875511
19.225000 0.086260 0.075249 0.87235
19.237500 0.084397 0.073347 0.869074
19.250000 0.082438 0.071364 0.865667
19.262500 0.080387 0.069302 0.862108
19.275000 0.078247 0.067165 0.858376
19.287500 0.076021 0.064956 0.854446
19.300000 0.073712 0.062677 0.850291
19.312500 0.071324 0.060332 0.845876
19.325000 0.068861 0.057923 0.841163
19.337500 0.066324 0.055454 0.836107
19.350000 0.063718 0.052928 0.830653
19.362500 0.061046 0.050347 0.824736
19.375000 0.058311 0.047714 0.818277
19.387500 0.055516 0.045034 0.81118
19.400000 0.052665 0.042307 0.803326
19.412500 0.049760 0.039538 0.794563
19.425000 0.046805 0.036728 0.784701
19.437500 0.043804 0.033882 0.773491
19.450000 0.040758 0.031001 0.760608
19.462500 0.037671 0.028088 0.745612
19.475000 0.034546 0.025146 0.727898
19.487500 0.031387 0.022178 0.706608
19.500000 0.028195 0.019186 0.680482
19.512500 0.024974 0.016173 0.647591
19.525000 0.021727 0.013141 0.604831
19.537500 0.018456 0.010093 0.546861
19.550000 0.015165 0.007031 0.463644
19.562500 0.011855 0.003958 0.333831
19.575000 0.008530 0.000875 0.102585
19.587500 0.005192 -0.002214 -0.426485
19.600000 0.001844 -0.005308 -2.879
19.612500 -0.001512 -0.008405 5.55775
19.625000 -0.004874 -0.011502 2.3599
19.637500 -0.008239 -0.014597 1.7718
19.650000 -0.011604 -0.017689 1.52435
19.662500 -0.014968 -0.020774 1.38792
19.675000 -0.018328 -0.023852 1.3014
19.687500 -0.021683 -0.026921 1.24159
19.700000 -0.025029 -0.029979 1.19774
19.712500 -0.028366 -0.033023 1.16417
19.725000 -0.031691 -0.036052 1.13764
19.737500 -0.035001 -0.039066 1.11611
19.750000 -0.038297 -0.042061 1.09829
19.762500 -0.041574 -0.045037 1.08328
19.775000 -0.044833 -0.047992 1.07045
19.787500 -0.048071 -0.050924 1.05936
19.800000 -0.051286 -0.053833 1.04967
19.812500 -0.054477 -0.056717 1.04111
19.825000 -0.057642 -0.059574 1.03351
19.837500 -0.060781 -0.062404 1.0267
19.850000 -0.063891 -0.065205 1.02056
19.862500 -0.066971 -0.067975 1.015
19.875000 -0.070020 -0.070715 1.00992
19.887500 -0.073037 -0.073422 1.00528
19.900000 -0.076020 -0.076097 1.001
19.912500 -0.078969 -0.078737 0.997063
19.925000 -0.081882 -0.081344 0.993425
19.937500 -0.084758 -0.083915 0.990055
19.950000 -0.087597 -0.086449 0.986901
19.962500 -0.090396 -0.088938 0.983866
19.975000 -0.093157 -0.091367 0.980791
19.987500 -0.095877 -0.093715 0.977452
