0.000000  0.000058708691043  0.000113645893942 1.93576
0.050000  0.001397978033584  0.001474115924573 1.05446
0.100000  0.005704107297886  0.005658837035488 0.992064
0.150000  0.013784910217552  0.013436422748827 0.97472
0.200000  0.025783590234212  0.024929800204913 0.966886
0.250000  0.041395698152761  0.039828687129162 0.962146
0.300000  0.060034856479254  0.057553654715500 0.958671
0.350000  0.080957353521531  0.077378770198546 0.955797
0.400000  0.103353939313936  0.098521326409077 0.953242
0.450000  0.126415669900266  0.120205631496220 0.950876
0.500000  0.149379403262958  0.141706550487452 0.948635
0.550000  0.171557512236712  0.162328873877290 0.946207
0.600000  0.192355515470098  0.181526234979360 0.943702
0.650000  0.211280609894948  0.198871486867555 0.941267
0.700000  0.227943494197110  0.214034882622650 0.938982
0.750000  0.242055382832307  0.226779693473501 0.936892
0.800000  0.253421707505383  0.236960230077205 0.935043
0.850000  0.261933673550549  0.244479575448716 0.933364
0.900000  0.267558570286890  0.249296040062936 0.931744
0.950000  0.270329516992232  0.251438877978975 0.93012
1.000000  0.270335151028771  0.250993841375477 0.928454
1.050000  0.267709624599691  0.248116231891288 0.926811
1.100000  0.262623165497653  0.242971993182432 0.925173
1.150000  0.255273369880676  0.235755190984649 0.92354
1.200000  0.245877327265623  0.226698652668543 0.921999
1.250000  0.234664625956914  0.216030590327704 0.920593
1.300000  0.221871248018386  0.203987093178469 0.919394
1.350000  0.207734334145820  0.190794709814402 0.918455
1.400000  0.192487778330313  0.176689805543312 0.917927
1.450000  0.176358598302848  0.161804569703671 0.917475
1.500000  0.159564019005692  0.146314660024570 0.916965
1.550000  0.142309201589287  0.130377232360696 0.916155
1.600000  0.124785548739687  0.114179827561040 0.915008
1.650000  0.107169517735642  0.097916742426504 0.913662
1.700000  0.089621874898555  0.081829207874831 0.913049
1.750000  0.072287328538747  0.066148977534196 0.915084
1.800000  0.055294481725684  0.050665291330435 0.916281
1.850000  0.038756050910171  0.036029757847503 0.929655
1.900000  0.022769301364269  0.023485931244107 1.03147
1.950000  0.007416655397371  0.014320753351767 1.93089
2.000000 -0.007174857090821  0.009296264619640 -1.29567
2.050000 -0.019728322924132  0.008573497938489 -0.434578
2.100000 -0.028514731176193  0.011872685425475 -0.41637
2.150000 -0.032694951995562  0.018631362700821 -0.569854
2.200000 -0.032104885630612  0.028128972147733 -0.876159
2.250000 -0.027037525692698  0.039588547644043 -1.46421
2.300000 -0.018076267561840  0.052267399733656 -2.89149
2.350000 -0.005969371182870  0.065385187047673 -10.9534
2.400000  0.008462744008673  0.078248193439044 9.2462
2.450000  0.024394210987331  0.090314102260497 3.70228
2.500000  0.041040031513552  0.101168707949533 2.46512
2.550000  0.057686558357177  0.110492405136354 1.91539
2.600000  0.073709841898763  0.118074264230064 1.60188
2.650000  0.088584823247413  0.123766447479521 1.39715
2.700000  0.101887763061603  0.127445621492319 1.25084
2.750000  0.113293806146426  0.129043258095993 1.13901
2.800000  0.122571179954584  0.128541353654909 1.04871
2.850000  0.129573196178512  0.126032489618407 0.972674
2.900000  0.134228956677142  0.121640513443768 0.906217
2.950000  0.136533447863896  0.115501550933576 0.845958
3.000000  0.136537532796526  0.107804207384400 0.789557
3.050000  0.134338210301656  0.098754782458217 0.735121
3.100000  0.130069399429772  0.088561651016983 0.68088
3.150000  0.123893420237590  0.077421895561073 0.624907
3.200000  0.115993274031071  0.065595461198627 0.565511
3.250000  0.106565774174654  0.053209370900112 0.49931
3.300000  0.095815539378345  0.040365052248347 0.421279
3.350000  0.083949832516738  0.027150144820312 0.323409
3.400000  0.071174207442400  0.013687160832265 0.192305
3.450000  0.057688912219343  0.000117283825723 0.00203304
3.500000  0.043685988312429 -0.013335982086183 -0.305269
3.550000  0.029347000371370 -0.026269006732776 -0.895117
3.600000  0.014841329402162 -0.038761100641690 -2.6117
3.650000  0.000324962560893 -0.050785917041468 -156.282
3.700000 -0.014060285080676 -0.061684433106397 4.38714
3.750000 -0.028187178154043 -0.070276436517060 2.49321
3.800000 -0.041943155270298 -0.075441348520113 1.79866
3.850000 -0.055230162661291 -0.076533128319355 1.38571
3.900000 -0.067964275083521 -0.073439276749711 1.08056
3.950000 -0.080075147011073 -0.066466327082577 0.830049
4.000000 -0.091446623655272 -0.056207356549482 0.614647
4.050000 -0.100811528219298 -0.043415493606508 0.43066
4.100000 -0.106449511036422 -0.028828834192497 0.270822
4.150000 -0.107529092072272 -0.013230146419774 0.123038
4.200000 -0.103892873169700  0.002585049765048 -0.0248819
4.250000 -0.095839663628939  0.017928864867194 -0.187071
4.300000 -0.083957849651056  0.032279194501635 -0.384469
4.350000 -0.068999916579559  0.045236061139276 -0.655596
4.400000 -0.051789801423257  0.056522312841071 -1.09138
4.450000 -0.033156236498767  0.065969570151043 -1.98966
4.500000 -0.013886486384754  0.073444935733725 -5.28895
4.550000  0.005304083303860  0.078844837044427 14.8649
4.600000  0.023790303935295  0.082074271770060 3.4499
4.650000  0.041046350864674  0.083153809032674 2.02585
4.700000  0.056648128633415  0.082191372556573 1.45091
4.750000  0.070270794438860  0.079309364413046 1.12862
4.800000  0.081682917982392  0.074668721929844 0.914129
4.850000  0.090738446847173  0.068475569074836 0.754648
4.900000  0.097367378598336  0.060948736659220 0.625967
4.950000  0.101565823669605  0.052267650321027 0.514618
5.000000  0.103385968204633  0.042712586132858 0.413137
5.050000  0.102926306105864  0.032502020424052 0.31578
5.100000  0.100322398500681  0.021761023525585 0.216911
5.150000  0.095738331531337  0.010549754575734 0.110194
5.200000  0.089358975508535 -0.001059306377198 -0.0118545
5.250000  0.081383096438939 -0.012983371082955 -0.159534
5.300000  0.072017331742188 -0.025106280874293 -0.348614
5.350000  0.061471013115502 -0.036992231610066 -0.601783
5.400000  0.049951798913176 -0.048383986092802 -0.968613
5.450000  0.037662064373031 -0.059332660216336 -1.5754
5.500000  0.024795989134062 -0.069710819372061 -2.81137
5.550000  0.011537276594758 -0.078801873622097 -6.8302
5.600000 -0.001942562181373 -0.085500766055270 44.0144
5.650000 -0.015485426861403 -0.088812146601432 5.73521
5.700000 -0.028947413270202 -0.088174860738492 3.04604
5.750000 -0.042199227282042 -0.083509995752060 1.97895
5.800000 -0.055126284522338 -0.075145441719826 1.36315
5.850000 -0.067628548656197 -0.063721119361624 0.942222
5.900000 -0.079620156227279 -0.049951338279692 0.627371
5.950000 -0.091028871135205 -0.034572320736884 0.379795
6.000000 -0.101736698347533 -0.018381629065829 0.180678
6.050000 -0.110474673309342 -0.002176040089240 0.0196972
6.100000 -0.115520712750386  0.013382533634378 -0.115845
6.150000 -0.116041658418201  0.027785027222720 -0.23944
6.200000 -0.111878490160442  0.040657560647775 -0.363408
6.250000 -0.103328451990671  0.051772556449266 -0.501048
6.300000 -0.090978421704180  0.060991352620869 -0.670394
6.350000 -0.075579433014361  0.068222768242334 -0.902663
6.400000 -0.057954027725652  0.073339226622084 -1.26547
6.450000 -0.038929598811764  0.076268829609233 -1.95915
6.500000 -0.019292126619133  0.077064168278645 -3.99459
6.550000  0.000244253270647  0.075835897116276 310.481
6.600000  0.019055549109685  0.072718467227101 3.81613
6.650000  0.036617061153420  0.067897858221074 1.85427
6.700000  0.052505768122990  0.061608275510615 1.17336
6.750000  0.066397852017396  0.054018762658526 0.813562
6.800000  0.078062859367933  0.045369876824296 0.581197
6.850000  0.087355668071728  0.035943513272621 0.411462
6.900000  0.094207160984435  0.025955468748436 0.275515
6.950000  0.098614290324620  0.015502083652958 0.157199
7.000000  0.100630042047920  0.004632902103312 0.046039
7.050000  0.100353669434746 -0.006606248121485 -0.0658297
7.100000  0.097921454093292 -0.018225657050854 -0.186125
7.150000  0.093498165277377 -0.029961229627660 -0.320447
7.200000  0.087269320552819 -0.041373849757483 -0.474094
7.250000  0.079434298817363 -0.052258632612912 -0.657885
7.300000  0.070200317485163 -0.062640951418598 -0.892317
7.350000  0.059777256790033 -0.072296428741122 -1.20943
7.400000  0.048373293571493 -0.080481625917644 -1.66376
7.450000  0.036191292872991 -0.086170635397591 -2.38098
7.500000  0.023425896794305 -0.088480341568700 -3.77703
7.550000  0.010261245145881 -0.086920517037951 -8.47076
7.600000 -0.003130739389746 -0.081441159196085 26.0134
7.650000 -0.016591568438717 -0.072437020495460 4.36589
7.700000 -0.029976972190017 -0.060547762854389 2.01981
7.750000 -0.043157312156130 -0.046468351694136 1.07672
7.800000 -0.056017679786112 -0.030937001705317 0.552272
7.850000 -0.068457733707620 -0.014767633373196 0.215719
7.900000 -0.080391323561126  0.001259540753264 -0.0156676
7.950000 -0.091745943514096  0.016500741892418 -0.179853
8.000000 -0.102403345050549  0.030456763972429 -0.29742
8.050000 -0.111094325498301  0.042788506560564 -0.385155
8.100000 -0.116096577993042  0.053297607807973 -0.45908
8.150000 -0.116576734406700  0.061904180124749 -0.531017
8.200000 -0.112375577662376  0.068509582335423 -0.609648
8.250000 -0.103790167069032  0.072985806697994 -0.703205
8.300000 -0.091407207241420  0.075294516533111 -0.823726
8.350000 -0.075977569574636  0.075505965461041 -0.993793
8.400000 -0.058323643788172  0.073731846152934 -1.26418
8.450000 -0.039272680407017  0.070121977219777 -1.78552
8.500000 -0.019610526398568  0.064913009887738 -3.31011
8.550000 -0.000051192497934  0.058295154611744 -1138.74
8.600000  0.018781446369811  0.050454151979609 2.68638
8.650000  0.036362799741056  0.041652602091531 1.14547
8.700000  0.052269948531871  0.032183166725473 0.615711
8.750000  0.066179170281219  0.022239838126258 0.336055
8.800000  0.077860100812705  0.011907203525682 0.152931
8.850000  0.087167701452801  0.001240626200534 0.0142326
8.900000  0.094032932986647 -0.009820439382132 -0.104436
8.950000  0.098452820404958 -0.021247691498161 -0.215816
9.000000  0.100480417601154 -0.032703087559375 -0.325467
9.050000  0.100215041263408 -0.043758733710227 -0.436648
9.100000  0.097793032164317 -0.054250753234596 -0.554751
9.150000  0.093379214748614 -0.064158791039809 -0.687078
9.200000  0.087159158053494 -0.073178574244917 -0.839597
9.250000  0.079332288967382 -0.080559103002573 -1.01546
9.300000  0.070105869638969 -0.085357696814833 -1.21755
9.350000  0.059689821991469 -0.086788860647571 -1.454
9.400000  0.048292361706868 -0.084405564840207 -1.7478
9.450000  0.036116390010245 -0.078229127044638 -2.16603
9.500000  0.023356582696836 -0.068698957256396 -2.94131
9.550000  0.010197110950233 -0.056450380503128 -5.53592
9.600000 -0.003190073342517 -0.042161212272994 13.2164
9.650000 -0.016646454627627 -0.026583869302546 1.59697
9.700000 -0.030027737803722 -0.010533202929364 0.350782
9.750000 -0.043204260856034  0.005232142760582 -0.121102
9.800000 -0.056061093351040  0.020079566026716 -0.358173
9.850000 -0.068497873567621  0.033530647444493 -0.489514
9.900000 -0.080428432227525  0.045261043034274 -0.562749
9.950000 -0.091780245912482  0.055135575190506 -0.600735
10.000000 -0.102435049762985  0.063098621270281 -0.615987
10.050000 -0.111123625920667  0.069041172046020 -0.621301
10.100000 -0.116123653413055  0.072853030347207 -0.627375
10.150000 -0.116601751007820  0.074528596395442 -0.639172
10.200000 -0.112398689458478  0.074145362312796 -0.659664
10.250000 -0.103811516774431  0.071810674905188 -0.691741
10.300000 -0.091426927080541  0.067732931293096 -0.740842
10.350000 -0.075995782035353  0.062139544443206 -0.817671
10.400000 -0.058340462322596  0.055206139133538 -0.946275
10.450000 -0.039288210083251  0.047129098382648 -1.19957
10.500000 -0.019624864506749  0.038195807777003 -1.9463
10.550000 -0.000064429113638  0.028691981901237 -445.326
10.600000  0.018769227861879  0.018789937084552 1.0011
10.650000  0.036351522160406  0.008600403148422 0.23659
10.700000  0.052259540450066 -0.001887939049254 -0.0361262
10.750000  0.066169565601832 -0.012780540571577 -0.193148
10.800000  0.077851238381202 -0.024000325190738 -0.308284
10.850000  0.087159524694268 -0.035158449464739 -0.40338
10.900000  0.094025389569445 -0.045856957951866 -0.487708
10.950000  0.098445861928506 -0.055953225565798 -0.568365
11.000000  0.100473999306150 -0.065374021090258 -0.650656
11.050000  0.100209121762931 -0.073748084465091 -0.735942
11.100000  0.097787573194344 -0.080336253769921 -0.821538
11.150000  0.093374180936594 -0.084283395940306 -0.902641
11.200000  0.087154516703692 -0.084862585254423 -0.973703
11.250000  0.079328009861836 -0.081691465316834 -1.02979
11.300000  0.070101924852925 -0.074863475797483 -1.06792
11.350000  0.059686185722292 -0.064854757678772 -1.0866
11.400000  0.048289010115453 -0.052286082294266 -1.08277
11.450000  0.036113301074052 -0.037832733948394 -1.04761
11.500000  0.023353736073703 -0.022259107637653 -0.953128
11.550000  0.010194487852203 -0.006368585940068 -0.624709
11.600000 -0.003192490266072  0.009097984095843 -2.84981
11.650000 -0.016648681398258  0.023529441861879 -1.41329
11.700000 -0.030029789214152  0.036445646366491 -1.21365
11.750000 -0.043206150562984  0.047567537954930 -1.10094
11.800000 -0.056062833961167  0.056812573438612 -1.01337
11.850000 -0.068499476717068  0.064129579640812 -0.936205
11.900000 -0.080429908655552  0.069406988810337 -0.86295
11.950000 -0.091781605529603  0.072565326121912 -0.79063
12.000000 -0.102436301714016  0.073625527272906 -0.718744
12.050000 -0.111124778643062  0.072649773913913 -0.653768
12.100000 -0.116124714690864  0.069786495379403 -0.600962
12.150000 -0.116602728021600  0.065272213634837 -0.559783
12.200000 -0.112399588831452  0.059323333398187 -0.52779
12.250000 -0.103812344615176  0.052102548237517 -0.501892
12.300000 -0.091427689022448  0.043826001844818 -0.479352
12.350000 -0.075996483273118  0.034794757276464 -0.457847
12.400000 -0.058341107645941  0.025269277790665 -0.43313
12.450000 -0.039288803908099  0.015440971010358 -0.393012
12.500000 -0.019625410904033  0.005406508756383 -0.275485
12.550000 -0.000064931835918 -0.004908119341318 75.5888
12.600000  0.018768765355819 -0.015625880371726 -0.832547
12.650000  0.036351096682839 -0.026612176170569 -0.732087
12.700000  0.052259149063328 -0.037453777216795 -0.716693
12.750000  0.066169205598941 -0.047786294634514 -0.722183
12.800000  0.077850907267951 -0.057474921029106 -0.738269
12.850000  0.087159220172694 -0.066387277231034 -0.761678
12.900000  0.094025109522564 -0.074100371734319 -0.788091
12.950000  0.098445604406220 -0.079913642485079 -0.811754
13.000000  0.100473762512236 -0.083031546992341 -0.8264
13.050000  0.100208904043033 -0.082782688519965 -0.826101
13.100000  0.097787373024892 -0.078856463261598 -0.806407
13.150000  0.093373996914571 -0.071421097577947 -0.764893
13.200000  0.087154347537201 -0.060972151844970 -0.699588
13.250000  0.079327854361389 -0.048119465671562 -0.60659
13.300000  0.070101781923411 -0.033545084052560 -0.47852
13.350000  0.059686054355564 -0.018017008707152 -0.301863
13.400000  0.048288889383494 -0.002325615795362 -0.0481605
13.450000  0.036113190122668  0.012819910980208 0.354992
13.500000  0.023353634116710  0.026806051583254 1.14783
13.550000  0.010194394166067  0.039167343067421 3.84205
13.600000 -0.003192576347182  0.049681482033992 -15.5616
13.650000 -0.016648760487026  0.058301182662428 -3.50183
13.700000 -0.030029861874317  0.064969481381796 -2.1635
13.750000 -0.043206217313213  0.069586273348373 -1.61056
13.800000 -0.056062895278625  0.072112271467261 -1.28627
13.850000 -0.068499533040709  0.072562915361595 -1.05932
13.900000 -0.080429960389149  0.071013245719180 -0.88292
13.950000 -0.091781653044544  0.067652328785904 -0.737101
14.000000 -0.102436345351879  0.062734224641028 -0.612422
14.050000 -0.111124818717983  0.056456702010291 -0.508048
14.100000 -0.116124751491726  0.048980087295802 -0.421789
14.150000 -0.116602761814044  0.040543682609466 -0.347708
14.200000 -0.112399619859731  0.031435472664487 -0.279676
14.250000 -0.103812373103860  0.021915015150936 -0.211102
14.300000 -0.091427715178001  0.012186467860658 -0.133291
14.350000 -0.075996507285343  0.002315954673319 -0.0304745
14.400000 -0.058341129689314 -0.007827513507342 0.134168
14.450000 -0.039288824142997 -0.018357517947127 0.467245
14.500000 -0.019625429477862 -0.029087217916107 1.48212
14.550000 -0.000064948884158 -0.039596278890188 609.653
14.600000  0.018768749708663 -0.049555404141849 -2.64031
14.650000  0.036351082322349 -0.058822931375326 -1.61819
14.700000  0.052259135884366 -0.067202278945221 -1.28594
14.750000  0.066169193504900 -0.074250926389974 -1.12214
14.800000  0.077850896170069 -0.079304374624247 -1.01867
14.850000  0.087159209989423 -0.081613559107244 -0.936373
14.900000  0.094025100178985 -0.080560086561661 -0.856793
14.950000  0.098445595833510 -0.075916971267510 -0.771157
15.000000  0.100473754647177 -0.067916608558912 -0.675964
15.050000  0.100208896827557 -0.057063527698595 -0.569446
15.100000  0.097787366405663 -0.043964758068409 -0.449595
15.150000  0.093373990842607 -0.029310378088971 -0.313903
15.200000  0.087154341967516 -0.013872028584982 -0.159166
15.250000  0.079327849252673  0.001593131167008 0.0200829
15.300000  0.070101777237730  0.016390888374925 0.233816
15.350000  0.059686050058084  0.029902484710434 0.500996
15.400000  0.048288885442235  0.041695924563033 0.863468
15.450000  0.036113186508265  0.051605525895605 1.42899
15.500000  0.023353630802207  0.059599903977212 2.55206
15.550000  0.010194391126716  0.065616456080426 6.43653
15.600000 -0.003192579134099  0.069589188925946 -21.7972
15.650000 -0.016648763042361  0.071494870613278 -4.29431
15.700000 -0.030029864217212  0.071346819654911 -2.37586
15.750000 -0.043206219461235  0.069245219460241 -1.60267
15.800000 -0.056062897247898  0.065419572023377 -1.1669
15.850000 -0.068499534846029  0.060126999217688 -0.877772
15.900000 -0.080429962044097  0.053546826068862 -0.665757
15.950000 -0.091781654561580  0.045851629578116 -0.499573
16.000000 -0.102436346742437  0.037284828417541 -0.36398
16.050000 -0.111124819992553  0.028123689446991 -0.253082
16.100000 -0.116124752659935  0.018635407042672 -0.160477
16.150000 -0.116602762884723  0.009029726783380 -0.0774401
16.200000 -0.112399620840983 -0.000672551313498 0.00598357
16.250000 -0.103812374003117 -0.010643267466235 0.102524
16.300000 -0.091427716002082 -0.020970668249277 0.229369
16.350000 -0.075996508040501 -0.031422632809083 0.413475
16.400000 -0.058341130381286 -0.041587389755818 0.712831
16.450000 -0.039288824777045 -0.051167809446746 1.30235
16.500000 -0.019625430058811 -0.059994697873260 3.05699
16.550000 -0.000064949416435 -0.067823348016309 1044.25
16.600000  0.018768749221001 -0.074208342701421 -3.95382
16.650000  0.036351081875579 -0.078517619010353 -2.15998
16.700000  0.052259135475074 -0.080035276627265 -1.53151
16.750000  0.066169193129958 -0.078204635268514 -1.18189
16.800000  0.077850895826605 -0.072885374880377 -0.936218
16.850000  0.087159209674807 -0.064360110732078 -0.73842
16.900000  0.094025099890806 -0.053139134016716 -0.565159
16.950000  0.098445595569556 -0.039830930489991 -0.404598
17.000000  0.100473754405420 -0.025142626704194 -0.250241
17.050000  0.100208896606139 -0.009829208570377 -0.0980872
17.100000  0.097787366202880  0.005384550523637 0.0550639
17.150000  0.093373990656898  0.019804698228309 0.212101
17.200000  0.087154341797449  0.032815756425087 0.376525
17.250000  0.079327849096936  0.044035055307987 0.555102
17.300000  0.070101777095121  0.053342521381759 0.76093
17.350000  0.059686049927501  0.060705948067085 1.01709
17.400000  0.048288885322668  0.066077822400846 1.36839
17.450000  0.036113186398789  0.069421209421234 1.92232
17.500000  0.023353630701973  0.070717873082940 3.02813
17.550000  0.010194391034948  0.069984224066262 6.86497
17.600000 -0.003192579218114  0.067357261576834 -21.0981
17.650000 -0.016648763119276  0.063099112274024 -3.79002
17.700000 -0.030029864287623  0.057457573517394 -1.91335
17.750000 -0.043206219525691  0.050605781799318 -1.17126
17.800000 -0.056062897306899  0.042725319015054 -0.762096
17.850000 -0.068499534900037  0.034055166880944 -0.497159
17.900000 -0.080429962093531  0.024865147045201 -0.309153
17.950000 -0.091781654606827  0.015437211869518 -0.168195
18.000000 -0.102436346783850  0.005972368871240 -0.0583032
18.050000 -0.111124820030456 -0.003558524599552 0.0320228
18.100000 -0.116124752694624 -0.013352445172776 0.114984
18.150000 -0.116602762916470 -0.023460431215160 0.2012
18.200000 -0.112399620870035 -0.033616057598816 0.299076
18.250000 -0.103812374029703 -0.043430686523700 0.418358
18.300000 -0.091427716026411 -0.052622890412183 0.575568
18.350000 -0.075996508062763 -0.060990082212873 0.802538
18.400000 -0.058341130401656 -0.068254932169554 1.16993
18.450000 -0.039288824795684 -0.073982040419285 1.88303
18.500000 -0.019625430075865 -0.077560178244210 3.95202
18.550000 -0.000064949432038 -0.078303546722075 1205.61
18.600000  0.018768749206725 -0.075727207047063 -4.03475
18.650000  0.036351081862518 -0.069772890582089 -1.91942
18.700000  0.052259135463125 -0.060761932795912 -1.1627
18.750000  0.066169193119026 -0.049206242389482 -0.743643
18.800000  0.077850895816605 -0.035731162172197 -0.458969
18.850000  0.087159209665660 -0.021051607267773 -0.24153
18.900000  0.094025099882438 -0.005892236604409 -0.0626666
18.950000  0.098445595561902  0.009043915659161 0.0918671
19.000000  0.100473754398419  0.023055097923284 0.229464
19.050000  0.100208896599735  0.035545637768770 0.354715
19.100000  0.097787366197023  0.046189447291161 0.472346
19.150000  0.093373990651541  0.054890865977666 0.58786
19.200000  0.087154341792550  0.061622047468217 0.707045
19.250000  0.079327849092455  0.066359645912186 0.836524
19.300000  0.070101777091022  0.069087957336972 0.985538
19.350000  0.059686049923753  0.069785877593030 1.16922
19.400000  0.048288885319240  0.068483680131585 1.41821
19.450000  0.036113186395655  0.065361189446161 1.8099
19.500000  0.023353630699107  0.060699147748873 2.59913
19.550000  0.010194391032326  0.054735713385377 5.3692
19.600000 -0.003192579220510  0.047643658676143 -14.9233
19.650000 -0.016648763121467  0.039609195240445 -2.37911
19.700000 -0.030029864289626  0.030859821499168 -1.02764
19.750000 -0.043206219527523  0.021666679980304 -0.501471
19.800000 -0.056062897308575  0.012325464126540 -0.219851
19.850000 -0.068499534901568  0.003015877882585 -0.0440277
19.900000 -0.080429962094931 -0.006341548322825 0.0788456
19.950000 -0.091781654608106 -0.015951806816499 0.173802
