0.000000  0.000058708691043  0.000113630652974 1.9355
0.050000  0.001397978033584  0.001473809595842 1.05424
0.100000  0.005704107297886  0.005657298700778 0.991794
0.150000  0.013784910217552  0.013431926795265 0.974393
0.200000  0.025783590234212  0.024919852874891 0.966501
0.250000  0.041395698152761  0.039810205870550 0.961699
0.300000  0.060034856479254  0.057523222649857 0.958164
0.350000  0.080957353521531  0.077332919411931 0.95523
0.400000  0.103353939313936  0.098456817917404 0.952618
0.450000  0.126415669900266  0.120119710626170 0.950196
0.500000  0.149379403262958  0.141597164680195 0.947903
0.550000  0.171557512236712  0.162201060083924 0.945462
0.600000  0.192355515470098  0.181384717196961 0.942966
0.650000  0.211280609894948  0.198729707355445 0.940596
0.700000  0.227943494197110  0.213903034795358 0.938404
0.750000  0.242055382832307  0.226664423247918 0.936416
0.800000  0.253421707505383  0.236866781654286 0.934674
0.850000  0.261933673550549  0.244409905692675 0.933098
0.900000  0.267558570286890  0.249256604296804 0.931596
0.950000  0.270329516992232  0.251431904469234 0.930094
1.000000  0.270335151028771  0.251019853329362 0.928551
1.050000  0.267709624599691  0.248165913304407 0.926997
1.100000  0.262623165497653  0.243035721184867 0.925416
1.150000  0.255273369880676  0.235823165295569 0.923806
1.200000  0.245877327265623  0.226764276414364 0.922266
1.250000  0.234664625956914  0.216089482209280 0.920844
1.300000  0.221871248018386  0.204036078539372 0.919615
1.350000  0.207734334145820  0.190836284164034 0.918655
1.400000  0.192487778330313  0.176729156366987 0.918132
1.450000  0.176358598302848  0.161854295668823 0.917757
1.500000  0.159564019005692  0.146378561313719 0.917366
1.550000  0.142309201589287  0.130453839598666 0.916693
1.600000  0.124785548739687  0.114262352920641 0.91567
1.650000  0.107169517735642  0.097999019597422 0.91443
1.700000  0.089621874898555  0.081906008516762 0.913906
1.750000  0.072287328538747  0.066216012255347 0.916011
1.800000  0.055294481725684  0.050721860637567 0.917304
1.850000  0.038756050910171  0.036077218539684 0.93088
1.900000  0.022769301364269  0.023523688603249 1.03313
1.950000  0.007416655397371  0.014344578747189 1.9341
2.000000 -0.007174857090821  0.009302346853382 -1.29652
2.050000 -0.019728322924132  0.008556427579084 -0.433713
2.100000 -0.028514731176193  0.011827571364977 -0.414788
2.150000 -0.032694951995562  0.018553257165114 -0.567465
2.200000 -0.032104885630612  0.028013406770057 -0.872559
2.250000 -0.027037525692698  0.039432140522172 -1.45842
2.300000 -0.018076267561840  0.052063957138740 -2.88024
2.350000 -0.005969371182870  0.065138688721476 -10.9122
2.400000  0.008462744008673  0.077963814117284 9.21259
2.450000  0.024394210987331  0.090011262471483 3.68986
2.500000  0.041040031513552  0.100871860886182 2.45789
2.550000  0.057686558357177  0.110222012218484 1.91071
2.600000  0.073709841898763  0.117846253977968 1.59879
2.650000  0.088584823247413  0.123586730807335 1.39512
2.700000  0.101887763061603  0.127322977520783 1.24964
2.750000  0.113293806146426  0.128984566328911 1.1385
2.800000  0.122571179954584  0.128554052761917 1.04881
2.850000  0.129573196178512  0.126109064269347 0.973265
2.900000  0.134228956677142  0.121765175365208 0.907145
2.950000  0.136533447863896  0.115653894397452 0.847074
3.000000  0.136537532796526  0.107967054724653 0.79075
3.050000  0.134338210301656  0.098916387791948 0.736324
3.100000  0.130069399429772  0.088712013411487 0.682036
3.150000  0.123893420237590  0.077557396368396 0.626001
3.200000  0.115993274031071  0.065715900735272 0.566549
3.250000  0.106565774174654  0.053331204211014 0.500453
3.300000  0.095815539378345  0.040505094644305 0.42274
3.350000  0.083949832516738  0.027316766027479 0.325394
3.400000  0.071174207442400  0.013875188066070 0.194947
3.450000  0.057688912219343  0.000315570818458 0.00547022
3.500000  0.043685988312429 -0.013139098456725 -0.300762
3.550000  0.029347000371370 -0.026085630914517 -0.888869
3.600000  0.014841329402162 -0.038599072760745 -2.60078
3.650000  0.000324962560893 -0.050646157644009 -155.852
3.700000 -0.014060285080676 -0.061564521261525 4.37861
3.750000 -0.028187178154043 -0.070180083565501 2.48979
3.800000 -0.041943155270298 -0.075373254557527 1.79703
3.850000 -0.055230162661291 -0.076500492208438 1.38512
3.900000 -0.067964275083521 -0.073449368916413 1.08071
3.950000 -0.080075147011073 -0.066526138985231 0.830796
4.000000 -0.091446623655272 -0.056323323576997 0.615915
4.050000 -0.100811528219298 -0.043590398963554 0.432395
4.100000 -0.106449511036422 -0.029071312660965 0.2731
4.150000 -0.107529092072272 -0.013541129045560 0.12593
4.200000 -0.103892873169700  0.002206345522921 -0.0212367
4.250000 -0.095839663628939  0.017497710025250 -0.182573
4.300000 -0.083957849651056  0.031826298133060 -0.379075
4.350000 -0.068999916579559  0.044796631060774 -0.649227
4.400000 -0.051789801423257  0.056129915475468 -1.0838
4.450000 -0.033156236498767  0.065642819912651 -1.9798
4.500000 -0.013886486384754  0.073196214088963 -5.27104
4.550000  0.005304083303860  0.078682736037660 14.8344
4.600000  0.023790303935295  0.082012752688088 3.44732
4.650000  0.041046350864674  0.083195567848530 2.02687
4.700000  0.056648128633415  0.082324219885601 1.45326
4.750000  0.070270794438860  0.079507771214587 1.13145
4.800000  0.081682917982392  0.074904044056156 0.91701
4.850000  0.090738446847173  0.068725511251162 0.757402
4.900000  0.097367378598336  0.061195545498680 0.628502
4.950000  0.101565823669605  0.052500825508245 0.516914
5.000000  0.103385968204633  0.042921646972983 0.415159
5.050000  0.102926306105864  0.032692899662583 0.317634
5.100000  0.100322398500681  0.021954468614145 0.218839
5.150000  0.095738331531337  0.010769032785354 0.112484
5.200000  0.089358975508535 -0.000805582254556 -0.00901512
5.250000  0.081383096438939 -0.012702091244399 -0.156078
5.300000  0.072017331742188 -0.024811267262313 -0.344518
5.350000  0.061471013115502 -0.036701676892193 -0.597057
5.400000  0.049951798913176 -0.048115969233591 -0.963248
5.450000  0.037662064373031 -0.059098134597130 -1.56917
5.500000  0.024795989134062 -0.069508686658145 -2.80322
5.550000  0.011537276594758 -0.078632855060499 -6.81555
5.600000 -0.001942562181373 -0.085368195708706 43.9462
5.650000 -0.015485426861403 -0.088723198353471 5.72946
5.700000 -0.028947413270202 -0.088138577669619 3.04478
5.750000 -0.042199227282042 -0.083535784489215 1.97956
5.800000 -0.055126284522338 -0.075243378879061 1.36493
5.850000 -0.067628548656197 -0.063894501906492 0.944786
5.900000 -0.079620156227279 -0.050207986806014 0.630594
5.950000 -0.091028871135205 -0.034916667274106 0.383578
6.000000 -0.101736698347533 -0.018818263979434 0.18497
6.050000 -0.110474673309342 -0.002699931604180 0.0244394
6.100000 -0.115520712750386  0.012796117256932 -0.110769
6.150000 -0.116041658418201  0.027176504902468 -0.234196
6.200000 -0.111878490160442  0.040077041435055 -0.358219
6.250000 -0.103328451990671  0.051260204848913 -0.49609
6.300000 -0.090978421704180  0.060572958785858 -0.665795
6.350000 -0.075579433014361  0.067910214873455 -0.898528
6.400000 -0.057954027725652  0.073148153152404 -1.26218
6.450000 -0.038929598811764  0.076212217082765 -1.95769
6.500000 -0.019292126619133  0.077141686639794 -3.99861
6.550000  0.000244253270647  0.076027142744911 311.264
6.600000  0.019055549109685  0.072988648039971 3.83031
6.650000  0.036617061153420  0.068212350231975 1.86286
6.700000  0.052505768122990  0.061938060603857 1.17964
6.750000  0.066397852017396  0.054346317881135 0.818495
6.800000  0.078062859367933  0.045677681404350 0.58514
6.850000  0.087355668071728  0.036221568637594 0.414645
6.900000  0.094207160984435  0.026211982128061 0.278238
6.950000  0.098614290324620  0.015764085609945 0.159856
7.000000  0.100630042047920  0.004926123030328 0.0489528
7.050000  0.100353669434746 -0.006273447411967 -0.0625134
7.100000  0.097921454093292 -0.017860018677025 -0.182391
7.150000  0.093498165277377 -0.029580029177697 -0.31637
7.200000  0.087269320552819 -0.041001243205593 -0.469824
7.250000  0.079434298817363 -0.051919407548687 -0.653614
7.300000  0.070200317485163 -0.062344735928744 -0.888098
7.350000  0.059777256790033 -0.072044796713159 -1.20522
7.400000  0.048373293571493 -0.080275359636626 -1.6595
7.450000  0.036191292872991 -0.086014514342288 -2.37666
7.500000  0.023425896794305 -0.088383034038359 -3.77288
7.550000  0.010261245145881 -0.086892419928977 -8.46802
7.600000 -0.003130739389746 -0.081496525784496 26.0311
7.650000 -0.016591568438717 -0.072583159540643 4.3747
7.700000 -0.029976972190017 -0.060791642906514 2.02794
7.750000 -0.043157312156130 -0.046814553613257 1.08474
7.800000 -0.056017679786112 -0.031392231250787 0.560399
7.850000 -0.068457733707620 -0.015336420337232 0.224028
7.900000 -0.080391323561126  0.000588317384410 -0.00731817
7.950000 -0.091745943514096  0.015759121680802 -0.171769
8.000000 -0.102403345050549  0.029699259518013 -0.290022
8.050000 -0.111094325498301  0.042075470015568 -0.378736
8.100000 -0.116096577993042  0.052678965488776 -0.453751
8.150000 -0.116576734406700  0.061405929512521 -0.526743
8.200000 -0.112375577662376  0.068149144868976 -0.606441
8.250000 -0.103790167069032  0.072780954446742 -0.701232
8.300000 -0.091407207241420  0.075257658982384 -0.823323
8.350000 -0.075977569574636  0.075630890018531 -0.995437
8.400000 -0.058323643788172  0.073988686332146 -1.26859
8.450000 -0.039272680407017  0.070468686894072 -1.79434
8.500000 -0.019610526398568  0.065306504374723 -3.33018
8.550000 -0.000051192497934  0.058706053313942 -1146.77
8.600000  0.018781446369811  0.050860340791038 2.70801
8.650000  0.036362799741056  0.042034087695281 1.15596
8.700000  0.052269948531871  0.032528901300753 0.622325
8.750000  0.066179170281219  0.022562701891943 0.340934
8.800000  0.077860100812705  0.012238131771112 0.157181
8.850000  0.087167701452801  0.001605603893491 0.0184197
8.900000  0.094032932986647 -0.009412113596667 -0.100094
8.950000  0.098452820404958 -0.020802928269102 -0.211298
9.000000  0.100480417601154 -0.032241909518808 -0.320878
9.050000  0.100215041263408 -0.043313824019364 -0.432209
9.100000  0.097793032164317 -0.053848101364348 -0.550633
9.150000  0.093379214748614 -0.063810135470473 -0.683344
9.200000  0.087159158053494 -0.072886164273077 -0.836242
9.250000  0.079332288967382 -0.080324801416403 -1.01251
9.300000  0.070105869638969 -0.085187571472598 -1.21513
9.350000  0.059689821991469 -0.086691429900432 -1.45237
9.400000  0.048292361706868 -0.084396591734153 -1.74762
9.450000  0.036116390010245 -0.078322105309411 -2.1686
9.500000  0.023356582696836 -0.068903934575774 -2.95009
9.550000  0.010197110950233 -0.056771850361333 -5.56744
9.600000 -0.003190073342517 -0.042603979624984 13.3552
9.650000 -0.016646454627627 -0.027156205841904 1.63135
9.700000 -0.030027737803722 -0.011236740789857 0.374212
9.750000 -0.043204260856034  0.004412826695706 -0.102139
9.800000 -0.056061093351040  0.019187446326876 -0.34226
9.850000 -0.068497873567621  0.032631736119575 -0.47639
9.900000 -0.080428432227525  0.044428929639588 -0.552403
9.950000 -0.091780245912482  0.054423279693991 -0.592974
10.000000 -0.102435049762985  0.062535842679804 -0.610493
10.050000 -0.111123625920667  0.068648648559333 -0.617768
10.100000 -0.116123653413055  0.072650612463292 -0.625631
10.150000 -0.116601751007820  0.074526095274965 -0.639151
10.200000 -0.112398689458478  0.074328358374625 -0.661292
10.250000 -0.103811516774431  0.072141472434146 -0.694927
10.300000 -0.091426927080541  0.068159043663804 -0.745503
10.350000 -0.075995782035353  0.062614563325348 -0.823922
10.400000 -0.058340462322596  0.055697945912690 -0.954705
10.450000 -0.039288210083251  0.047613472236538 -1.2119
10.500000 -0.019624864506749  0.038649283381552 -1.9694
10.550000 -0.000064429113638  0.029105070054771 -451.738
10.600000  0.018769227861879  0.019180032678228 1.02189
10.650000  0.036351522160406  0.008999708299129 0.247574
10.700000  0.052259540450066 -0.001453222347952 -0.0278078
10.750000  0.066169565601832 -0.012300452812605 -0.185893
10.800000  0.077851238381202 -0.023480291937804 -0.301605
10.850000  0.087159524694268 -0.034625303840012 -0.397264
10.900000  0.094025389569445 -0.045347350790012 -0.482288
10.950000  0.098445861928506 -0.055495685842476 -0.563718
11.000000  0.100473999306150 -0.064981258972307 -0.646747
11.050000  0.100209121762931 -0.073423349706919 -0.732701
11.100000  0.097787573194344 -0.080083173027202 -0.81895
11.150000  0.093374180936594 -0.084106657096019 -0.900749
11.200000  0.087154516703692 -0.084774707730357 -0.972694
11.250000  0.079328009861836 -0.081709466074899 -1.03002
11.300000  0.070101924852925 -0.075003967149845 -1.06993
11.350000  0.059686185722292 -0.065126480629226 -1.09115
11.400000  0.048289010115453 -0.052691992987120 -1.09118
11.450000  0.036113301074052 -0.038378823583964 -1.06273
11.500000  0.023353736073703 -0.022952677569161 -0.982827
11.550000  0.010194487852203 -0.007209355554701 -0.707182
11.600000 -0.003192490266072  0.008132313301130 -2.54733
11.650000 -0.016648681398258  0.022491343496636 -1.35094
11.700000 -0.030029789214152  0.035416317842622 -1.17937
11.750000 -0.043206150562984  0.046628621174909 -1.07921
11.800000 -0.056062833961167  0.056020773387568 -0.99925
11.850000 -0.068499476717068  0.063517266303500 -0.927266
11.900000 -0.080429908655552  0.068998306471514 -0.857869
11.950000 -0.091781605529603  0.072381058742405 -0.788623
12.000000 -0.102436301714016  0.073670007223329 -0.719179
12.050000 -0.111124778643062  0.072901633608222 -0.656034
12.100000 -0.116124714690864  0.070196967161470 -0.604496
12.150000 -0.116602728021600  0.065781399752748 -0.56415
12.200000 -0.112399588831452  0.059880903595386 -0.53275
12.250000 -0.103812344615176  0.052675620964847 -0.507412
12.300000 -0.091427689022448  0.044387033433121 -0.485488
12.350000 -0.075996483273118  0.035318523671292 -0.464739
12.400000 -0.058341107645941  0.025749594887333 -0.441363
12.450000 -0.039288803908099  0.015898144011892 -0.404648
12.500000 -0.019625410904033  0.005873035767329 -0.299257
12.550000 -0.000064931835918 -0.004406926951693 67.8701
12.600000  0.018768765355819 -0.015076581175599 -0.80328
12.650000  0.036351096682839 -0.026022743881492 -0.715872
12.700000  0.052259149063328 -0.036855689278714 -0.705249
12.750000  0.066169205598941 -0.047220107336907 -0.713627
12.800000  0.077850907267951 -0.056970733683187 -0.731793
12.850000  0.087159220172694 -0.065958430806881 -0.756758
12.900000  0.094025109522564 -0.073752586043751 -0.784392
12.950000  0.098445604406220 -0.079649253685503 -0.809069
13.000000  0.100473762512236 -0.082856903725146 -0.824662
13.050000  0.100208904043033 -0.082711886741533 -0.825395
13.100000  0.097787373024892 -0.078910576237015 -0.806961
13.150000  0.093373996914571 -0.071617601547889 -0.766997
13.200000  0.087154347537201 -0.061317673376631 -0.703553
13.250000  0.079327854361389 -0.048616789569866 -0.612859
13.300000  0.070101781923411 -0.034199813658240 -0.487859
13.350000  0.059686054355564 -0.018835699045703 -0.31558
13.400000  0.048288889383494 -0.003304158012083 -0.0684248
13.450000  0.036113190122668  0.011709319284579 0.324239
13.500000  0.023353634116710  0.025629407065295 1.09745
13.550000  0.010194394166067  0.038018538554255 3.72936
13.600000 -0.003192576347182  0.048648969711475 -15.2382
13.650000 -0.016648760487026  0.057443980821583 -3.45035
13.700000 -0.030029861874317  0.064322736998253 -2.14196
13.750000 -0.043206217313213  0.069177414275864 -1.6011
13.800000 -0.056062895278625  0.071960050477326 -1.28356
13.850000 -0.068499533040709  0.072666889947875 -1.06084
13.900000 -0.080429960389149  0.071342479449733 -0.887014
13.950000 -0.091781653044544  0.068148017949000 -0.742502
14.000000 -0.102436345351879  0.063328758141663 -0.618225
14.050000 -0.111124818717983  0.057098099301154 -0.51382
14.100000 -0.116124751491726  0.049633942106280 -0.427419
14.150000 -0.116602761814044  0.041179267916655 -0.353159
14.200000 -0.112399619859731  0.032028060273660 -0.284948
14.250000 -0.103812373103860  0.022461909779444 -0.21637
14.300000 -0.091427715178001  0.012710170596708 -0.139019
14.350000 -0.075996507285343  0.002846794113988 -0.0374595
14.400000 -0.058341129689314 -0.007262099748273 0.124477
14.450000 -0.039288824142997 -0.017743002724919 0.451604
14.500000 -0.019625429477862 -0.028434084543983 1.44884
14.550000 -0.000064948884158 -0.038940619191902 599.558
14.600000  0.018768749708663 -0.048940755904687 -2.60757
14.650000  0.036351082322349 -0.058279724024068 -1.60325
14.700000  0.052259135884366 -0.066746344934893 -1.27722
14.750000  0.066169193504900 -0.073887997428612 -1.11665
14.800000  0.077850896170069 -0.079036961780182 -1.01524
14.850000  0.087159209989423 -0.081448122344048 -0.934475
14.900000  0.094025100178985 -0.080514534116043 -0.856309
14.950000  0.098445595833510 -0.076015848420001 -0.772161
15.000000  0.100473754647177 -0.068176559496275 -0.678551
15.050000  0.100208896827557 -0.057489856459121 -0.5737
15.100000  0.097787366405663 -0.044559519891860 -0.455678
15.150000  0.093373990842607 -0.030078736631326 -0.322132
15.200000  0.087154341967516 -0.014817889805063 -0.170019
15.250000  0.079327849252673  0.000476027047855 0.00600076
15.300000  0.070101777237730  0.015138977602165 0.215957
15.350000  0.059686050058084  0.028595575703354 0.4791
15.400000  0.048288885442235  0.040439529822114 0.83745
15.450000  0.036113186508265  0.050492748360035 1.39818
15.500000  0.023353630802207  0.058691430344723 2.51316
15.550000  0.010194391126716  0.064950922555052 6.37124
15.600000 -0.003192579134099  0.069194848446853 -21.6737
15.650000 -0.016648763042361  0.071388355061813 -4.28791
15.700000 -0.030029864217212  0.071521055653931 -2.38166
15.750000 -0.043206219461235  0.069659715810221 -1.61226
15.800000 -0.056062897247898  0.066004442554130 -1.17733
15.850000 -0.068499534846029  0.060808962591503 -0.887728
15.900000 -0.080429962044097  0.054272809637625 -0.674783
15.950000 -0.091781654561580  0.046584924958599 -0.507562
16.000000 -0.102436346742437  0.037992790723923 -0.370892
16.050000 -0.111124819992553  0.028783386126532 -0.259019
16.100000 -0.116124752659935  0.019248418341085 -0.165756
16.150000 -0.116602762884723  0.009617598829549 -0.0824817
16.200000 -0.112399620840983 -0.000079913432200 0.000710976
16.250000 -0.103812374003117 -0.010016751815999 0.096489
16.300000 -0.091427716002082 -0.020295179471495 0.221981
16.350000 -0.075996508040501 -0.030711870726679 0.404122
16.400000 -0.058341130381286 -0.040881853662540 0.700738
16.450000 -0.039288824777045 -0.050512019130180 1.28566
16.500000 -0.019625430058811 -0.059420831742532 3.02775
16.550000 -0.000064949416435 -0.067348469248422 1036.94
16.600000  0.018768749221001 -0.073838689530608 -3.93413
16.650000  0.036351081875579 -0.078254261899816 -2.15274
16.700000  0.052259135475074 -0.079886243172169 -1.52866
16.750000  0.066169193129958 -0.078192575877971 -1.18171
16.800000  0.077850895826605 -0.073036788821236 -0.938162
16.850000  0.087159209674807 -0.064690570649079 -0.742212
16.900000  0.094025099890806 -0.053652565268775 -0.57062
16.950000  0.098445595569556 -0.040528979290065 -0.411689
17.000000  0.100473754405420 -0.026027855313780 -0.259051
17.050000  0.100208896606139 -0.010904257576446 -0.108815
17.100000  0.097787366202880  0.004129421953602 0.0422286
17.150000  0.093373990656898  0.018416224317915 0.197231
17.200000  0.087154341797449  0.031388137963228 0.360144
17.250000  0.079327849096936  0.042683440965529 0.538064
17.300000  0.070101777095121  0.052162726993625 0.7441
17.350000  0.059686049927501  0.059761052897648 1.00126
17.400000  0.048288885322668  0.065408490446809 1.35452
17.450000  0.036113186398789  0.069055802941051 1.9122
17.500000  0.023353630701973  0.070669351804741 3.02605
17.550000  0.010194391034948  0.070238832017251 6.88995
17.600000 -0.003192579218114  0.067863296536171 -21.2566
17.650000 -0.016648763119276  0.063776359916931 -3.8307
17.700000 -0.030029864287623  0.058228697215849 -1.93903
17.750000 -0.043206219525691  0.051416319883317 -1.19002
17.800000 -0.056062897306899  0.043536277243898 -0.776561
17.850000 -0.068499534900037  0.034832868866528 -0.508512
17.900000 -0.080429962093531  0.025590847993453 -0.318176
17.950000 -0.091781654606827  0.016114532933458 -0.175575
18.000000 -0.102436346783850  0.006621818306525 -0.0646432
18.050000 -0.111124820030456 -0.002907178350079 0.0261614
18.100000 -0.116124752694624 -0.012668239829686 0.109092
18.150000 -0.116602762916470 -0.022728532488749 0.194923
18.200000 -0.112399620870035 -0.032854417031623 0.2923
18.250000 -0.103812374029703 -0.042682342438531 0.411149
18.300000 -0.091427716026411 -0.051933637845892 0.568029
18.350000 -0.075996508062763 -0.060393413841642 0.794687
18.400000 -0.058341130401656 -0.067769701774739 1.16161
18.450000 -0.039288824795684 -0.073613233904515 1.87364
18.500000 -0.019625430075865 -0.077307501055434 3.93915
18.550000 -0.000064949432038 -0.078178292607162 1203.68
18.600000  0.018768749206725 -0.075756421909937 -4.03631
18.650000  0.036351081862518 -0.069984093602539 -1.92523
18.700000  0.052259135463125 -0.061169240046351 -1.1705
18.750000  0.066169193119026 -0.049813142001341 -0.752815
18.800000  0.077850895816605 -0.036536913974737 -0.469319
18.850000  0.087159209665660 -0.022056445425987 -0.253059
18.900000  0.094025099882438 -0.007097658710915 -0.0754869
18.950000  0.098445595561902  0.007652254371545 0.0777308
19.000000  0.100473754398419  0.021536276425406 0.214347
19.050000  0.100208896599735  0.034007904021204 0.33937
19.100000  0.097787366197023  0.044754956024479 0.457676
19.150000  0.093373990651541  0.053657881250921 0.574656
19.200000  0.087154341792550  0.060655440397694 0.695954
19.250000  0.079327849092455  0.065701399713628 0.828226
19.300000  0.070101777091022  0.068764787716980 0.980928
19.350000  0.059686049923753  0.069807099872197 1.16957
19.400000  0.048288885319240  0.068827462479004 1.42533
19.450000  0.036113186395655  0.065963802092031 1.82658
19.500000  0.023353630699107  0.061471398726208 2.6322
19.550000  0.010194391032326  0.055597075729078 5.45369
19.600000 -0.003192579220510  0.048538165423101 -15.2034
19.650000 -0.016648763121467  0.040495133769130 -2.43232
19.700000 -0.030029864289626  0.031705170381421 -1.05579
19.750000 -0.043206219527523  0.022456671246055 -0.519756
19.800000 -0.056062897308575  0.013064830463281 -0.233039
19.850000 -0.068499534901568  0.003723722272947 -0.0543613
19.900000 -0.080429962094931 -0.005634911621768 0.0700599
19.950000 -0.091781654608106 -0.015213466661853 0.165757
