0.000000  0.000058708691043  0.000112638111465 1.91859
0.050000  0.001397978033584  0.001460997144910 1.04508
0.100000  0.005704107297886  0.005610022221535 0.983506
0.150000  0.013784910217552  0.013324261718158 0.966583
0.200000  0.025783590234212  0.024729137575160 0.959104
0.250000  0.041395698152761  0.039520696432470 0.954705
0.300000  0.060034856479254  0.057127756486404 0.951576
0.350000  0.080957353521531  0.076833193268154 0.949058
0.400000  0.103353939313936  0.097862745008907 0.94687
0.450000  0.126415669900266  0.119448208681425 0.944885
0.500000  0.149379403262958  0.140870636560561 0.943039
0.550000  0.171557512236712  0.161494294143667 0.941342
0.600000  0.192355515470098  0.180766782306623 0.939754
0.650000  0.211280609894948  0.198237375783082 0.938266
0.700000  0.227943494197110  0.213551976959428 0.936864
0.750000  0.242055382832307  0.226455030743118 0.93555
0.800000  0.253421707505383  0.236778650742794 0.934327
0.850000  0.261933673550549  0.244430833532313 0.933178
0.900000  0.267558570286890  0.249387997583025 0.932087
0.950000  0.270329516992232  0.251683354223938 0.931024
1.000000  0.270335151028771  0.251400436516569 0.929958
1.050000  0.267709624599691  0.248665587299346 0.928863
1.100000  0.262623165497653  0.243641231930600 0.927722
1.150000  0.255273369880676  0.236518793664721 0.926531
1.200000  0.245877327265623  0.227510758713713 0.925302
1.250000  0.234664625956914  0.216844875289304 0.924063
1.300000  0.221871248018386  0.204755706076710 0.922858
1.350000  0.207734334145820  0.191476856850315 0.921739
1.400000  0.192487778330313  0.177231303675111 0.920741
1.450000  0.176358598302848  0.162212704501106 0.919789
1.500000  0.159564019005692  0.146583401378888 0.918649
1.550000  0.142309201589287  0.130494020205279 0.916975
1.600000  0.124785548739687  0.114106185681454 0.914418
1.650000  0.107169517735642  0.097611207062809 0.910811
1.700000  0.089621874898555  0.081241176280571 0.906488
1.750000  0.072287328538747  0.065244717999648 0.902575
1.800000  0.055294481725684  0.049531503600856 0.895777
1.850000  0.038756050910171  0.034799267128459 0.897905
1.900000  0.022769301364269  0.022250204008129 0.977202
1.950000  0.007416655397371  0.013125128380865 1.76968
2.000000 -0.007174857090821  0.008156988855826 -1.13689
2.050000 -0.019728322924132  0.007493616641780 -0.379841
2.100000 -0.028514731176193  0.010843043671981 -0.380261
2.150000 -0.032694951995562  0.017638633986928 -0.539491
2.200000 -0.032104885630612  0.027165704206095 -0.846155
2.250000 -0.027037525692698  0.038652189056738 -1.42958
2.300000 -0.018076267561840  0.051330069465843 -2.83964
2.350000 -0.005969371182870  0.064492435077026 -10.8039
2.400000  0.008462744008673  0.077504292440886 9.15829
2.450000  0.024394210987331  0.089820887924266 3.68206
2.500000  0.041040031513552  0.100990116930794 2.46077
2.550000  0.057686558357177  0.110658080557313 1.91826
2.600000  0.073709841898763  0.118565328388099 1.60854
2.650000  0.088584823247413  0.124533611448350 1.40581
2.700000  0.101887763061603  0.128456933525552 1.26077
2.750000  0.113293806146426  0.130289895758589 1.15002
2.800000  0.122571179954584  0.130040354359707 1.06094
2.850000  0.129573196178512  0.127764015989748 0.986037
2.900000  0.134228956677142  0.123559864665656 0.920516
2.950000  0.136533447863896  0.117565107953780 0.861072
3.000000  0.136537532796526  0.109946737951882 0.805249
3.050000  0.134338210301656  0.100894845994327 0.751051
3.100000  0.130069399429772  0.090613833955946 0.696658
3.150000  0.123893420237590  0.079314162334318 0.640181
3.200000  0.115993274031071  0.067207003871601 0.579404
3.250000  0.106565774174654  0.054480709904800 0.51124
3.300000  0.095815539378345  0.041276884381698 0.430795
3.350000  0.083949832516738  0.027697664970321 0.329931
3.400000  0.071174207442400  0.013838406060765 0.19443
3.450000  0.057688912219343 -0.000172843779257 -0.00299614
3.500000  0.043685988312429 -0.014131075937654 -0.323469
3.550000  0.029347000371370 -0.027680544779042 -0.943215
3.600000  0.014841329402162 -0.040782768704047 -2.74792
3.650000  0.000324962560893 -0.053233501069777 -163.814
3.700000 -0.014060285080676 -0.064318338329644 4.57447
3.750000 -0.028187178154043 -0.072912756419994 2.58673
3.800000 -0.041943155270298 -0.077969443754116 1.85893
3.850000 -0.055230162661291 -0.078889997018876 1.42839
3.900000 -0.067964275083521 -0.075597790719976 1.11232
3.950000 -0.080075147011073 -0.068428562787606 0.854554
4.000000 -0.091446623655272 -0.057981860237979 0.634051
4.050000 -0.100811528219298 -0.044995646121224 0.446334
4.100000 -0.106449511036422 -0.030261432152717 0.28428
4.150000 -0.107529092072272 -0.014545571000151 0.135271
4.200000 -0.103892873169700  0.001446934839730 -0.0139272
4.250000 -0.095839663628939  0.017094664461668 -0.178367
4.300000 -0.083957849651056  0.031866813026794 -0.379557
4.350000 -0.068999916579559  0.045329486695556 -0.65695
4.400000 -0.051789801423257  0.057149245201110 -1.10348
4.450000 -0.033156236498767  0.067084251775390 -2.02328
4.500000 -0.013886486384754  0.074973607683781 -5.39903
4.550000  0.005304083303860  0.080724569963463 15.2193
4.600000  0.023790303935295  0.084302203556043 3.54355
4.650000  0.041046350864674  0.085722994302838 2.08844
4.700000  0.056648128633415  0.085051305162509 1.5014
4.750000  0.070270794438860  0.082397155704254 1.17257
4.800000  0.081682917982392  0.077909535274340 0.953805
4.850000  0.090738446847173  0.071768608130215 0.790939
4.900000  0.097367378598336  0.064175646169158 0.659108
4.950000  0.101565823669605  0.055341688889987 0.544885
5.000000  0.103385968204633  0.045486126348755 0.439964
5.050000  0.102926306105864  0.034824516120227 0.338344
5.100000  0.100322398500681  0.023536014691926 0.234604
5.150000  0.095738331531337  0.011742785120528 0.122655
5.200000  0.089358975508535 -0.000475551177010 -0.00532181
5.250000  0.081383096438939 -0.013043337841434 -0.160271
5.300000  0.072017331742188 -0.025839650588828 -0.358798
5.350000  0.061471013115502 -0.038515881208408 -0.62657
5.400000  0.049951798913176 -0.050817554230638 -1.01733
5.450000  0.037662064373031 -0.062606544177045 -1.66232
5.500000  0.024795989134062 -0.073547787563985 -2.96612
5.550000  0.011537276594758 -0.082871749373786 -7.18296
5.600000 -0.001942562181373 -0.089543120534361 46.0954
5.650000 -0.015485426861403 -0.092654730119126 5.98335
5.700000 -0.028947413270202 -0.091714466392358 3.16831
5.750000 -0.042199227282042 -0.086705939700682 2.05468
5.800000 -0.055126284522338 -0.077998038029855 1.4149
5.850000 -0.067628548656197 -0.066207805206932 0.978992
5.900000 -0.079620156227279 -0.052088642737746 0.654214
5.950000 -0.091028871135205 -0.036430529290208 0.400209
6.000000 -0.101736698347533 -0.019992946400775 0.196517
6.050000 -0.110474673309342 -0.003464948075089 0.0313642
6.100000 -0.115520712750386  0.012551102482677 -0.108648
6.150000 -0.116041658418201  0.027546192214586 -0.237382
6.200000 -0.111878490160442  0.041111425480075 -0.367465
6.250000 -0.103328451990671  0.052936365153698 -0.512312
6.300000 -0.090978421704180  0.062800946143969 -0.690284
6.350000 -0.075579433014361  0.070562954264815 -0.933626
6.400000 -0.057954027725652  0.076144963277488 -1.31389
6.450000 -0.038929598811764  0.079524649666174 -2.04278
6.500000 -0.019292126619133  0.080729554219920 -4.18459
6.550000  0.000244253270647  0.079836427784136 326.859
6.600000  0.019055549109685  0.076968400677293 4.03916
6.650000  0.036617061153420  0.072288885463623 1.97419
6.700000  0.052505768122990  0.065991687014767 1.25685
6.750000  0.066397852017396  0.058285083212094 0.877816
6.800000  0.078062859367933  0.049385835409262 0.632642
6.850000  0.087355668071728  0.039518823778425 0.45239
6.900000  0.094207160984435  0.028896770522574 0.306736
6.950000  0.098614290324620  0.017686188299777 0.179347
7.000000  0.100630042047920  0.005992888356091 0.0595537
7.050000  0.100353669434746 -0.006120631347863 -0.0609906
7.100000  0.097921454093292 -0.018617966737810 -0.190132
7.150000  0.093498165277377 -0.031276336350933 -0.334513
7.200000  0.087269320552819 -0.043759430004852 -0.50143
7.250000  0.079434298817363 -0.055810876347560 -0.702604
7.300000  0.070200317485163 -0.067212175341400 -0.957434
7.350000  0.059777256790033 -0.077522510285978 -1.29686
7.400000  0.048373293571493 -0.085955557735930 -1.77692
7.450000  0.036191292872991 -0.091563865992057 -2.53
7.500000  0.023425896794305 -0.093563026106469 -3.994
7.550000  0.010261245145881 -0.091559667923038 -8.92286
7.600000 -0.003130739389746 -0.085599731592974 27.3417
7.650000 -0.016591568438717 -0.076084672325925 4.58574
7.700000 -0.029976972190017 -0.063654703659711 2.12345
7.750000 -0.043157312156130 -0.049072468390801 1.13706
7.800000 -0.056017679786112 -0.033127796186698 0.591381
7.850000 -0.068457733707620 -0.016570614554947 0.242056
7.900000 -0.080391323561126 -0.000074753469990 0.00092987
7.950000 -0.091745943514096  0.015775656465233 -0.171949
8.000000 -0.102403345050549  0.030493821291069 -0.297781
8.050000 -0.111094325498301  0.043693370279351 -0.3933
8.100000 -0.116096577993042  0.055085351485643 -0.474479
8.150000 -0.116576734406700  0.064468981542433 -0.553018
8.200000 -0.112375577662376  0.071718403362050 -0.638203
8.250000 -0.103790167069032  0.076769823547414 -0.739664
8.300000 -0.091407207241420  0.079612185199558 -0.870962
8.350000 -0.075977569574636  0.080284544458070 -1.05669
8.400000 -0.058323643788172  0.078875878340863 -1.35238
8.450000 -0.039272680407017  0.075522885293135 -1.92304
8.500000 -0.019610526398568  0.070403915501584 -3.59011
8.550000 -0.000051192497934  0.063722362890695 -1244.76
8.600000  0.018781446369811  0.055690933885553 2.96521
8.650000  0.036362799741056  0.046530392270264 1.27962
8.700000  0.052269948531871  0.036465816720253 0.697644
8.750000  0.066179170281219  0.025701625221899 0.388364
8.800000  0.077860100812705  0.014391491412425 0.184838
8.850000  0.087167701452801  0.002633084550705 0.0302071
8.900000  0.094032932986647 -0.009559339326210 -0.101659
8.950000  0.098452820404958 -0.022103221411812 -0.224506
9.000000  0.100480417601154 -0.034738082507084 -0.34572
9.050000  0.100215041263408 -0.047130879013280 -0.470297
9.100000  0.097793032164317 -0.059005894823448 -0.603375
9.150000  0.093379214748614 -0.070064954915026 -0.750327
9.200000  0.087159158053494 -0.079792238538973 -0.915477
9.250000  0.079332288967382 -0.087406761295491 -1.10178
9.300000  0.070105869638969 -0.092045774879746 -1.31295
9.350000  0.059689821991469 -0.093035176285183 -1.55864
9.400000  0.048292361706868 -0.090074515655871 -1.86519
9.450000  0.036116390010245 -0.083267817790263 -2.30554
9.500000  0.023356582696836 -0.073052769902107 -3.12772
9.550000  0.010197110950233 -0.060089502267831 -5.8928
9.600000 -0.003190073342517 -0.045148348262226 14.1528
9.650000 -0.016646454627627 -0.029015921630921 1.74307
9.700000 -0.030027737803722 -0.012430779227422 0.413977
9.750000 -0.043204260856034  0.003948808037668 -0.0913986
9.800000 -0.056061093351040  0.019558383609913 -0.348876
9.850000 -0.068497873567621  0.033933050366610 -0.495388
9.900000 -0.080428432227525  0.046708414793465 -0.580745
9.950000 -0.091780245912482  0.057616044704596 -0.627761
10.000000 -0.102435049762985  0.066473224998768 -0.64893
10.050000 -0.111123625920667  0.073169643002448 -0.658453
10.100000 -0.116123653413055  0.077654315038714 -0.668721
10.150000 -0.116601751007820  0.079928092301965 -0.685479
10.200000 -0.112398689458478  0.080042165775523 -0.712127
10.250000 -0.103811516774431  0.078098422439075 -0.75231
10.300000 -0.091426927080541  0.074249036282904 -0.812113
10.350000 -0.075995782035353  0.068685759222159 -0.90381
10.400000 -0.058340462322596  0.061618923574207 -1.0562
10.450000 -0.039288210083251  0.053264892389705 -1.35575
10.500000 -0.019624864506749  0.043846226295529 -2.23422
10.550000 -0.000064429113638  0.033583545598127 -521.248
10.600000  0.018769227861879  0.022669912682457 1.20782
10.650000  0.036351522160406  0.011257915626440 0.309696
10.700000  0.052259540450066 -0.000593931299561 -0.011365
10.750000  0.066169565601832 -0.012870812391628 -0.194513
10.800000  0.077851238381202 -0.025449111290680 -0.326894
10.850000  0.087159524694268 -0.038045378742012 -0.436503
10.900000  0.094025389569445 -0.050325080459841 -0.535229
10.950000  0.098445861928506 -0.061980008902888 -0.629585
11.000000  0.100473999306150 -0.072641206461206 -0.722985
11.050000  0.100209121762931 -0.081742426805333 -0.815718
11.100000  0.097787573194344 -0.088522309262608 -0.905251
11.150000  0.093374180936594 -0.092199414444672 -0.987419
11.200000  0.087154516703692 -0.092202081518157 -1.05792
11.250000  0.079328009861836 -0.088314179931635 -1.11328
11.300000  0.070101924852925 -0.080697196958400 -1.15114
11.350000  0.059686185722292 -0.069823674758492 -1.16985
11.400000  0.048289010115453 -0.056372008483970 -1.16739
11.450000  0.036113301074052 -0.041117430800978 -1.13857
11.500000  0.023353736073703 -0.024840541311047 -1.06366
11.550000  0.010194487852203 -0.008267377119903 -0.810965
11.600000 -0.003192490266072  0.007960842844274 -2.49362
11.650000 -0.016648681398258  0.023300007063205 -1.39951
11.700000 -0.030029789214152  0.037307051113172 -1.24233
11.750000 -0.043206150562984  0.049639056046157 -1.14889
11.800000 -0.056062833961167  0.060047250211113 -1.07107
11.850000 -0.068499476717068  0.068366371069164 -0.998057
11.900000 -0.080429908655552  0.074500842284643 -0.926283
11.950000 -0.091781605529603  0.078412648156419 -0.854339
12.000000 -0.102436301714016  0.080115170672087 -0.782097
12.050000 -0.111124778643062  0.079672042015120 -0.71696
12.100000 -0.116124714690864  0.077199868305063 -0.664801
12.150000 -0.116602728021600  0.072866576939535 -0.624913
12.200000 -0.112399588831452  0.066875020214230 -0.594976
12.250000 -0.103812344615176  0.059440967444900 -0.572581
12.300000 -0.091427689022448  0.050783561981119 -0.555451
12.350000 -0.075996483273118  0.041124186056659 -0.541133
12.400000 -0.058341107645941  0.030673221043704 -0.525757
12.450000 -0.039288803908099  0.019624522914954 -0.499494
12.500000 -0.019625410904033  0.008107496874357 -0.413112
12.550000 -0.000064931835918 -0.003841906316698 59.1683
12.600000  0.018768765355819 -0.016191557709517 -0.862686
12.650000  0.036351096682839 -0.028781931428713 -0.791776
12.700000  0.052259149063328 -0.041313952863839 -0.790559
12.750000  0.066169205598941 -0.053444087013259 -0.807688
12.800000  0.077850907267951 -0.064825801971460 -0.832692
12.850000  0.087159220172694 -0.075031180468582 -0.860852
12.900000  0.094025109522564 -0.083463082977604 -0.887668
12.950000  0.098445604406220 -0.089389155950277 -0.908006
13.000000  0.100473762512236 -0.092108022821787 -0.916737
13.050000  0.100208904043033 -0.091141860407539 -0.909519
13.100000  0.097787373024892 -0.086353564447800 -0.883075
13.150000  0.093373996914571 -0.077959581490829 -0.834917
13.200000  0.087154347537201 -0.066465790063265 -0.762622
13.250000  0.079327854361389 -0.052566721518899 -0.662651
13.300000  0.070101781923411 -0.037039575970046 -0.528369
13.350000  0.059686054355564 -0.020657062098647 -0.346095
13.400000  0.048288889383494 -0.004131150906519 -0.0855508
13.450000  0.036113190122668  0.011915141378263 0.329939
13.500000  0.023353634116710  0.026958492749471 1.15436
13.550000  0.010194394166067  0.040577525597086 3.98038
13.600000 -0.003192576347182  0.052450146095248 -16.4288
13.650000 -0.016648760487026  0.062346705331590 -3.74483
13.700000 -0.030029861874317  0.070118645975541 -2.33496
13.750000 -0.043206217313213  0.075684857706890 -1.75171
13.800000 -0.056062895278625  0.079020743635281 -1.4095
13.850000 -0.068499533040709  0.080152270603331 -1.17011
13.900000 -0.080429960389149  0.079156643928959 -0.984169
13.950000 -0.091781653044544  0.076166475968084 -0.829866
14.000000 -0.102436345351879  0.071364343787018 -0.69667
14.050000 -0.111124818717983  0.064962144614466 -0.584587
14.100000 -0.116124751491726  0.057180115514876 -0.492402
14.150000 -0.116602761814044  0.048239028952331 -0.413704
14.200000 -0.112399619859731  0.038352088774815 -0.341212
14.250000 -0.103812373103860  0.027728589467323 -0.267103
14.300000 -0.091427715178001  0.016552671426798 -0.181047
14.350000 -0.075996507285343  0.004928907636996 -0.064857
14.400000 -0.058341129689314 -0.007114782165738 0.121951
14.450000 -0.039288824142997 -0.019521173176027 0.496863
14.500000 -0.019625429477862 -0.032100442606200 1.63566
14.550000 -0.000064948884158 -0.044539773491732 685.767
14.600000  0.018768749708663 -0.056480050460426 -3.00926
14.650000  0.036351082322349 -0.067535695699640 -1.85787
14.700000  0.052259135884366 -0.077232311942692 -1.47787
14.750000  0.066169193504900 -0.084956752069576 -1.28393
14.800000  0.077850896170069 -0.090013829049004 -1.15623
14.850000  0.087159209989423 -0.091779663697198 -1.05301
14.900000  0.094025100178985 -0.089863933265030 -0.955744
14.950000  0.098445595833510 -0.084203596095456 -0.855331
15.000000  0.100473754647177 -0.075067300660726 -0.747133
15.050000  0.100208896827557 -0.062992296658356 -0.62861
15.100000  0.097787366405663 -0.048686610737663 -0.497882
15.150000  0.093373990842607 -0.032927060077290 -0.352636
15.200000  0.087154341967516 -0.016476662523166 -0.189052
15.250000  0.079327849252673 -0.000031898926546 -0.000402115
15.300000  0.070101777237730  0.015803312555283 0.225434
15.350000  0.059686050058084  0.030526738624517 0.511455
15.400000  0.048288885442235  0.043738330246802 0.905764
15.450000  0.036113186508265  0.055136363681886 1.52677
15.500000  0.023353630802207  0.064509685128231 2.7623
15.550000  0.010194391126716  0.071725922969267 7.03582
15.600000 -0.003192579134099  0.076718653488793 -24.0303
15.650000 -0.016648763042361  0.079476708326978 -4.77373
15.700000 -0.030029864217212  0.080039056242854 -2.66532
15.750000 -0.043206219461235  0.078497855537246 -1.81682
15.800000 -0.056062897247898  0.075001956925437 -1.33782
15.850000 -0.068499534846029  0.069746894765684 -1.01821
15.900000 -0.080429962044097  0.062951994233495 -0.782693
15.950000 -0.091781654561580  0.054841914468906 -0.597526
16.000000 -0.102436346742437  0.045632556870672 -0.445472
16.050000 -0.111124819992553  0.035533346511090 -0.319761
16.100000 -0.116124752659935  0.024750609483727 -0.213138
16.150000 -0.116602762884723  0.013452193725414 -0.115368
16.200000 -0.112399620840983  0.001722503212496 -0.0153248
16.250000 -0.103812374003117 -0.010407212275882 0.10025
16.300000 -0.091427716002082 -0.022852024685732 0.249946
16.350000 -0.075996508040501 -0.035395909841528 0.465757
16.400000 -0.058341130381286 -0.047711477197596 0.817802
16.450000 -0.039288824777045 -0.059419515869344 1.51238
16.500000 -0.019625430058811 -0.070098154271396 3.5718
16.550000 -0.000064949416435 -0.079237733857297 1219.99
16.600000  0.018768749221001 -0.086222005542594 -4.59391
16.650000  0.036351081875579 -0.090398589769553 -2.48682
16.700000  0.052259135475074 -0.091218842325991 -1.74551
16.750000  0.066169193129958 -0.088374567243384 -1.33558
16.800000  0.077850895826605 -0.081872231581980 -1.05165
16.850000  0.087159209674807 -0.072029809968694 -0.826417
16.900000  0.094025099890806 -0.059413331521751 -0.631888
16.950000  0.098445595569556 -0.044741759440341 -0.454482
17.000000  0.100473754405420 -0.028789396479802 -0.286536
17.050000  0.100208896606139 -0.012307892874885 -0.122822
17.100000  0.097787366202880  0.004022986003026 0.0411401
17.150000  0.093373990656898  0.019619156497089 0.210114
17.200000  0.087154341797449  0.033999519738899 0.390107
17.250000  0.079327849096936  0.046785066604835 0.589769
17.300000  0.070101777095121  0.057693964959528 0.823003
17.350000  0.059686049927501  0.066532944684653 1.11472
17.400000  0.048288885322668  0.073185783636526 1.51558
17.450000  0.036113186398789  0.077600803207760 2.14882
17.500000  0.023353630701973  0.079780249339108 3.41618
17.550000  0.010194391034948  0.079776967811170 7.82557
17.600000 -0.003192579218114  0.077699068056662 -24.3374
17.650000 -0.016648763119276  0.073710987410206 -4.42742
17.700000 -0.030029864287623  0.068019291294845 -2.26505
17.750000 -0.043206219525691  0.060850911860050 -1.40838
17.800000 -0.056062897306899  0.052430003236420 -0.9352
17.850000 -0.068499534900037  0.042967660329925 -0.627269
17.900000 -0.080429962093531  0.032671214902844 -0.406207
17.950000 -0.091781654606827  0.021739765280520 -0.236864
18.000000 -0.102436346783850  0.010322559570839 -0.10077
18.050000 -0.111124820030456 -0.001509182640570 0.013581
18.100000 -0.116124752694624 -0.013713050403264 0.118089
18.150000 -0.116602762916470 -0.026176186838958 0.22449
18.200000 -0.112399620870035 -0.038658774455814 0.34394
18.250000 -0.103812374029703 -0.050817035710494 0.489508
18.300000 -0.091427716026411 -0.062249638939300 0.680862
18.350000 -0.075996508062763 -0.072502502995189 0.954024
18.400000 -0.058341130401656 -0.081041486902174 1.3891
18.450000 -0.039288824795684 -0.087257752651516 2.22093
18.500000 -0.019625430075865 -0.090545900760826 4.6137
18.550000 -0.000064949432038 -0.090430379442590 1392.32
18.600000  0.018768749206725 -0.086680384162339 -4.61834
18.650000  0.036351081862518 -0.079367750354150 -2.18337
18.700000  0.052259135463125 -0.068856575301161 -1.3176
18.750000  0.066169193119026 -0.055738833926643 -0.842368
18.800000  0.077850895816605 -0.040741951804291 -0.523333
18.850000  0.087159209665660 -0.024635724553896 -0.282652
18.900000  0.094025099882438 -0.008158929538311 -0.086774
18.950000  0.098445595561902  0.008026470714146 0.081532
19.000000  0.100473754398419  0.023356706281853 0.232466
19.050000  0.100208896599735  0.037371799679870 0.372939
19.100000  0.097787366197023  0.049713501331601 0.508384
19.150000  0.093373990651541  0.060119304121488 0.643855
19.200000  0.087154341792550  0.068413552379924 0.78497
19.250000  0.079327849092455  0.074496237562471 0.939093
19.300000  0.070101777091022  0.078330310693882 1.11738
19.350000  0.059686049923753  0.079931707683325 1.3392
19.400000  0.048288885319240  0.079368161384383 1.64361
19.450000  0.036113186395655  0.076764115459867 2.12565
19.500000  0.023353630699107  0.072298030826425 3.09579
19.550000  0.010194391032326  0.066187444881595 6.49254
19.600000 -0.003192579220510  0.058663760295930 -18.375
19.650000 -0.016648763121467  0.049948114245572 -3.00011
19.700000 -0.030029864289626  0.040248090079678 -1.34027
19.750000 -0.043206219527523  0.029768151157642 -0.688978
19.800000 -0.056062897308575  0.018696396201666 -0.33349
19.850000 -0.068499534901568  0.007164490332482 -0.104592
19.900000 -0.080429962094931 -0.004762459972198 0.0592125
19.950000 -0.091781654608106 -0.017025852622800 0.185504
