0.000000  0.000058708691043  0.000112702191779 1.91968
0.050000  0.001397978033584  0.001461837558325 1.04568
0.100000  0.005704107297886  0.005613167660094 0.984057
0.150000  0.013784910217552  0.013331524037897 0.96711
0.200000  0.025783590234212  0.024742181257610 0.95961
0.250000  0.041395698152761  0.039540767108666 0.95519
0.300000  0.060034856479254  0.057155526084808 0.952039
0.350000  0.080957353521531  0.076868691314207 0.949496
0.400000  0.103353939313936  0.097905351914823 0.947282
0.450000  0.126415669900266  0.119496692039758 0.945268
0.500000  0.149379403262958  0.140923215679770 0.943391
0.550000  0.171557512236712  0.161542562580950 0.941623
0.600000  0.192355515470098  0.180805373671697 0.939954
0.650000  0.211280609894948  0.198262604184895 0.938385
0.700000  0.227943494197110  0.213565056092760 0.936921
0.750000  0.242055382832307  0.226458172445390 0.935563
0.800000  0.253421707505383  0.236773527393078 0.934306
0.850000  0.261933673550549  0.244419078016751 0.933133
0.900000  0.267558570286890  0.249369883765355 0.93202
0.950000  0.270329516992232  0.251659243192409 0.930935
1.000000  0.270335151028771  0.251370817830887 0.929849
1.050000  0.267709624599691  0.248631401940877 0.928735
1.100000  0.262623165497653  0.243603747398639 0.927579
1.150000  0.255273369880676  0.236479498956895 0.926377
1.200000  0.245877327265623  0.227472314233410 0.925146
1.250000  0.234664625956914  0.216810256294565 0.923915
1.300000  0.221871248018386  0.204728135202236 0.922734
1.350000  0.207734334145820  0.191459950894456 0.921658
1.400000  0.192487778330313  0.177228423802166 0.920726
1.450000  0.176358598302848  0.162223268345801 0.919849
1.500000  0.159564019005692  0.146605049365480 0.918785
1.550000  0.142309201589287  0.130522645699369 0.917176
1.600000  0.124785548739687  0.114137736871295 0.914671
1.650000  0.107169517735642  0.097642327619774 0.911102
1.700000  0.089621874898555  0.081269024322071 0.906799
1.750000  0.072287328538747  0.065269734842525 0.902921
1.800000  0.055294481725684  0.049554375216746 0.89619
1.850000  0.038756050910171  0.034820792505150 0.898461
1.900000  0.022769301364269  0.022270852687924 0.978109
1.950000  0.007416655397371  0.013146679399616 1.77259
2.000000 -0.007174857090821  0.008182069764096 -1.14038
2.050000 -0.019728322924132  0.007525047248987 -0.381434
2.100000 -0.028514731176193  0.010882902107934 -0.381659
2.150000 -0.032694951995562  0.017687785442683 -0.540994
2.200000 -0.032104885630612  0.027223635227436 -0.847959
2.250000 -0.027037525692698  0.038717280059997 -1.43198
2.300000 -0.018076267561840  0.051402655471986 -2.84365
2.350000 -0.005969371182870  0.064564280629411 -10.8159
2.400000  0.008462744008673  0.077564392130500 9.1654
2.450000  0.024394210987331  0.089858680128626 3.68361
2.500000  0.041040031513552  0.101001932194307 2.46106
2.550000  0.057686558357177  0.110646230955503 1.91806
2.600000  0.073709841898763  0.118533783980148 1.60811
2.650000  0.088584823247413  0.124486784889884 1.40528
2.700000  0.101887763061603  0.128397437901370 1.26019
2.750000  0.113293806146426  0.130219100174019 1.14939
2.800000  0.122571179954584  0.129959228438382 1.06028
2.850000  0.129573196178512  0.127674074698706 0.985343
2.900000  0.134228956677142  0.123463548465677 0.919798
2.950000  0.136533447863896  0.117465183024470 0.86034
3.000000  0.136537532796526  0.109847451717777 0.804522
3.050000  0.134338210301656  0.100801551513066 0.750357
3.100000  0.130069399429772  0.090532169852097 0.69603
3.150000  0.123893420237590  0.079250110988048 0.639664
3.200000  0.115993274031071  0.067167935323259 0.579068
3.250000  0.106565774174654  0.054470190662335 0.511142
3.300000  0.095815539378345  0.041293934966149 0.430973
3.350000  0.083949832516738  0.027736829980061 0.330398
3.400000  0.071174207442400  0.013892004535098 0.195183
3.450000  0.057688912219343 -0.000112342952158 -0.00194739
3.500000  0.043685988312429 -0.014071435269047 -0.322104
3.550000  0.029347000371370 -0.027625405007103 -0.941337
3.600000  0.014841329402162 -0.040732318080932 -2.74452
3.650000  0.000324962560893 -0.053186264601509 -163.669
3.700000 -0.014060285080676 -0.064273651093725 4.57129
3.750000 -0.028187178154043 -0.072869614256629 2.5852
3.800000 -0.041943155270298 -0.077925447522039 1.85788
3.850000 -0.055230162661291 -0.078841418492341 1.42751
3.900000 -0.067964275083521 -0.075540858662440 1.11148
3.950000 -0.080075147011073 -0.068360809071274 0.853708
4.000000 -0.091446623655272 -0.057903054713605 0.63319
4.050000 -0.100811528219298 -0.044908645395868 0.445471
4.100000 -0.106449511036422 -0.030165702219080 0.28338
4.150000 -0.107529092072272 -0.014445122245973 0.134337
4.200000 -0.103892873169700  0.001541430976167 -0.0148367
4.250000 -0.095839663628939  0.017167623872627 -0.179129
4.300000 -0.083957849651056  0.031905935775096 -0.380023
4.350000 -0.068999916579559  0.045331178524112 -0.656974
4.400000 -0.051789801423257  0.057116344773989 -1.10285
4.450000 -0.033156236498767  0.067023000501146 -2.02143
4.500000 -0.013886486384754  0.074889898780401 -5.39301
4.550000  0.005304083303860  0.080622328542896 15.2
4.600000  0.023790303935295  0.084183638387522 3.53857
4.650000  0.041046350864674  0.085589940095860 2.0852
4.700000  0.056648128633415  0.084906718574126 1.49884
4.750000  0.070270794438860  0.082244790474219 1.1704
4.800000  0.081682917982392  0.077754672209200 0.951909
4.850000  0.090738446847173  0.071618406014862 0.789284
4.900000  0.097367378598336  0.064038126997957 0.657696
4.950000  0.101565823669605  0.055224573133415 0.543732
5.000000  0.103385968204633  0.045399079297980 0.439122
5.050000  0.102926306105864  0.034775975867640 0.337873
5.100000  0.100322398500681  0.023529833611602 0.234542
5.150000  0.095738331531337  0.011776232150691 0.123004
5.200000  0.089358975508535 -0.000410832716747 -0.00459755
5.250000  0.081383096438939 -0.012957777175398 -0.15922
5.300000  0.072017331742188 -0.025745486158939 -0.35749
5.350000  0.061471013115502 -0.038423160839182 -0.625061
5.400000  0.049951798913176 -0.050731303296449 -1.01561
5.450000  0.037662064373031 -0.062526785655916 -1.66021
5.500000  0.024795989134062 -0.073473166830639 -2.96311
5.550000  0.011537276594758 -0.082801148953499 -7.17684
5.600000 -0.001942562181373 -0.089474800800894 46.0602
5.650000 -0.015485426861403 -0.092585167586013 5.97886
5.700000 -0.028947413270202 -0.091638769637227 3.1657
5.750000 -0.042199227282042 -0.086619484779123 2.05263
5.800000 -0.055126284522338 -0.077898215046395 1.41309
5.850000 -0.067628548656197 -0.066097438450377 0.97736
5.900000 -0.079620156227279 -0.051969457850514 0.652717
5.950000 -0.091028871135205 -0.036304220967982 0.398821
6.000000 -0.101736698347533 -0.019865855765819 0.195267
6.050000 -0.110474673309342 -0.003351583513175 0.030338
6.100000 -0.115520712750386  0.012632516738228 -0.109353
6.150000 -0.116041658418201  0.027582828484698 -0.237698
6.200000 -0.111878490160442  0.041099536096826 -0.367359
6.250000 -0.103328451990671  0.052880066230764 -0.511767
6.300000 -0.090978421704180  0.062707951377624 -0.689262
6.350000 -0.075579433014361  0.070440592210385 -0.932007
6.400000 -0.057954027725652  0.075998284642825 -1.31135
6.450000 -0.038929598811764  0.079356745722503 -2.03847
6.500000 -0.019292126619133  0.080543658008778 -4.17495
6.550000  0.000244253270647  0.079636732449122 326.042
6.600000  0.019055549109685  0.076760684340181 4.02826
6.650000  0.036617061153420  0.072081336384322 1.96852
6.700000  0.052505768122990  0.065794552644184 1.25309
6.750000  0.066397852017396  0.058108302789279 0.875153
6.800000  0.078062859367933  0.049240374180360 0.630779
6.850000  0.087355668071728  0.039416256312412 0.451216
6.900000  0.094207160984435  0.028846280749246 0.306201
6.950000  0.098614290324620  0.017690753121658 0.179393
7.000000  0.100630042047920  0.006047401782889 0.0600954
7.050000  0.100353669434746 -0.006026579897546 -0.0600534
7.100000  0.097921454093292 -0.018498813331758 -0.188915
7.150000  0.093498165277377 -0.031147650790473 -0.333136
7.200000  0.087269320552819 -0.043633523820630 -0.499987
7.250000  0.079434298817363 -0.055693321622194 -0.701124
7.300000  0.070200317485163 -0.067103272995220 -0.955883
7.350000  0.059777256790033 -0.077420798317552 -1.29515
7.400000  0.048373293571493 -0.085859334378721 -1.77493
7.450000  0.036191292872991 -0.091470303648639 -2.52741
7.500000  0.023425896794305 -0.093467324239412 -3.98991
7.550000  0.010261245145881 -0.091455793102893 -8.91274
7.600000 -0.003130739389746 -0.085481851504133 27.304
7.650000 -0.016591568438717 -0.075952756757504 4.57779
7.700000 -0.029976972190017 -0.063512033231131 2.11869
7.750000 -0.043157312156130 -0.048921939544240 1.13357
7.800000 -0.056017679786112 -0.032972883883377 0.588616
7.850000 -0.068457733707620 -0.016420883551645 0.239869
7.900000 -0.080391323561126  0.000052049566491 -0.000647453
7.950000 -0.091745943514096  0.015860073334062 -0.172869
8.000000 -0.102403345050549  0.030522653408903 -0.298063
8.050000 -0.111094325498301  0.043663456765591 -0.39303
8.100000 -0.116096577993042  0.055001898814791 -0.47376
8.150000 -0.116576734406700  0.064340994609640 -0.55192
8.200000 -0.112375577662376  0.071554455651816 -0.636744
8.250000 -0.103790167069032  0.076575908854945 -0.737795
8.300000 -0.091407207241420  0.079392744506251 -0.868561
8.350000 -0.075977569574636  0.080044125536698 -1.05352
8.400000 -0.058323643788172  0.078620289548007 -1.348
8.450000 -0.039272680407017  0.075260399678353 -1.91636
8.500000 -0.019610526398568  0.070146087547895 -3.57696
8.550000 -0.000051192497934  0.063481707837872 -1240.06
8.600000  0.018781446369811  0.055480194837135 2.95399
8.650000  0.036362799741056  0.046362958629255 1.27501
8.700000  0.052269948531871  0.036354642758920 0.695517
8.750000  0.066179170281219  0.025655789899196 0.387672
8.800000  0.077860100812705  0.014411999872874 0.185101
8.850000  0.087167701452801  0.002713018713800 0.0311241
8.900000  0.094032932986647 -0.009433426278711 -0.10032
8.950000  0.098452820404958 -0.021949292355157 -0.222942
9.000000  0.100480417601154 -0.034574798010296 -0.344095
9.050000  0.100215041263408 -0.046971974139319 -0.468712
9.100000  0.097793032164317 -0.058857459280858 -0.601857
9.150000  0.093379214748614 -0.069927453784552 -0.748855
9.200000  0.087159158053494 -0.079663977039012 -0.914006
9.250000  0.079332288967382 -0.087285200178903 -1.10025
9.300000  0.070105869638969 -0.091926834623742 -1.31126
9.350000  0.059689821991469 -0.092912886880180 -1.5566
9.400000  0.048292361706868 -0.089940855279962 -1.86242
9.450000  0.036116390010245 -0.083118107223029 -2.3014
9.500000  0.023356582696836 -0.072888379199398 -3.12068
9.550000  0.010197110950233 -0.059914934699371 -5.87568
9.600000 -0.003190073342517 -0.044967768928033 14.0962
9.650000 -0.016646454627627 -0.028835220466326 1.73221
9.700000 -0.030027737803722 -0.012262943179569 0.408387
9.750000 -0.043204260856034  0.004083835099173 -0.0945239
9.800000 -0.056061093351040  0.019640361553771 -0.350339
9.850000 -0.068497873567621  0.033949049800866 -0.495622
9.900000 -0.080428432227525  0.046656094018791 -0.580095
9.950000 -0.091780245912482  0.057501669249528 -0.626515
10.000000 -0.102435049762985  0.066306982640083 -0.647308
10.050000 -0.111123625920667  0.072961048983063 -0.656575
10.100000 -0.116123653413055  0.077410581529424 -0.666622
10.150000 -0.116601751007820  0.079655066471779 -0.683138
10.200000 -0.112398689458478  0.079745875688740 -0.709491
10.250000 -0.103811516774431  0.077786643241710 -0.749306
10.300000 -0.091426927080541  0.073933250078064 -0.808659
10.350000 -0.075995782035353  0.068380290137672 -0.899791
10.400000 -0.058340462322596  0.061338955117438 -1.0514
10.450000 -0.039288210083251  0.053025761210775 -1.34966
10.500000 -0.019624864506749  0.043663295612994 -2.2249
10.550000 -0.000064429113638  0.033470564164000 -519.494
10.600000  0.018769227861879  0.022634624157456 1.20594
10.650000  0.036351522160406  0.011299477276326 0.310839
10.700000  0.052259540450066 -0.000484868429828 -0.00927808
10.750000  0.066169565601832 -0.012710840710921 -0.192095
10.800000  0.077851238381202 -0.025259676608891 -0.324461
10.850000  0.087159524694268 -0.037847524014789 -0.434233
10.900000  0.094025389569445 -0.050133570009528 -0.533192
10.950000  0.098445861928506 -0.061801267128294 -0.627769
11.000000  0.100473999306150 -0.072475727403589 -0.721338
11.050000  0.100209121762931 -0.081588055992898 -0.814178
11.100000  0.097787573194344 -0.088375455060194 -0.903749
11.150000  0.093374180936594 -0.092055009313500 -0.985872
11.200000  0.087154516703692 -0.092051976227348 -1.05619
11.250000  0.079328009861836 -0.088149880678051 -1.11121
11.300000  0.070101924852925 -0.080515195304363 -1.14854
11.350000  0.059686185722292 -0.069626951014395 -1.16655
11.400000  0.048289010115453 -0.056166350257393 -1.16313
11.450000  0.036113301074052 -0.040908653211645 -1.13279
11.500000  0.023353736073703 -0.024637510279065 -1.05497
11.550000  0.010194487852203 -0.008086027227404 -0.793176
11.600000 -0.003192490266072  0.008098911969302 -2.53686
11.650000 -0.016648681398258  0.023374350020527 -1.40398
11.700000 -0.030029789214152  0.037305412565662 -1.24228
11.750000 -0.043206150562984  0.049560068881705 -1.14706
11.800000 -0.056062833961167  0.059898297893546 -1.06841
11.850000 -0.068499476717068  0.068158557512126 -0.995023
11.900000 -0.080429908655552  0.074244691637867 -0.923098
11.950000 -0.091781605529603  0.078116709742150 -0.851115
12.000000 -0.102436301714016  0.079786797284287 -0.778892
12.050000 -0.111124778643062  0.079318881860508 -0.713782
12.100000 -0.116124714690864  0.076832428854239 -0.661637
12.150000 -0.116602728021600  0.072499377426201 -0.621764
12.200000 -0.112399588831452  0.066525214173533 -0.591864
12.250000 -0.103812344615176  0.059126398508455 -0.569551
12.300000 -0.091427689022448  0.050521884775481 -0.552588
12.350000 -0.075996483273118  0.040932402948063 -0.538609
12.400000 -0.058341107645941  0.030564755150313 -0.523897
12.450000 -0.039288803908099  0.019605459106164 -0.499009
12.500000 -0.019625410904033  0.008174746794503 -0.416539
12.550000 -0.000064931835918 -0.003700421512715 56.9893
12.600000  0.018768765355819 -0.015995826342147 -0.852258
12.650000  0.036351096682839 -0.028556509914543 -0.785575
12.700000  0.052259149063328 -0.041081729506921 -0.786116
12.750000  0.066169205598941 -0.053220503640238 -0.804309
12.800000  0.077850907267951 -0.064617431431615 -0.830015
12.850000  0.087159220172694 -0.074838332996495 -0.858639
12.900000  0.094025109522564 -0.083282823844649 -0.885751
12.950000  0.098445604406220 -0.089217175425412 -0.906259
13.000000  0.100473762512236 -0.091937429421491 -0.915039
13.050000  0.100208904043033 -0.090962933234356 -0.907733
13.100000  0.097787373024892 -0.086157895740021 -0.881074
13.150000  0.093373996914571 -0.077745156379698 -0.832621
13.200000  0.087154347537201 -0.066237229655226 -0.759999
13.250000  0.079327854361389 -0.052331189688623 -0.659682
13.300000  0.070101781923411 -0.036805091091113 -0.525024
13.350000  0.059686054355564 -0.020435497063636 -0.342383
13.400000  0.048288889383494 -0.003940994951034 -0.0816129
13.450000  0.036113190122668  0.012051169907153 0.333705
13.500000  0.023353634116710  0.027020208374749 1.157
13.550000  0.010194394166067  0.040553608823801 3.97803
13.600000 -0.003192576347182  0.052340410023401 -16.3944
13.650000 -0.016648760487026  0.062159538937188 -3.73358
13.700000 -0.030029861874317  0.069866019662419 -2.32655
13.750000 -0.043206217313213  0.075378401721739 -1.74462
13.800000 -0.056062895278625  0.078670469492900 -1.40325
13.850000 -0.068499533040709  0.079767017039015 -1.16449
13.900000 -0.080429960389149  0.078746273469727 -0.979066
13.950000 -0.091781653044544  0.075744436379125 -0.825268
14.000000 -0.102436345351879  0.070948200469890 -0.692608
14.050000 -0.111124818717983  0.064571875292998 -0.581075
14.100000 -0.116124751491726  0.056836049348951 -0.48944
14.150000 -0.116602761814044  0.047961009467876 -0.41132
14.200000 -0.112399619859731  0.038157917678831 -0.339484
14.250000 -0.103812373103860  0.027630730329799 -0.26616
14.300000 -0.091427715178001  0.016555138170117 -0.181074
14.350000 -0.075996507285343  0.005026079606451 -0.0661357
14.400000 -0.058341129689314 -0.006938098560580 0.118923
14.450000 -0.039288824142997 -0.019288381166988 0.490938
14.500000 -0.019625429477862 -0.031838801279912 1.62232
14.550000 -0.000064948884158 -0.044273541571682 681.667
14.600000  0.018768749708663 -0.056225046447570 -2.99567
14.650000  0.036351082322349 -0.067298436202228 -1.85135
14.700000  0.052259135884366 -0.077012511260906 -1.47367
14.750000  0.066169193504900 -0.084750948087233 -1.28082
14.800000  0.077850896170069 -0.089816492030407 -1.1537
14.850000  0.087159209989423 -0.091582058596311 -1.05074
14.900000  0.094025100178985 -0.089655259107847 -0.953525
14.950000  0.098445595833510 -0.083976078051302 -0.85302
15.000000  0.100473754647177 -0.074820639091673 -0.744678
15.050000  0.100208896827557 -0.062732702203654 -0.626019
15.100000  0.097787366405663 -0.048422940621082 -0.495186
15.150000  0.093373990842607 -0.032669825298665 -0.349881
15.200000  0.087154341967516 -0.016240638786217 -0.186343
15.250000  0.079327849252673  0.000162292588557 0.00204585
15.300000  0.070101777237730  0.015932326572321 0.227274
15.350000  0.059686050058084  0.030570976206198 0.512196
15.400000  0.048288885442235  0.043687689390315 0.904715
15.450000  0.036113186508265  0.054991894918774 1.52276
15.500000  0.023353630802207  0.064280730619341 2.75249
15.550000  0.010194391126716  0.071425358822229 7.00634
15.600000 -0.003192579134099  0.076359379216899 -23.9178
15.650000 -0.016648763042361  0.079070143065408 -4.74931
15.700000 -0.030029864217212  0.079595859515218 -2.65056
15.750000 -0.043206219461235  0.078030479919033 -1.806
15.800000 -0.056062897247898  0.074526934385799 -1.32935
15.850000 -0.068499534846029  0.069284854784110 -1.01146
15.900000 -0.080429962044097  0.062525586282001 -0.777392
15.950000 -0.091781654561580  0.054473919800870 -0.593516
16.000000 -0.102436346742437  0.045344503087620 -0.44266
16.050000 -0.111124819992553  0.035343123961789 -0.318049
16.100000 -0.116124752659935  0.024669157509730 -0.212437
16.150000 -0.116602762884723  0.013481148783459 -0.115616
16.200000 -0.112399620840983  0.001853355688271 -0.016489
16.250000 -0.103812374003117 -0.010193041539227 0.0981872
16.300000 -0.091427716002082 -0.022581236872458 0.246985
16.350000 -0.075996508040501 -0.035098039165885 0.461838
16.400000 -0.058341130381286 -0.047411736818424 0.812664
16.450000 -0.039288824777045 -0.059133865752711 1.50511
16.500000 -0.019625430058811 -0.069832602600935 3.55827
16.550000 -0.000064949416435 -0.078991464198070 1216.2
16.600000  0.018768749221001 -0.085990814802908 -4.5816
16.650000  0.036351081875579 -0.090175460986941 -2.48068
16.700000  0.052259135475074 -0.090993352594525 -1.7412
16.750000  0.066169193129958 -0.088135373559622 -1.33197
16.800000  0.077850895826605 -0.081612672476269 -1.04832
16.850000  0.087159209674807 -0.071751361951718 -0.823222
16.900000  0.094025099890806 -0.059123890332457 -0.62881
16.950000  0.098445595569556 -0.044452150704086 -0.45154
17.000000  0.100473754405420 -0.028512760361123 -0.283783
17.050000  0.100208896606139 -0.012061702177013 -0.120366
17.100000  0.097787366202880  0.004216425682059 0.0431183
17.150000  0.093373990656898  0.019736257383261 0.211368
17.200000  0.087154341797449  0.034021591896418 0.39036
17.250000  0.079327849096936  0.046703405716088 0.588739
17.300000  0.070101777095121  0.057510874292324 0.820391
17.350000  0.059686049927501  0.066258714290340 1.11012
17.400000  0.048288885322668  0.072834359961957 1.5083
17.450000  0.036113186398789  0.077186362405977 2.13735
17.500000  0.023353630701973  0.079315757564252 3.39629
17.550000  0.010194391034948  0.079275245398042 7.77636
17.600000 -0.003192579218114  0.077175433224708 -24.1734
17.650000 -0.016648763119276  0.073185180074646 -4.39583
17.700000 -0.030029864287623  0.067514887595661 -2.24826
17.750000 -0.043206219525691  0.060393193148513 -1.39779
17.800000 -0.056062897306899  0.052043959989695 -0.928314
17.850000 -0.068499534900037  0.042675925894593 -0.62301
17.900000 -0.080429962093531  0.032491093375840 -0.403968
17.950000 -0.091781654606827  0.021680238034983 -0.236215
18.000000 -0.102436346783850  0.010382566047830 -0.101356
18.050000 -0.111124820030456 -0.001341379043580 0.0120709
18.100000 -0.116124752694624 -0.013459562992281 0.115906
18.150000 -0.116602762916470 -0.025866795907534 0.221837
18.200000 -0.112399620870035 -0.038324857732611 0.34097
18.250000 -0.103812374029703 -0.050484465209683 0.486305
18.300000 -0.091427716026411 -0.061934058076999 0.67741
18.350000 -0.075996508062763 -0.072209266875700 0.950166
18.400000 -0.058341130401656 -0.080769166827877 1.38443
18.450000 -0.039288824795684 -0.087001156970223 2.2144
18.500000 -0.019625430075865 -0.090296399314367 4.60099
18.550000 -0.000064949432038 -0.090176154147402 1388.41
18.600000  0.018768749206725 -0.086410120472348 -4.60394
18.650000  0.036351081862518 -0.079076215326662 -2.17535
18.700000  0.052259135463125 -0.068547092659506 -1.31168
18.750000  0.066169193119026 -0.055421127704413 -0.837567
18.800000  0.077850895816605 -0.040429023010400 -0.519314
18.850000  0.087159209665660 -0.024343362946217 -0.279298
18.900000  0.094025099882438 -0.007907008531178 -0.0840947
18.950000  0.098445595561902  0.008214356368973 0.0834406
19.000000  0.100473754398419  0.023457089111602 0.233465
19.050000  0.100208896599735  0.037367164509015 0.372893
19.100000  0.097787366197023  0.049596650770355 0.507189
19.150000  0.093373990651541  0.059893784484109 0.64144
19.200000  0.087154341792550  0.068090725003428 0.781266
19.250000  0.079327849092455  0.074091203591770 0.933987
19.300000  0.070101777091022  0.077858590113087 1.11065
19.350000  0.059686049923753  0.079408036325846 1.33043
19.400000  0.048288885319240  0.078807822139823 1.63201
19.450000  0.036113186395655  0.076185538209763 2.10963
19.500000  0.023353630699107  0.071724150172344 3.07122
19.550000  0.010194391032326  0.065644718125683 6.4393
19.600000 -0.003192579220510  0.058179987209651 -18.2235
19.650000 -0.016648763121467  0.049550129662270 -2.9762
19.700000 -0.030029864289626  0.039958995934090 -1.33064
19.750000 -0.043206219527523  0.029604084809687 -0.685181
19.800000 -0.056062897308575  0.018664001558845 -0.332912
19.850000 -0.068499534901568  0.007259684015669 -0.105982
19.900000 -0.080429962094931 -0.004554922426149 0.0566322
19.950000 -0.091781654608106 -0.016731647746773 0.182298
