0.000000  0.000058708691043  0.000112704447655 1.91972
0.050000  0.001397978033584  0.001461864904659 1.0457
0.100000  0.005704107297886  0.005613245474129 0.984071
0.150000  0.013784910217552  0.013331649099334 0.967119
0.200000  0.025783590234212  0.024742306912025 0.959614
0.250000  0.041395698152761  0.039540810444015 0.955191
0.300000  0.060034856479254  0.057155386605377 0.952037
0.350000  0.080957353521531  0.076868275200093 0.949491
0.400000  0.103353939313936  0.097904597699664 0.947275
0.450000  0.126415669900266  0.119495594887394 0.945259
0.500000  0.149379403262958  0.140921848468703 0.943382
0.550000  0.171557512236712  0.161540988056653 0.941614
0.600000  0.192355515470098  0.180803733392847 0.939946
0.650000  0.211280609894948  0.198260860413872 0.938377
0.700000  0.227943494197110  0.213563179119386 0.936913
0.750000  0.242055382832307  0.226456268314397 0.935556
0.800000  0.253421707505383  0.236771848926019 0.9343
0.850000  0.261933673550549  0.244417869633258 0.933129
0.900000  0.267558570286890  0.249369214133419 0.932017
0.950000  0.270329516992232  0.251659083994176 0.930935
1.000000  0.270335151028771  0.251371147094106 0.92985
1.050000  0.267709624599691  0.248632166756325 0.928738
1.100000  0.262623165497653  0.243604839406984 0.927583
1.150000  0.255273369880676  0.236480727872369 0.926382
1.200000  0.245877327265623  0.227473309730165 0.92515
1.250000  0.234664625956914  0.216810629014104 0.923917
1.300000  0.221871248018386  0.204727495586526 0.922731
1.350000  0.207734334145820  0.191458036081734 0.921648
1.400000  0.192487778330313  0.177225007617710 0.920708
1.450000  0.176358598302848  0.162219225656965 0.919826
1.500000  0.159564019005692  0.146601187519410 0.918761
1.550000  0.142309201589287  0.130519626493347 0.917155
1.600000  0.124785548739687  0.114135819842997 0.914656
1.650000  0.107169517735642  0.097641583373707 0.911095
1.700000  0.089621874898555  0.081269376792453 0.906803
1.750000  0.072287328538747  0.065271408195108 0.902944
1.800000  0.055294481725684  0.049557556414417 0.896248
1.850000  0.038756050910171  0.034825526717374 0.898583
1.900000  0.022769301364269  0.022276651643290 0.978363
1.950000  0.007416655397371  0.013152993109618 1.77344
2.000000 -0.007174857090821  0.008188352506788 -1.14126
2.050000 -0.019728322924132  0.007530874966381 -0.381729
2.100000 -0.028514731176193  0.010887921090021 -0.381835
2.150000 -0.032694951995562  0.017691707945906 -0.541114
2.200000 -0.032104885630612  0.027226246912766 -0.848041
2.250000 -0.027037525692698  0.038718463262148 -1.43203
2.300000 -0.018076267561840  0.051402467605161 -2.84364
2.350000 -0.005969371182870  0.064562841768780 -10.8157
2.400000  0.008462744008673  0.077562027222362 9.16512
2.450000  0.024394210987331  0.089855604177711 3.68348
2.500000  0.041040031513552  0.100998190443667 2.46097
2.550000  0.057686558357177  0.110641903775697 1.91798
2.600000  0.073709841898763  0.118529216394824 1.60805
2.650000  0.088584823247413  0.124482549335163 1.40524
2.700000  0.101887763061603  0.128393993128331 1.26015
2.750000  0.113293806146426  0.130216631833691 1.14937
2.800000  0.122571179954584  0.129957770771348 1.06026
2.850000  0.129573196178512  0.127673557170588 0.985339
2.900000  0.134228956677142  0.123463797418346 0.9198
2.950000  0.136533447863896  0.117465946630315 0.860346
3.000000  0.136537532796526  0.109848236580546 0.804528
3.050000  0.134338210301656  0.100801727450756 0.750358
3.100000  0.130069399429772  0.090531057606567 0.696021
3.150000  0.123893420237590  0.079247187647447 0.63964
3.200000  0.115993274031071  0.067162341395954 0.579019
3.250000  0.106565774174654  0.054462329085276 0.511068
3.300000  0.095815539378345  0.041285126858118 0.430881
3.350000  0.083949832516738  0.027728684082616 0.330301
3.400000  0.071174207442400  0.013885679647508 0.195094
3.450000  0.057688912219343 -0.000116236121346 -0.00201488
3.500000  0.043685988312429 -0.014072908817007 -0.322138
3.550000  0.029347000371370 -0.027624389725444 -0.941302
3.600000  0.014841329402162 -0.040728562081920 -2.74427
3.650000  0.000324962560893 -0.053179403742852 -163.648
3.700000 -0.014060285080676 -0.064263997417885 4.5706
3.750000 -0.028187178154043 -0.072858039716460 2.58479
3.800000 -0.041943155270298 -0.077913067734705 1.85759
3.850000 -0.055230162661291 -0.078829237173310 1.42729
3.900000 -0.067964275083521 -0.075529665514024 1.11131
3.950000 -0.080075147011073 -0.068351199067014 0.853588
4.000000 -0.091446623655272 -0.057895470098448 0.633107
4.050000 -0.100811528219298 -0.044903409393887 0.445419
4.100000 -0.106449511036422 -0.030162919626502 0.283354
4.150000 -0.107529092072272 -0.014444767687420 0.134334
4.200000 -0.103892873169700  0.001539683595764 -0.0148199
4.250000 -0.095839663628939  0.017164240775467 -0.179093
4.300000 -0.083957849651056  0.031901234957500 -0.379967
4.350000 -0.068999916579559  0.045325301510600 -0.656889
4.400000 -0.051789801423257  0.057109546597629 -1.10272
4.450000 -0.033156236498767  0.067015916102469 -2.02122
4.500000 -0.013886486384754  0.074883352901108 -5.39253
4.550000  0.005304083303860  0.080616944786907 15.199
4.600000  0.023790303935295  0.084179736930517 3.53841
4.650000  0.041046350864674  0.085587572485157 2.08514
4.700000  0.056648128633415  0.084905695185738 1.49883
4.750000  0.070270794438860  0.082244790011310 1.1704
4.800000  0.081682917982392  0.077755143231941 0.951914
4.850000  0.090738446847173  0.071618578510853 0.789286
4.900000  0.097367378598336  0.064037098986500 0.657685
4.950000  0.101565823669605  0.055221722191180 0.543704
5.000000  0.103385968204633  0.045393243968448 0.439066
5.050000  0.102926306105864  0.034766538470202 0.337781
5.100000  0.100322398500681  0.023517526138484 0.234419
5.150000  0.095738331531337  0.011762995354543 0.122866
5.200000  0.089358975508535 -0.000422824156509 -0.00473175
5.250000  0.081383096438939 -0.012966792323896 -0.15933
5.300000  0.072017331742188 -0.025750802537942 -0.357564
5.350000  0.061471013115502 -0.038424653866766 -0.625086
5.400000  0.049951798913176 -0.050728923131360 -1.01556
5.450000  0.037662064373031 -0.062520111501210 -1.66003
5.500000  0.024795989134062 -0.073462049169378 -2.96266
5.550000  0.011537276594758 -0.082786204783928 -7.17554
5.600000 -0.001942562181373 -0.089457365570534 46.0512
5.650000 -0.015485426861403 -0.092566826204349 5.97767
5.700000 -0.028947413270202 -0.091620950421695 3.16508
5.750000 -0.042199227282042 -0.086603296285226 2.05225
5.800000 -0.055126284522338 -0.077884454617151 1.41284
5.850000 -0.067628548656197 -0.066086697236281 0.977201
5.900000 -0.079620156227279 -0.051962078393437 0.652625
5.950000 -0.091028871135205 -0.036300379275898 0.398779
6.000000 -0.101736698347533 -0.019865424716151 0.195263
6.050000 -0.110474673309342 -0.003354072777368 0.0303606
6.100000 -0.115520712750386  0.012627713524347 -0.109311
6.150000 -0.116041658418201  0.027576134961105 -0.23764
6.200000 -0.111878490160442  0.041091227965288 -0.367284
6.250000 -0.103328451990671  0.052870650524804 -0.511676
6.300000 -0.090978421704180  0.062698341519338 -0.689156
6.350000 -0.075579433014361  0.070431805004509 -0.931891
6.400000 -0.057954027725652  0.075991109484284 -1.31123
6.450000 -0.038929598811764  0.079351603511706 -2.03834
6.500000 -0.019292126619133  0.080540546583377 -4.17479
6.550000  0.000244253270647  0.079635343268868 326.036
6.600000  0.019055549109685  0.076760426696847 4.02825
6.650000  0.036617061153420  0.072081341334137 1.96852
6.700000  0.052505768122990  0.065793677637032 1.25308
6.750000  0.066397852017396  0.058105774567925 0.875115
6.800000  0.078062859367933  0.049235132297921 0.630711
6.850000  0.087355668071728  0.039407060595559 0.451111
6.900000  0.094207160984435  0.028832720301169 0.306057
6.950000  0.098614290324620  0.017674037331082 0.179224
7.000000  0.100630042047920  0.006029970040551 0.0599222
7.050000  0.100353669434746 -0.006041923629351 -0.0602063
7.100000  0.097921454093292 -0.018510013121399 -0.189029
7.150000  0.093498165277377 -0.031153768847637 -0.333202
7.200000  0.087269320552819 -0.043634428191425 -0.499997
7.250000  0.079434298817363 -0.055688819669637 -0.701068
7.300000  0.070200317485163 -0.067093030660966 -0.955737
7.350000  0.059777256790033 -0.077404924206334 -1.29489
7.400000  0.048373293571493 -0.085838843983208 -1.77451
7.450000  0.036191292872991 -0.091446973433731 -2.52677
7.500000  0.023425896794305 -0.093443174001205 -3.98888
7.550000  0.010261245145881 -0.091432627824458 -8.91048
7.600000 -0.003130739389746 -0.085461045100666 27.2974
7.650000 -0.016591568438717 -0.075935307669181 4.57674
7.700000 -0.029976972190017 -0.063498592212203 2.11825
7.750000 -0.043157312156130 -0.048912926939700 1.13336
7.800000 -0.056017679786112 -0.032968468498269 0.588537
7.850000 -0.068457733707620 -0.016420815849361 0.239868
7.900000 -0.080391323561126  0.000048422354240 -0.000602333
7.950000 -0.091745943514096  0.015853491568693 -0.172798
8.000000 -0.102403345050549  0.030513654912418 -0.297975
8.050000 -0.111094325498301  0.043652519332618 -0.392932
8.100000 -0.116096577993042  0.054989818454598 -0.473656
8.150000 -0.116576734406700  0.064328917540073 -0.551816
8.200000 -0.112375577662376  0.071543576053439 -0.636647
8.250000 -0.103790167069032  0.076567162019066 -0.737711
8.300000 -0.091407207241420  0.079386574889274 -0.868494
8.350000 -0.075977569574636  0.080040469594233 -1.05347
8.400000 -0.058323643788172  0.078618639942866 -1.34797
8.450000 -0.039272680407017  0.075259872082691 -1.91634
8.500000 -0.019610526398568  0.070145321975140 -3.57692
8.550000 -0.000051192497934  0.063479571260058 -1240.02
8.600000  0.018781446369811  0.055475708055490 2.95375
8.650000  0.036362799741056  0.046354855370635 1.27479
8.700000  0.052269948531871  0.036341715447017 0.69527
8.750000  0.066179170281219  0.025637986676893 0.387403
8.800000  0.077860100812705  0.014390964745152 0.184831
8.850000  0.087167701452801  0.002691777707505 0.0308804
8.900000  0.094032932986647 -0.009451615321159 -0.100514
8.950000  0.098452820404958 -0.021962046365436 -0.223072
9.000000  0.100480417601154 -0.034581097225802 -0.344158
9.050000  0.100215041263408 -0.046971562993022 -0.468708
9.100000  0.097793032164317 -0.058850121064914 -0.601782
9.150000  0.093379214748614 -0.069913023783118 -0.7487
9.200000  0.087159158053494 -0.079642914941857 -0.913764
9.250000  0.079332288967382 -0.087258949404196 -1.09992
9.300000  0.070105869638969 -0.091897604431556 -1.31084
9.350000  0.059689821991469 -0.092883099849360 -1.5561
9.400000  0.048292361706868 -0.089912632122913 -1.86184
9.450000  0.036116390010245 -0.083093078956819 -2.3007
9.500000  0.023356582696836 -0.072867663928460 -3.11979
9.550000  0.010197110950233 -0.059899263784404 -5.87414
9.600000 -0.003190073342517 -0.044957610140212 14.093
9.650000 -0.016646454627627 -0.028830692698653 1.73194
9.700000 -0.030027737803722 -0.012263653691129 0.408411
9.750000 -0.043204260856034  0.004078702155826 -0.0944051
9.800000 -0.056061093351040  0.019631670402045 -0.350184
9.850000 -0.068497873567621  0.033937491180618 -0.495453
9.900000 -0.080428432227525  0.046642409963911 -0.579924
9.950000 -0.091780245912482  0.057486931720506 -0.626354
10.000000 -0.102435049762985  0.066292547400760 -0.647167
10.050000 -0.111123625920667  0.072948279404113 -0.656461
10.100000 -0.116123653413055  0.077400491702911 -0.666535
10.150000 -0.116601751007820  0.079648095151474 -0.683078
10.200000 -0.112398689458478  0.079741838341413 -0.709455
10.250000 -0.103811516774431  0.077784831885408 -0.749289
10.300000 -0.091426927080541  0.073932267420832 -0.808649
10.350000 -0.075995782035353  0.068378563518578 -0.899768
10.400000 -0.058340462322596  0.061335237194288 -1.05133
10.450000 -0.039288210083251  0.053018893780587 -1.34949
10.500000 -0.019624864506749  0.043651906139667 -2.22432
10.550000 -0.000064429113638  0.033453649383360 -519.232
10.600000  0.018769227861879  0.022612504825654 1.20476
10.650000  0.036351522160406  0.011274329466282 0.310147
10.700000  0.052259540450066 -0.000509508892596 -0.00974959
10.750000  0.066169565601832 -0.012731289014838 -0.192404
10.800000  0.077851238381202 -0.025273365363623 -0.324637
10.850000  0.087159524694268 -0.037853316835080 -0.434299
10.900000  0.094025389569445 -0.050131124369839 -0.533166
10.950000  0.098445861928506 -0.061790415222301 -0.627659
11.000000  0.100473999306150 -0.072456564430088 -0.721147
11.050000  0.100209121762931 -0.081561448762211 -0.813912
11.100000  0.097787573194344 -0.088343292745314 -0.90342
11.150000  0.093374180936594 -0.092019927853962 -0.985496
11.200000  0.087154516703692 -0.092016749949133 -1.05579
11.250000  0.079328009861836 -0.088116930571244 -1.11079
11.300000  0.070101924852925 -0.080486340064851 -1.14813
11.350000  0.059686185722292 -0.069603411755050 -1.16616
11.400000  0.048289010115453 -0.056148929732535 -1.16277
11.450000  0.036113301074052 -0.040897833288358 -1.13249
11.500000  0.023353736073703 -0.024633323223620 -1.05479
11.550000  0.010194487852203 -0.008087916567509 -0.793362
11.600000 -0.003192490266072  0.008091915757649 -2.53467
11.650000 -0.016648681398258  0.023363242341585 -1.40331
11.700000 -0.030029789214152  0.037291096100601 -1.2418
11.750000 -0.043206150562984  0.049543571790223 -1.14668
11.800000 -0.056062833961167  0.059880949925655 -1.0681
11.850000 -0.068499476717068  0.068141919356123 -0.99478
11.900000 -0.080429908655552  0.074230248963449 -0.922918
11.950000 -0.091781605529603  0.078105513637443 -0.850993
12.000000 -0.102436301714016  0.079779218025785 -0.778818
12.050000 -0.111124778643062  0.079314637888660 -0.713744
12.100000 -0.116124714690864  0.076830398979612 -0.66162
12.150000 -0.116602728021600  0.072497777057369 -0.62175
12.200000 -0.112399588831452  0.066522283304641 -0.591837
12.250000 -0.103812344615176  0.059120756175375 -0.569496
12.300000 -0.091427689022448  0.050512219234040 -0.552483
12.350000 -0.075996483273118  0.040917385718464 -0.538412
12.400000 -0.058341107645941  0.030543648171400 -0.523536
12.450000 -0.039288803908099  0.019579051310159 -0.498337
12.500000 -0.019625410904033  0.008145743292861 -0.415061
12.550000 -0.000064931835918 -0.003727977402368 57.4137
12.600000  0.018768765355819 -0.016017943179434 -0.853436
12.650000  0.036351096682839 -0.028570476793400 -0.785959
12.700000  0.052259149063328 -0.041086311991861 -0.786203
12.750000  0.066169205598941 -0.053215319165621 -0.804231
12.800000  0.077850907267951 -0.064602441765505 -0.829823
12.850000  0.087159220172694 -0.074813963943940 -0.85836
12.900000  0.094025109522564 -0.083250385887862 -0.885406
12.950000  0.098445604406220 -0.089179019453099 -0.905871
13.000000  0.100473762512236 -0.091896586872271 -0.914633
13.050000  0.100208904043033 -0.090922514190171 -0.90733
13.100000  0.097787373024892 -0.086120568866641 -0.880692
13.150000  0.093373996914571 -0.077712886371175 -0.832275
13.200000  0.087154347537201 -0.066211326366664 -0.759702
13.250000  0.079327854361389 -0.052312508863783 -0.659447
13.300000  0.070101781923411 -0.036794094489407 -0.524867
13.350000  0.059686054355564 -0.020432092769379 -0.342326
13.400000  0.048288889383494 -0.003944453378331 -0.0816845
13.450000  0.036113190122668  0.012041963350750 0.333451
13.500000  0.023353634116710  0.027006416680614 1.15641
13.550000  0.010194394166067  0.040536388841137 3.97634
13.600000 -0.003192576347182  0.052321075724110 -16.3884
13.650000 -0.016648760487026  0.062139674294831 -3.73239
13.700000 -0.030029861874317  0.069847361437847 -2.32593
13.750000 -0.043206217313213  0.075362519361058 -1.74425
13.800000 -0.056062895278625  0.078658376793089 -1.40304
13.850000 -0.068499533040709  0.079759048400541 -1.16437
13.900000 -0.080429960389149  0.078741890736373 -0.979012
13.950000 -0.091781653044544  0.075742093383011 -0.825242
14.000000 -0.102436345351879  0.070945787710003 -0.692584
14.050000 -0.111124818717983  0.064567465617393 -0.581036
14.100000 -0.116124751491726  0.056828112766960 -0.489371
14.150000 -0.116602761814044  0.047948173079171 -0.41121
14.200000 -0.112399619859731  0.038138978359803 -0.339316
14.250000 -0.103812373103860  0.027605311655417 -0.265915
14.300000 -0.091427715178001  0.016524535303780 -0.180739
14.350000 -0.075996507285343  0.004993559422884 -0.0657077
14.400000 -0.058341129689314 -0.006968053191194 0.119436
14.450000 -0.039288824142997 -0.019311548750377 0.491528
14.500000 -0.019625429477862 -0.031852366577306 1.62302
14.550000 -0.000064948884158 -0.044276204736364 681.708
14.600000  0.018768749708663 -0.056216447580860 -2.99522
14.650000  0.036351082322349 -0.067278742294752 -1.8508
14.700000  0.052259135884366 -0.076982530853639 -1.47309
14.750000  0.066169193504900 -0.084712468002130 -1.28024
14.800000  0.077850896170069 -0.089772314242746 -1.15313
14.850000  0.087159209989423 -0.091535598265963 -1.05021
14.900000  0.094025100178985 -0.089609928488589 -0.953043
14.950000  0.098445595833510 -0.083934745879796 -0.8526
15.000000  0.100473754647177 -0.074785385885970 -0.744328
15.050000  0.100208896827557 -0.062704910775891 -0.625742
15.100000  0.097787366405663 -0.048403496960188 -0.494987
15.150000  0.093373990842607 -0.032659131266069 -0.349767
15.200000  0.087154341967516 -0.016238446665633 -0.186318
15.250000  0.079327849252673  0.000156882772475 0.00197765
15.300000  0.070101777237730  0.015920587011306 0.227107
15.350000  0.059686050058084  0.030554278920759 0.511917
15.400000  0.048288885442235  0.043667465108798 0.904296
15.450000  0.036113186508265  0.054969746571142 1.52215
15.500000  0.023353630802207  0.064258479929207 2.75154
15.550000  0.010194391126716  0.071404893086953 7.00433
15.600000 -0.003192579134099  0.076342271658584 -23.9124
15.650000 -0.016648763042361  0.079057388134126 -4.74854
15.700000 -0.030029864217212  0.079587665126851 -2.65028
15.750000 -0.043206219461235  0.078025965091260 -1.8059
15.800000 -0.056062897247898  0.074524143961819 -1.3293
15.850000 -0.068499534846029  0.069281407161949 -1.01141
15.900000 -0.080429962044097  0.062519384423739 -0.777315
15.950000 -0.091781654561580  0.054463326772903 -0.593401
16.000000 -0.102436346742437  0.045328154072549 -0.442501
16.050000 -0.111124819992553  0.035320035741254 -0.317841
16.100000 -0.116124752659935  0.024639375079522 -0.21218
16.150000 -0.116602762884723  0.013446529318960 -0.115319
16.200000 -0.112399620840983  0.001817717372043 -0.0161719
16.250000 -0.103812374003117 -0.010224843422748 0.0984935
16.300000 -0.091427716002082 -0.022604812939379 0.247242
16.350000 -0.075996508040501 -0.035110508008149 0.462002
16.400000 -0.058341130381286 -0.047411779768752 0.812665
16.450000 -0.039288824777045 -0.059121215161782 1.50478
16.500000 -0.019625430058811 -0.069807694338291 3.557
16.550000 -0.000064949416435 -0.078955538029030 1215.65
16.600000  0.018768749221001 -0.085946143269247 -4.57922
16.650000  0.036351081875579 -0.090125291322655 -2.4793
16.700000  0.052259135475074 -0.090941465196812 -1.7402
16.750000  0.066169193129958 -0.088085443964463 -1.33122
16.800000  0.077850895826605 -0.081567728994785 -1.04774
16.850000  0.087159209674807 -0.071713576072444 -0.822788
16.900000  0.094025099890806 -0.059094701457643 -0.628499
16.950000  0.098445595569556 -0.044432445216930 -0.45134
17.000000  0.100473754405420 -0.028502837675649 -0.283684
17.050000  0.100208896606139 -0.012061142151036 -0.12036
17.100000  0.097787366202880  0.004208696582313 0.0430393
17.150000  0.093373990656898  0.019721696626817 0.211212
17.200000  0.087154341797449  0.034001810647537 0.390133
17.250000  0.079327849096936  0.046680123671758 0.588446
17.300000  0.070101777095121  0.057485976991100 0.820036
17.350000  0.059686049927501  0.066234250832252 1.10971
17.400000  0.048288885322668  0.072812294831383 1.50785
17.450000  0.036113186398789  0.077168261563990 2.13684
17.500000  0.023353630701973  0.079302557698664 3.39573
17.550000  0.010194391034948  0.079266934850403 7.77554
17.600000 -0.003192579218114  0.077170740111298 -24.1719
17.650000 -0.016648763119276  0.073181776693602 -4.39563
17.700000 -0.030029864287623  0.067510144897454 -2.2481
17.750000 -0.043206219525691  0.060384869774266 -1.3976
17.800000 -0.056062897306899  0.052030357367151 -0.928071
17.850000 -0.068499534900037  0.042655768709904 -0.622716
17.900000 -0.080429962093531  0.032463688387146 -0.403627
17.950000 -0.091781654606827  0.021646118342240 -0.235844
18.000000 -0.102436346783850  0.010344183890098 -0.100982
18.050000 -0.111124820030456 -0.001379684459544 0.0124156
18.100000 -0.116124752694624 -0.013492628265010 0.116191
18.150000 -0.116602762916470 -0.025890116700007 0.222037
18.200000 -0.112399620870035 -0.038335528671782 0.341065
18.250000 -0.103812374029703 -0.050481206403452 0.486273
18.300000 -0.091427716026411 -0.061916759988304 0.677221
18.350000 -0.075996508062763 -0.072178696102801 0.949763
18.400000 -0.058341130401656 -0.080727025029083 1.38371
18.450000 -0.039288824795684 -0.086950206387663 2.2131
18.500000 -0.019625430075865 -0.090240323466279 4.59813
18.550000 -0.000064949432038 -0.090119073046195 1387.53
18.600000  0.018768749206725 -0.086355933897944 -4.60105
18.650000  0.036351081862518 -0.079028076291223 -2.17402
18.700000  0.052259135463125 -0.068507243413577 -1.31091
18.750000  0.066169193119026 -0.055391044707437 -0.837112
18.800000  0.077850895816605 -0.040409554091811 -0.519063
18.850000  0.087159209665660 -0.024334670822459 -0.279198
18.900000  0.094025099882438 -0.007908489945853 -0.0841104
18.950000  0.098445595561902  0.008203963968226 0.083335
19.000000  0.100473754398419  0.023439456430084 0.233289
19.050000  0.100208896599735  0.037344166799492 0.372663
19.100000  0.097787366197023  0.049570300732714 0.506919
19.150000  0.093373990651541  0.059866253840829 0.641145
19.200000  0.087154341792550  0.068064235826876 0.780962
19.250000  0.079327849092455  0.074067759611678 0.933692
19.300000  0.070101777091022  0.077839730955452 1.11038
19.350000  0.059686049923753  0.079394577361877 1.3302
19.400000  0.048288885319240  0.078799451068088 1.63183
19.450000  0.036113186395655  0.076180580029224 2.10949
19.500000  0.023353630699107  0.071719931522321 3.07104
19.550000  0.010194391032326  0.065638393309688 6.43868
19.600000 -0.003192579220510  0.058169202756586 -18.2201
19.650000 -0.016648763121467  0.049533187320755 -2.97519
19.700000 -0.030029864289626  0.039934779545238 -1.32984
19.750000 -0.043206219527523  0.029572260933479 -0.684445
19.800000 -0.056062897308575  0.018625649145733 -0.332228
19.850000 -0.068499534901568  0.007217861805607 -0.105371
19.900000 -0.080429962094931 -0.004595396754081 0.0571354
19.950000 -0.091781654608106 -0.016765362766149 0.182666
