0.000000  0.000058708691043  0.000112702396655 1.91969
0.050000  0.001397978033584  0.001461839118001 1.04568
0.100000  0.005704107297886  0.005613159713100 0.984056
0.150000  0.013784910217552  0.013331474993678 0.967106
0.200000  0.025783590234212  0.024742037482632 0.959604
0.250000  0.041395698152761  0.039540461363762 0.955183
0.300000  0.060034856479254  0.057154990504132 0.95203
0.350000  0.080957353521531  0.076867872111158 0.949486
0.400000  0.103353939313936  0.097904223874435 0.947271
0.450000  0.126415669900266  0.119495271527553 0.945257
0.500000  0.149379403262958  0.140921571404077 0.94338
0.550000  0.171557512236712  0.161540792438828 0.941613
0.600000  0.192355515470098  0.180803644142269 0.939945
0.650000  0.211280609894948  0.198260908232759 0.938377
0.700000  0.227943494197110  0.213563368844170 0.936914
0.750000  0.242055382832307  0.226456563240774 0.935557
0.800000  0.253421707505383  0.236772194650691 0.934301
0.850000  0.261933673550549  0.244418202366438 0.93313
0.900000  0.267558570286890  0.249369486341702 0.932018
0.950000  0.270329516992232  0.251659273224343 0.930935
1.000000  0.270335151028771  0.251371262914495 0.92985
1.050000  0.267709624599691  0.248632237439996 0.928739
1.100000  0.262623165497653  0.243604900826646 0.927583
1.150000  0.255273369880676  0.236480818109631 0.926383
1.200000  0.245877327265623  0.227473472378063 0.92515
1.250000  0.234664625956914  0.216810903441463 0.923918
1.300000  0.221871248018386  0.204727911063552 0.922733
1.350000  0.207734334145820  0.191458584487455 0.921651
1.400000  0.192487778330313  0.177225668177165 0.920711
1.450000  0.176358598302848  0.162219924816132 0.91983
1.500000  0.159564019005692  0.146601873855198 0.918765
1.550000  0.142309201589287  0.130520250317581 0.91716
1.600000  0.124785548739687  0.114136344783210 0.91466
1.650000  0.107169517735642  0.097641993723541 0.911099
1.700000  0.089621874898555  0.081269663081487 0.906806
1.750000  0.072287328538747  0.065271589563839 0.902946
1.800000  0.055294481725684  0.049557698152386 0.89625
1.850000  0.038756050910171  0.034825679485578 0.898587
1.900000  0.022769301364269  0.022276750255174 0.978368
1.950000  0.007416655397371  0.013152941037605 1.77343
2.000000 -0.007174857090821  0.008188063036406 -1.14122
2.050000 -0.019728322924132  0.007530319158820 -0.381701
2.100000 -0.028514731176193  0.010887122970561 -0.381807
2.150000 -0.032694951995562  0.017690733224315 -0.541085
2.200000 -0.032104885630612  0.027225184769264 -0.848008
2.250000 -0.027037525692698  0.038717403364866 -1.43199
2.300000 -0.018076267561840  0.051401442673023 -2.84359
2.350000 -0.005969371182870  0.064561901798472 -10.8155
2.400000  0.008462744008673  0.077561226314029 9.16502
2.450000  0.024394210987331  0.089855008550107 3.68346
2.500000  0.041040031513552  0.100997854785026 2.46096
2.550000  0.057686558357177  0.110641822902458 1.91798
2.600000  0.073709841898763  0.118529328316548 1.60805
2.650000  0.088584823247413  0.124482749168212 1.40524
2.700000  0.101887763061603  0.128394171620068 1.26015
2.750000  0.113293806146426  0.130216707502389 1.14937
2.800000  0.122571179954584  0.129957718210025 1.06026
2.850000  0.129573196178512  0.127673406363446 0.985338
2.900000  0.134228956677142  0.123463612390433 0.919799
2.950000  0.136533447863896  0.117465801589336 0.860345
3.000000  0.136537532796526  0.109848212061124 0.804528
3.050000  0.134338210301656  0.100801901440131 0.750359
3.100000  0.130069399429772  0.090531504007203 0.696025
3.150000  0.123893420237590  0.079247930254031 0.639646
3.200000  0.115993274031071  0.067163375634848 0.579028
3.250000  0.106565774174654  0.054463561857758 0.511079
3.300000  0.095815539378345  0.041286444198768 0.430895
3.350000  0.083949832516738  0.027729978691794 0.330316
3.400000  0.071174207442400  0.013886862852144 0.195111
3.450000  0.057688912219343 -0.000115216652078 -0.00199721
3.500000  0.043685988312429 -0.014072091358363 -0.322119
3.550000  0.029347000371370 -0.027623795892768 -0.941282
3.600000  0.014841329402162 -0.040728143958155 -2.74424
3.650000  0.000324962560893 -0.053179033618437 -163.647
3.700000 -0.014060285080676 -0.064263642839766 4.57058
3.750000 -0.028187178154043 -0.072857786807873 2.58478
3.800000 -0.041943155270298 -0.077913068510411 1.85759
3.850000 -0.055230162661291 -0.078829614518329 1.42729
3.900000 -0.067964275083521 -0.075530467009139 1.11133
3.950000 -0.080075147011073 -0.068352391536102 0.853603
4.000000 -0.091446623655272 -0.057896953842858 0.633123
4.050000 -0.100811528219298 -0.044905032841948 0.445435
4.100000 -0.106449511036422 -0.030164572309285 0.28337
4.150000 -0.107529092072272 -0.014446362964539 0.134348
4.200000 -0.103892873169700  0.001538222704950 -0.0148059
4.250000 -0.095839663628939  0.017162998988150 -0.17908
4.300000 -0.083957849651056  0.031900306656076 -0.379956
4.350000 -0.068999916579559  0.045324740659146 -0.656881
4.400000 -0.051789801423257  0.057109333893150 -1.10271
4.450000 -0.033156236498767  0.067015952286562 -2.02122
4.500000 -0.013886486384754  0.074883490304511 -5.39254
4.550000  0.005304083303860  0.080617033216900 15.1991
4.600000  0.023790303935295  0.084179676083861 3.5384
4.650000  0.041046350864674  0.085587344133893 2.08514
4.700000  0.056648128633415  0.084905358096077 1.49882
4.750000  0.070270794438860  0.082244444775541 1.17039
4.800000  0.081682917982392  0.077754907044797 0.951911
4.850000  0.090738446847173  0.071618565994753 0.789286
4.900000  0.097367378598336  0.064037427254782 0.657689
4.950000  0.101565823669605  0.055222464717638 0.543711
5.000000  0.103385968204633  0.045394441128841 0.439077
5.050000  0.102926306105864  0.034768133236185 0.337796
5.100000  0.100322398500681  0.023519381150953 0.234438
5.150000  0.095738331531337  0.011764946975710 0.122886
5.200000  0.089358975508535 -0.000420928747105 -0.00471054
5.250000  0.081383096438939 -0.012965058602584 -0.159309
5.300000  0.072017331742188 -0.025749297859914 -0.357543
5.350000  0.061471013115502 -0.038423439816508 -0.625066
5.400000  0.049951798913176 -0.050728027835082 -1.01554
5.450000  0.037662064373031 -0.062519431327063 -1.66001
5.500000  0.024795989134062 -0.073461454888055 -2.96263
5.550000  0.011537276594758 -0.082785673073965 -7.1755
5.600000 -0.001942562181373 -0.089457017336028 46.051
5.650000 -0.015485426861403 -0.092566846473017 5.97767
5.700000 -0.028947413270202 -0.091621488410031 3.1651
5.750000 -0.042199227282042 -0.086604409325388 2.05227
5.800000 -0.055126284522338 -0.077886099087694 1.41287
5.850000 -0.067628548656197 -0.066088717475447 0.977231
5.900000 -0.079620156227279 -0.051964290854945 0.652652
5.950000 -0.091028871135205 -0.036302623529810 0.398803
6.000000 -0.101736698347533 -0.019867573861715 0.195284
6.050000 -0.110474673309342 -0.003356019008841 0.0303782
6.100000 -0.115520712750386  0.012626085164299 -0.109297
6.150000 -0.116041658418201  0.027574926784787 -0.23763
6.200000 -0.111878490160442  0.041090485849732 -0.367278
6.250000 -0.103328451990671  0.052870327870096 -0.511673
6.300000 -0.090978421704180  0.062698302290937 -0.689156
6.350000 -0.075579433014361  0.070431860605262 -0.931892
6.400000 -0.057954027725652  0.075991080071531 -1.31123
6.450000 -0.038929598811764  0.079351381938704 -2.03833
6.500000 -0.019292126619133  0.080540133036647 -4.17477
6.550000  0.000244253270647  0.079634828396097 326.034
6.600000  0.019055549109685  0.076759953303839 4.02822
6.650000  0.036617061153420  0.072081061593745 1.96851
6.700000  0.052505768122990  0.065793749009262 1.25308
6.750000  0.066397852017396  0.058106321074210 0.875124
6.800000  0.078062859367933  0.049236247980771 0.630726
6.850000  0.087355668071728  0.039408758342812 0.45113
6.900000  0.094207160984435  0.028834898183525 0.30608
6.950000  0.098614290324620  0.017676510633921 0.179249
7.000000  0.100630042047920  0.006032524975864 0.0599476
7.050000  0.100353669434746 -0.006039466208588 -0.0601818
7.100000  0.097921454093292 -0.018507767100891 -0.189006
7.150000  0.093498165277377 -0.031151817355963 -0.333181
7.200000  0.087269320552819 -0.043632861992530 -0.499979
7.250000  0.079434298817363 -0.055687634892072 -0.701053
7.300000  0.070200317485163 -0.067092105732786 -0.955724
7.350000  0.059777256790033 -0.077404132795028 -1.29488
7.400000  0.048373293571493 -0.085838188179010 -1.7745
7.450000  0.036191292872991 -0.091446602138417 -2.52676
7.500000  0.023425896794305 -0.093443295713990 -3.98889
7.550000  0.010261245145881 -0.091433406592208 -8.91056
7.600000 -0.003130739389746 -0.085462546910932 27.2979
7.650000 -0.016591568438717 -0.075937452199556 4.57687
7.700000 -0.029976972190017 -0.063501187099876 2.11833
7.750000 -0.043157312156130 -0.048915743268266 1.13343
7.800000 -0.056017679786112 -0.032971298849850 0.588587
7.850000 -0.068457733707620 -0.016423496128104 0.239907
7.900000 -0.080391323561126  0.000046034100789 -0.000572625
7.950000 -0.091745943514096  0.015851527844984 -0.172776
8.000000 -0.102403345050549  0.030512216866261 -0.297961
8.050000 -0.111094325498301  0.043651632158974 -0.392924
8.100000 -0.116096577993042  0.054989403290179 -0.473652
8.150000 -0.116576734406700  0.064328799825508 -0.551815
8.200000 -0.112375577662376  0.071543532054907 -0.636647
8.250000 -0.103790167069032  0.076566992790658 -0.73771
8.300000 -0.091407207241420  0.079386179431771 -0.868489
8.350000 -0.075977569574636  0.080039872700820 -1.05347
8.400000 -0.058323643788172  0.078617971836055 -1.34796
8.450000 -0.039272680407017  0.075259311049246 -1.91633
8.500000 -0.019610526398568  0.070145065056558 -3.57691
8.550000 -0.000051192497934  0.063479791947706 -1240.02
8.600000  0.018781446369811  0.055476550984220 2.9538
8.650000  0.036362799741056  0.046356408559710 1.27483
8.700000  0.052269948531871  0.036343956019234 0.695313
8.750000  0.066179170281219  0.025640767049247 0.387445
8.800000  0.077860100812705  0.014394047753440 0.184871
8.850000  0.087167701452801  0.002694910145133 0.0309164
8.900000  0.094032932986647 -0.009448625718855 -0.100482
8.950000  0.098452820404958 -0.021959316395767 -0.223044
9.000000  0.100480417601154 -0.034578741341727 -0.344134
9.050000  0.100215041263408 -0.046969668381718 -0.468689
9.100000  0.097793032164317 -0.058848662770838 -0.601767
9.150000  0.093379214748614 -0.069911871488097 -0.748688
9.200000  0.087159158053494 -0.079641960250172 -0.913753
9.250000  0.079332288967382 -0.087258223153066 -1.09991
9.300000  0.070105869638969 -0.091897279424604 -1.31084
9.350000  0.059689821991469 -0.092883397327450 -1.5561
9.400000  0.048292361706868 -0.089913731363929 -1.86186
9.450000  0.036116390010245 -0.083095029756466 -2.30076
9.500000  0.023356582696836 -0.072870353248304 -3.11991
9.550000  0.010197110950233 -0.059902457908640 -5.87445
9.600000 -0.003190073342517 -0.044961032527862 14.094
9.650000 -0.016646454627627 -0.028834093313413 1.73215
9.700000 -0.030027737803722 -0.012266829561297 0.408517
9.750000 -0.043204260856034  0.004075920334766 -0.0943407
9.800000 -0.056061093351040  0.019629424281172 -0.350143
9.850000 -0.068497873567621  0.033935869316324 -0.49543
9.900000 -0.080428432227525  0.046641409218787 -0.579912
9.950000 -0.091780245912482  0.057486436645496 -0.626349
10.000000 -0.102435049762985  0.066292345912658 -0.647165
10.050000 -0.111123625920667  0.072948119337524 -0.656459
10.100000 -0.116123653413055  0.077400167382036 -0.666532
10.150000 -0.116601751007820  0.079647520290871 -0.683073
10.200000 -0.112398689458478  0.079741072548146 -0.709448
10.250000 -0.103811516774431  0.077784040861154 -0.749281
10.300000 -0.091426927080541  0.073931674769929 -0.808642
10.350000 -0.075995782035353  0.068378391716625 -0.899766
10.400000 -0.058340462322596  0.061335680396058 -1.05134
10.450000 -0.039288210083251  0.053020104621219 -1.34952
10.500000 -0.019624864506749  0.043653952205241 -2.22442
10.550000 -0.000064429113638  0.033456468396912 -519.276
10.600000  0.018769227861879  0.022615897869368 1.20495
10.650000  0.036351522160406  0.011278009244685 0.310249
10.700000  0.052259540450066 -0.000505823606168 -0.00967907
10.750000  0.066169565601832 -0.012727789510724 -0.192351
10.800000  0.077851238381202 -0.025270187301018 -0.324596
10.850000  0.087159524694268 -0.037850589002087 -0.434268
10.900000  0.094025389569445 -0.050128924356888 -0.533142
10.950000  0.098445861928506 -0.061788701026698 -0.627641
11.000000  0.100473999306150 -0.072455209760717 -0.721134
11.050000  0.100209121762931 -0.081560371573999 -0.813902
11.100000  0.097787573194344 -0.088342554168609 -0.903413
11.150000  0.093374180936594 -0.092019716152418 -0.985494
11.200000  0.087154516703692 -0.092017301015113 -1.05579
11.250000  0.079328009861836 -0.088118420991959 -1.11081
11.300000  0.070101924852925 -0.080488795958183 -1.14817
11.350000  0.059686185722292 -0.069606683406591 -1.16621
11.400000  0.048289010115453 -0.056152737839645 -1.16285
11.450000  0.036113301074052 -0.040901856211345 -1.1326
11.500000  0.023353736073703 -0.024637268750867 -1.05496
11.550000  0.010194487852203 -0.008091546786809 -0.793718
11.600000 -0.003192490266072  0.008088790837459 -2.53369
11.650000 -0.016648681398258  0.023360763525518 -1.40316
11.700000 -0.030029789214152  0.037289330512215 -1.24174
11.750000 -0.043206150562984  0.049542482030504 -1.14665
11.800000 -0.056062833961167  0.059880381776531 -1.06809
11.850000 -0.068499476717068  0.068141625523898 -0.994776
11.900000 -0.080429908655552  0.074229958262641 -0.922915
11.950000 -0.091781605529603  0.078105022765588 -0.850988
12.000000 -0.102436301714016  0.079778467651529 -0.778811
12.050000 -0.111124778643062  0.079313721965917 -0.713736
12.100000 -0.116124714690864  0.076829528093074 -0.661612
12.150000 -0.116602728021600  0.072497208810627 -0.621745
12.200000 -0.112399588831452  0.066522263193086 -0.591837
12.250000 -0.103812344615176  0.059121493637308 -0.569504
12.300000 -0.091427689022448  0.050513861532601 -0.552501
12.350000 -0.075996483273118  0.040919972449474 -0.538446
12.400000 -0.058341107645941  0.030547071822746 -0.523594
12.450000 -0.039288803908099  0.019583058795508 -0.498439
12.500000 -0.019625410904033  0.008150002042607 -0.415278
12.550000 -0.000064931835918 -0.003723758194166 57.3487
12.600000  0.018768765355819 -0.016013961255534 -0.853224
12.650000  0.036351096682839 -0.028566883672785 -0.78586
12.700000  0.052259149063328 -0.041083241792234 -0.786144
12.750000  0.066169205598941 -0.053212836046145 -0.804193
12.800000  0.077850907267951 -0.064600494006080 -0.829798
12.850000  0.087159220172694 -0.074812439167546 -0.858342
12.900000  0.094025109522564 -0.083249234669173 -0.885394
12.950000  0.098445604406220 -0.089178327621803 -0.905864
13.000000  0.100473762512236 -0.091896559803201 -0.914632
13.050000  0.100208904043033 -0.090923393000786 -0.907338
13.100000  0.097787373024892 -0.086122516200984 -0.880712
13.150000  0.093373996914571 -0.077715897759640 -0.832308
13.200000  0.087154347537201 -0.066215209402676 -0.759746
13.250000  0.079327854361389 -0.052316938128868 -0.659503
13.300000  0.070101781923411 -0.036798704059521 -0.524933
13.350000  0.059686054355564 -0.020436551025489 -0.342401
13.400000  0.048288889383494 -0.003948492531961 -0.0817681
13.450000  0.036113190122668  0.012038545537540 0.333356
13.500000  0.023353634116710  0.027003750843798 1.1563
13.550000  0.010194394166067  0.040534513432447 3.97616
13.600000 -0.003192576347182  0.052319915055020 -16.388
13.650000 -0.016648760487026  0.062139034399658 -3.73235
13.700000 -0.030029861874317  0.069846965373780 -2.32592
13.750000 -0.043206217313213  0.075362084575329 -1.74424
13.800000 -0.056062895278625  0.078657715158616 -1.40303
13.850000 -0.068499533040709  0.079758130780031 -1.16436
13.900000 -0.080429960389149  0.078740854368440 -0.978999
13.950000 -0.091781653044544  0.075741189901802 -0.825232
14.000000 -0.102436345351879  0.070945303317962 -0.692579
14.050000 -0.111124818717983  0.064567665371032 -0.581037
14.100000 -0.116124751491726  0.056829211683385 -0.489381
14.150000 -0.116602761814044  0.047950303588798 -0.411228
14.200000 -0.112399619859731  0.038142145366925 -0.339344
14.250000 -0.103812373103860  0.027609357451288 -0.265954
14.300000 -0.091427715178001  0.016529150303057 -0.180789
14.350000 -0.075996507285343  0.004998381493349 -0.0657712
14.400000 -0.058341129689314 -0.006963321091664 0.119355
14.450000 -0.039288824142997 -0.019307112713742 0.491415
14.500000 -0.019625429477862 -0.031848389887899 1.62281
14.550000 -0.000064948884158 -0.044272819625682 681.656
14.600000  0.018768749708663 -0.056213705005275 -2.99507
14.650000  0.036351082322349 -0.067276588212498 -1.85075
14.700000  0.052259135884366 -0.076980876234467 -1.47306
14.750000  0.066169193504900 -0.084711294537166 -1.28022
14.800000  0.077850896170069 -0.089771732764509 -1.15312
14.850000  0.087159209989423 -0.091535827641542 -1.05021
14.900000  0.094025100178985 -0.089611205780172 -0.953056
14.950000  0.098445595833510 -0.083937210974197 -0.852625
15.000000  0.100473754647177 -0.074788995741351 -0.744364
15.050000  0.100208896827557 -0.062709426462386 -0.625787
15.100000  0.097787366405663 -0.048408546379530 -0.495039
15.150000  0.093373990842607 -0.032664306044535 -0.349822
15.200000  0.087154341967516 -0.016243379605567 -0.186375
15.250000  0.079327849252673  0.000152482537036 0.00192218
15.300000  0.070101777237730  0.015916924909962 0.227055
15.350000  0.059686050058084  0.030551467031336 0.511869
15.400000  0.048288885442235  0.043665507771538 0.904256
15.450000  0.036113186508265  0.054968526777166 1.52212
15.500000  0.023353630802207  0.064257766103840 2.75151
15.550000  0.010194391126716  0.071404383595777 7.00428
15.600000 -0.003192579134099  0.076341684063527 -23.9122
15.650000 -0.016648763042361  0.079056555566791 -4.74849
15.700000 -0.030029864217212  0.079586597310127 -2.65025
15.750000 -0.043206219461235  0.078024844646733 -1.80587
15.800000 -0.056062897247898  0.074523259162599 -1.32928
15.850000 -0.068499534846029  0.069281069101195 -1.01141
15.900000 -0.080429962044097  0.062519871055534 -0.777321
15.950000 -0.091781654561580  0.054464849554363 -0.593418
16.000000 -0.102436346742437  0.045330822827630 -0.442527
16.050000 -0.111124819992553  0.035323815188928 -0.317875
16.100000 -0.116124752659935  0.024644050267104 -0.21222
16.150000 -0.116602762884723  0.013451742258280 -0.115364
16.200000 -0.112399620840983  0.001823085994527 -0.0162197
16.250000 -0.103812374003117 -0.010219621113590 0.0984432
16.300000 -0.091427716002082 -0.022599951554309 0.247189
16.350000 -0.075996508040501 -0.035106177590219 0.461945
16.400000 -0.058341130381286 -0.047408106381969 0.812602
16.450000 -0.039288824777045 -0.059118238677834 1.50471
16.500000 -0.019625430058811 -0.069805367710855 3.55688
16.550000 -0.000064949416435 -0.078953798705220 1215.62
16.600000  0.018768749221001 -0.085945004167475 -4.57915
16.650000  0.036351081875579 -0.090124886952865 -2.47929
16.700000  0.052259135475074 -0.090942022093231 -1.74021
16.750000  0.066169193129958 -0.088087186984556 -1.33124
16.800000  0.077850895826605 -0.081570766384330 -1.04778
16.850000  0.087159209674807 -0.071717819670606 -0.822837
16.900000  0.094025099890806 -0.059099862853320 -0.628554
16.950000  0.098445595569556 -0.044438105923812 -0.451398
17.000000  0.100473754405420 -0.028508549459704 -0.283741
17.050000  0.100208896606139 -0.012066507338734 -0.120414
17.100000  0.097787366202880  0.004203983971544 0.0429911
17.150000  0.093373990656898  0.019717836189801 0.211171
17.200000  0.087154341797449  0.033998888936662 0.3901
17.250000  0.079327849096936  0.046678106263840 0.58842
17.300000  0.070101777095121  0.057484705112860 0.820018
17.350000  0.059686049927501  0.066233457458647 1.1097
17.400000  0.048288885322668  0.072811662457687 1.50783
17.450000  0.036113186398789  0.077167515360442 2.13682
17.500000  0.023353630701973  0.079301560572963 3.39568
17.550000  0.010194391034948  0.079265741421039 7.77543
17.600000 -0.003192579218114  0.077169577342485 -24.1715
17.650000 -0.016648763119276  0.073180965918858 -4.39558
17.700000 -0.030029864287623  0.067510017018257 -2.2481
17.750000 -0.043206219525691  0.060385707906061 -1.39762
17.800000 -0.056062897306899  0.052032361115250 -0.928107
17.850000 -0.068499534900037  0.042659019751841 -0.622764
17.900000 -0.080429962093531  0.032468102755673 -0.403682
17.950000 -0.091781654606827  0.021651423719533 -0.235901
18.000000 -0.102436346783850  0.010349982846326 -0.101038
18.050000 -0.111124820030456 -0.001373787491522 0.0123626
18.100000 -0.116124752694624 -0.013486939863752 0.116142
18.150000 -0.116602762916470 -0.025884858603062 0.221992
18.200000 -0.112399620870035 -0.038330873378910 0.341023
18.250000 -0.103812374029703 -0.050477271181364 0.486236
18.300000 -0.091427716026411 -0.061913579277844 0.677186
18.350000 -0.075996508062763 -0.072176235813925 0.949731
18.400000 -0.058341130401656 -0.080725251053449 1.38368
18.450000 -0.039288824795684 -0.086949162552163 2.21308
18.500000 -0.019625430075865 -0.090240164605238 4.59812
18.550000 -0.000064949432038 -0.090120027166000 1387.54
18.600000  0.018768749206725 -0.086358205376552 -4.60117
18.650000  0.036351081862518 -0.079031733720276 -2.17412
18.700000  0.052259135463125 -0.068512148070973 -1.31101
18.750000  0.066169193119026 -0.055396856788830 -0.8372
18.800000  0.077850895816605 -0.040415809775199 -0.519144
18.850000  0.087159209665660 -0.024340885501356 -0.279269
18.900000  0.094025099882438 -0.007914241804345 -0.0841716
18.950000  0.098445595561902  0.008198987298185 0.0832845
19.000000  0.100473754398419  0.023435440469036 0.233249
19.050000  0.100208896599735  0.037341166263107 0.372633
19.100000  0.097787366197023  0.049568239925193 0.506898
19.150000  0.093373990651541  0.059864932086056 0.641131
19.200000  0.087154341792550  0.068063356315539 0.780952
19.250000  0.079327849092455  0.074066996299818 0.933682
19.300000  0.070101777091022  0.077838824782838 1.11037
19.350000  0.059686049923753  0.079393429048064 1.33018
19.400000  0.048288885319240  0.078798163021652 1.63181
19.450000  0.036113186395655  0.076179421652754 2.10946
19.500000  0.023353630699107  0.071719253119052 3.07101
19.550000  0.010194391032326  0.065638539347526 6.43869
19.600000 -0.003192579220510  0.058170453394633 -18.2205
19.650000 -0.016648763121467  0.049535724581611 -2.97534
19.700000 -0.030029864289626  0.039938649165404 -1.32996
19.750000 -0.043206219527523  0.029577324608246 -0.684562
19.800000 -0.056062897308575  0.018631580763852 -0.332334
19.850000 -0.068499534901568  0.007224232777676 -0.105464
19.900000 -0.080429962094931 -0.004588991351535 0.0570557
19.950000 -0.091781654608106 -0.016759233527088 0.182599
