0.000000  0.000058708691043  0.000112702927236 1.9197
0.050000  0.001397978033584  0.001461845800723 1.04569
0.100000  0.005704107297886  0.005613181958853 0.98406
0.150000  0.013784910217552  0.013331520233899 0.96711
0.200000  0.025783590234212  0.024742107715038 0.959607
0.250000  0.041395698152761  0.039540552878798 0.955185
0.300000  0.060034856479254  0.057155095409693 0.952032
0.350000  0.080957353521531  0.076867980848988 0.949487
0.400000  0.103353939313936  0.097904328149008 0.947272
0.450000  0.126415669900266  0.119495367245127 0.945258
0.500000  0.149379403262958  0.140921661355603 0.943381
0.550000  0.171557512236712  0.161540867580360 0.941613
0.600000  0.192355515470098  0.180803695134039 0.939945
0.650000  0.211280609894948  0.198260926505805 0.938377
0.700000  0.227943494197110  0.213563351967473 0.936914
0.750000  0.242055382832307  0.226456517743643 0.935557
0.800000  0.253421707505383  0.236772130319692 0.934301
0.850000  0.261933673550549  0.244418130526203 0.93313
0.900000  0.267558570286890  0.249369408792593 0.932018
0.950000  0.270329516992232  0.251659191835958 0.930935
1.000000  0.270335151028771  0.251371179536128 0.92985
1.050000  0.267709624599691  0.248632154487599 0.928738
1.100000  0.262623165497653  0.243604819287764 0.927583
1.150000  0.255273369880676  0.236480737875985 0.926382
1.200000  0.245877327265623  0.227473392324946 0.92515
1.250000  0.234664625956914  0.216810823893951 0.923918
1.300000  0.221871248018386  0.204727834827443 0.922733
1.350000  0.207734334145820  0.191458520745185 0.921651
1.400000  0.192487778330313  0.177225621403405 0.920711
1.450000  0.176358598302848  0.162219887166659 0.91983
1.500000  0.159564019005692  0.146601843654547 0.918765
1.550000  0.142309201589287  0.130520224826421 0.917159
1.600000  0.124785548739687  0.114136324803242 0.91466
1.650000  0.107169517735642  0.097641979434115 0.911098
1.700000  0.089621874898555  0.081269653593039 0.906806
1.750000  0.072287328538747  0.065271592723960 0.902947
1.800000  0.055294481725684  0.049557731287529 0.896251
1.850000  0.038756050910171  0.034825771842184 0.898589
1.900000  0.022769301364269  0.022276897641162 0.978374
1.950000  0.007416655397371  0.013153137205578 1.77346
2.000000 -0.007174857090821  0.008188295332750 -1.14125
2.050000 -0.019728322924132  0.007530576495699 -0.381714
2.100000 -0.028514731176193  0.010887390175493 -0.381816
2.150000 -0.032694951995562  0.017690991597473 -0.541092
2.200000 -0.032104885630612  0.027225414816711 -0.848015
2.250000 -0.027037525692698  0.038717589218562 -1.43199
2.300000 -0.018076267561840  0.051401586733107 -2.8436
2.350000 -0.005969371182870  0.064562002790928 -10.8155
2.400000  0.008462744008673  0.077561276183139 9.16503
2.450000  0.024394210987331  0.089854994780999 3.68346
2.500000  0.041040031513552  0.100997767661974 2.46096
2.550000  0.057686558357177  0.110641665712048 1.91798
2.600000  0.073709841898763  0.118529115718428 1.60805
2.650000  0.088584823247413  0.124482506527354 1.40524
2.700000  0.101887763061603  0.128393915822088 1.26015
2.750000  0.113293806146426  0.130216447161754 1.14937
2.800000  0.122571179954584  0.129957458282150 1.06026
2.850000  0.129573196178512  0.127673152532206 0.985336
2.900000  0.134228956677142  0.123463369848319 0.919797
2.950000  0.136533447863896  0.117465573851211 0.860343
3.000000  0.136537532796526  0.109847999448100 0.804526
3.050000  0.134338210301656  0.100801702922985 0.750358
3.100000  0.130069399429772  0.090531318311224 0.696023
3.150000  0.123893420237590  0.079247766551563 0.639645
3.200000  0.115993274031071  0.067163248767947 0.579027
3.250000  0.106565774174654  0.054463468279708 0.511078
3.300000  0.095815539378345  0.041286376824103 0.430894
3.350000  0.083949832516738  0.027729930490500 0.330315
3.400000  0.071174207442400  0.013886832914960 0.19511
3.450000  0.057688912219343 -0.000115225375544 -0.00199736
3.500000  0.043685988312429 -0.014072080441205 -0.322119
3.550000  0.029347000371370 -0.027623764601515 -0.941281
3.600000  0.014841329402162 -0.040728080314646 -2.74423
3.650000  0.000324962560893 -0.053178889172070 -163.646
3.700000 -0.014060285080676 -0.064263394706050 4.57056
3.750000 -0.028187178154043 -0.072857439736890 2.58477
3.800000 -0.041943155270298 -0.077912647644350 1.85758
3.850000 -0.055230162661291 -0.078829146800062 1.42728
3.900000 -0.067964275083521 -0.075529977997860 1.11132
3.950000 -0.080075147011073 -0.068351908021053 0.853597
4.000000 -0.091446623655272 -0.057896505140201 0.633118
4.050000 -0.100811528219298 -0.044904651629976 0.445432
4.100000 -0.106449511036422 -0.030164272310706 0.283367
4.150000 -0.107529092072272 -0.014446144867061 0.134346
4.200000 -0.103892873169700  0.001538357987818 -0.0148072
4.250000 -0.095839663628939  0.017163043241242 -0.179081
4.300000 -0.083957849651056  0.031900246202152 -0.379955
4.350000 -0.068999916579559  0.045324569171934 -0.656879
4.400000 -0.051789801423257  0.057109058728511 -1.10271
4.450000 -0.033156236498767  0.067015601600882 -2.02121
4.500000 -0.013886486384754  0.074883097121241 -5.39252
4.550000  0.005304083303860  0.080616621669866 15.199
4.600000  0.023790303935295  0.084179259498614 3.53839
4.650000  0.041046350864674  0.085586931803278 2.08513
4.700000  0.056648128633415  0.084904958952993 1.49881
4.750000  0.070270794438860  0.082244067496255 1.17039
4.800000  0.081682917982392  0.077754557263540 0.951907
4.850000  0.090738446847173  0.071618245784973 0.789282
4.900000  0.097367378598336  0.064037132684544 0.657686
4.950000  0.101565823669605  0.055222196872599 0.543708
5.000000  0.103385968204633  0.045394217245143 0.439075
5.050000  0.102926306105864  0.034767961764659 0.337795
5.100000  0.100322398500681  0.023519257700934 0.234437
5.150000  0.095738331531337  0.011764860219589 0.122886
5.200000  0.089358975508535 -0.000420985826374 -0.00471118
5.250000  0.081383096438939 -0.012965082539963 -0.159309
5.300000  0.072017331742188 -0.025749284337655 -0.357543
5.350000  0.061471013115502 -0.038423388957575 -0.625065
5.400000  0.049951798913176 -0.050727944266003 -1.01554
5.450000  0.037662064373031 -0.062519276532214 -1.66001
5.500000  0.024795989134062 -0.073461178638852 -2.96262
5.550000  0.011537276594758 -0.082785250860260 -7.17546
5.600000 -0.001942562181373 -0.089456464556319 46.0508
5.650000 -0.015485426861403 -0.092566200860748 5.97763
5.700000 -0.028947413270202 -0.091620791267373 3.16508
5.750000 -0.042199227282042 -0.086603699279373 2.05226
5.800000 -0.055126284522338 -0.077885413084178 1.41285
5.850000 -0.067628548656197 -0.066088100281146 0.977222
5.900000 -0.079620156227279 -0.051963779001286 0.652646
5.950000 -0.091028871135205 -0.036302233337357 0.398799
6.000000 -0.101736698347533 -0.019867307130902 0.195282
6.050000 -0.110474673309342 -0.003355876130275 0.0303769
6.100000 -0.115520712750386  0.012626095810987 -0.109297
6.150000 -0.116041658418201  0.027574794552014 -0.237628
6.200000 -0.111878490160442  0.041090206532783 -0.367275
6.250000 -0.103328451990671  0.052869918966085 -0.511669
6.300000 -0.090978421704180  0.062697801142831 -0.68915
6.350000 -0.075579433014361  0.070431307776921 -0.931885
6.400000 -0.057954027725652  0.075990505169331 -1.31122
6.450000 -0.038929598811764  0.079350803331081 -2.03832
6.500000 -0.019292126619133  0.080539563967407 -4.17474
6.550000  0.000244253270647  0.079634281643980 326.032
6.600000  0.019055549109685  0.076759440491889 4.02819
6.650000  0.036617061153420  0.072080591952238 1.9685
6.700000  0.052505768122990  0.065793322987932 1.25307
6.750000  0.066397852017396  0.058105932964260 0.875118
6.800000  0.078062859367933  0.049235906820584 0.630721
6.850000  0.087355668071728  0.039408479338693 0.451127
6.900000  0.094207160984435  0.028834687041519 0.306077
6.950000  0.098614290324620  0.017676358687289 0.179247
7.000000  0.100630042047920  0.006032418448140 0.0599465
7.050000  0.100353669434746 -0.006039530801138 -0.0601825
7.100000  0.097921454093292 -0.018507782195910 -0.189006
7.150000  0.093498165277377 -0.031151773410976 -0.333181
7.200000  0.087269320552819 -0.043632768593612 -0.499978
7.250000  0.079434298817363 -0.055687480189490 -0.701051
7.300000  0.070200317485163 -0.067091841794546 -0.95572
7.350000  0.059777256790033 -0.077403706163097 -1.29487
7.400000  0.048373293571493 -0.085837580606318 -1.77448
7.450000  0.036191292872991 -0.091445839010859 -2.52674
7.500000  0.023425896794305 -0.093442427118472 -3.98885
7.550000  0.010261245145881 -0.091432487267697 -8.91047
7.600000 -0.003130739389746 -0.085461625414146 27.2976
7.650000 -0.016591568438717 -0.075936580684783 4.57682
7.700000 -0.029976972190017 -0.063500419852930 2.11831
7.750000 -0.043157312156130 -0.048915121169622 1.13341
7.800000 -0.056017679786112 -0.032970840390136 0.588579
7.850000 -0.068457733707620 -0.016423203280972 0.239903
7.900000 -0.080391323561126  0.000046160804388 -0.000574201
7.950000 -0.091745943514096  0.015851482936955 -0.172776
8.000000 -0.102403345050549  0.030511991480742 -0.297959
8.050000 -0.111094325498301  0.043651229052480 -0.39292
8.100000 -0.116096577993042  0.054988849385634 -0.473647
8.150000 -0.116576734406700  0.064328140974811 -0.551809
8.200000 -0.112375577662376  0.071542814820519 -0.63664
8.250000 -0.103790167069032  0.076566251962131 -0.737702
8.300000 -0.091407207241420  0.079385437908966 -0.868481
8.350000 -0.075977569574636  0.080039148049997 -1.05346
8.400000 -0.058323643788172  0.078617280110719 -1.34795
8.450000 -0.039272680407017  0.075258668524080 -1.91631
8.500000 -0.019610526398568  0.070144482228899 -3.57688
8.550000 -0.000051192497934  0.063479265383274 -1240.01
8.600000  0.018781446369811  0.055476079710193 2.95377
8.650000  0.036362799741056  0.046356003692537 1.27482
8.700000  0.052269948531871  0.036343631010946 0.695306
8.750000  0.066179170281219  0.025640523208358 0.387441
8.800000  0.077860100812705  0.014393871668341 0.184868
8.850000  0.087167701452801  0.002694788486038 0.030915
8.900000  0.094032932986647 -0.009448692543889 -0.100483
8.950000  0.098452820404958 -0.021959311136494 -0.223044
9.000000  0.100480417601154 -0.034578661365804 -0.344133
9.050000  0.100215041263408 -0.046969517655710 -0.468687
9.100000  0.097793032164317 -0.058848418061234 -0.601765
9.150000  0.093379214748614 -0.069911477275542 -0.748683
9.200000  0.087159158053494 -0.079641365493625 -0.913746
9.250000  0.079332288967382 -0.087257418094554 -1.0999
9.300000  0.070105869638969 -0.091896300247032 -1.31082
9.350000  0.059689821991469 -0.092882306968038 -1.55608
9.400000  0.048292361706868 -0.089912594267720 -1.86184
9.450000  0.036116390010245 -0.083093907727732 -2.30073
9.500000  0.023356582696836 -0.072869311266252 -3.11986
9.550000  0.010197110950233 -0.059901558131748 -5.87437
9.600000 -0.003190073342517 -0.044960319667381 14.0938
9.650000 -0.016646454627627 -0.028833586858099 1.73212
9.700000 -0.030027737803722 -0.012266532120162 0.408507
9.750000 -0.043204260856034  0.004076010443514 -0.0943428
9.800000 -0.056061093351040  0.019629303532072 -0.350141
9.850000 -0.068497873567621  0.033935533449750 -0.495425
9.900000 -0.080428432227525  0.046640869311138 -0.579905
9.950000 -0.091780245912482  0.057485729119462 -0.626341
10.000000 -0.102435049762985  0.066291523927106 -0.647157
10.050000 -0.111123625920667  0.072947234872661 -0.656451
10.100000 -0.116123653413055  0.077399259820405 -0.666524
10.150000 -0.116601751007820  0.079646617193768 -0.683065
10.200000 -0.112398689458478  0.079740195029625 -0.709441
10.250000 -0.103811516774431  0.077783209738378 -0.749273
10.300000 -0.091426927080541  0.073930910572514 -0.808634
10.350000 -0.075995782035353  0.068377702007708 -0.899757
10.400000 -0.058340462322596  0.061335062353394 -1.05133
10.450000 -0.039288210083251  0.053019560328430 -1.3495
10.500000 -0.019624864506749  0.043653493639828 -2.2244
10.550000 -0.000064429113638  0.033456106179658 -519.27
10.600000  0.018769227861879  0.022615627645893 1.20493
10.650000  0.036351522160406  0.011277814508405 0.310243
10.700000  0.052259540450066 -0.000505955700136 -0.00968159
10.750000  0.066169565601832 -0.012727847462161 -0.192352
10.800000  0.077851238381202 -0.025270153858308 -0.324595
10.850000  0.087159524694268 -0.037850462049081 -0.434267
10.900000  0.094025389569445 -0.050128700512919 -0.53314
10.950000  0.098445861928506 -0.061788346535892 -0.627638
11.000000  0.100473999306150 -0.072454665809556 -0.721129
11.050000  0.100209121762931 -0.081559592851562 -0.813894
11.100000  0.097787573194344 -0.088341540993732 -0.903403
11.150000  0.093374180936594 -0.092018517471116 -0.985481
11.200000  0.087154516703692 -0.092015989892010 -1.05578
11.250000  0.079328009861836 -0.088117072785831 -1.11079
11.300000  0.070101924852925 -0.080487485515631 -1.14815
11.350000  0.059686185722292 -0.069605486798027 -1.16619
11.400000  0.048289010115453 -0.056151723985780 -1.16283
11.450000  0.036113301074052 -0.040901072264172 -1.13258
11.500000  0.023353736073703 -0.024636735337808 -1.05494
11.550000  0.010194487852203 -0.008091265245168 -0.79369
11.600000 -0.003192490266072  0.008088824142215 -2.5337
11.650000 -0.016648681398258  0.023360548180769 -1.40315
11.700000 -0.030029789214152  0.037288868579535 -1.24173
11.750000 -0.043206150562984  0.049541793972151 -1.14664
11.800000 -0.056062833961167  0.059879513010680 -1.06808
11.850000 -0.068499476717068  0.068140635857860 -0.994761
11.900000 -0.080429908655552  0.074228904448103 -0.922902
11.950000 -0.091781605529603  0.078103948812136 -0.850976
12.000000 -0.102436301714016  0.079777404861052 -0.7788
12.050000 -0.111124778643062  0.079312695672034 -0.713726
12.100000 -0.116124714690864  0.076828565174378 -0.661604
12.150000 -0.116602728021600  0.072496330070884 -0.621738
12.200000 -0.112399588831452  0.066521474613341 -0.59183
12.250000 -0.103812344615176  0.059120793552524 -0.569497
12.300000 -0.091427689022448  0.050513254206894 -0.552494
12.350000 -0.075996483273118  0.040919469724679 -0.538439
12.400000 -0.058341107645941  0.030546679992109 -0.523588
12.450000 -0.039288803908099  0.019582768527007 -0.498431
12.500000 -0.019625410904033  0.008149792702198 -0.415267
12.550000 -0.000064931835918 -0.003723891662649 57.3508
12.600000  0.018768765355819 -0.016014001028780 -0.853226
12.650000  0.036351096682839 -0.028566812426050 -0.785858
12.700000  0.052259149063328 -0.041083055254938 -0.786141
12.750000  0.066169205598941 -0.053212522010111 -0.804189
12.800000  0.077850907267951 -0.064600010578458 -0.829791
12.850000  0.087159220172694 -0.074811727821293 -0.858334
12.900000  0.094025109522564 -0.083248257883062 -0.885383
12.950000  0.098445604406220 -0.089177098525092 -0.905852
13.000000  0.100473762512236 -0.091895139140230 -0.914618
13.050000  0.100208904043033 -0.090921863887522 -0.907323
13.100000  0.097787373024892 -0.086120965416007 -0.880696
13.150000  0.093373996914571 -0.077714412332386 -0.832292
13.200000  0.087154347537201 -0.066213875245662 -0.759731
13.250000  0.079327854361389 -0.052315829219637 -0.659489
13.300000  0.070101781923411 -0.036797869701293 -0.524921
13.350000  0.059686054355564 -0.020436011467792 -0.342392
13.400000  0.048288889383494 -0.003948247302044 -0.0817631
13.450000  0.036113190122668  0.012038502488797 0.333355
13.500000  0.023353634116710  0.027003423381045 1.15628
13.550000  0.010194394166067  0.040533911429992 3.9761
13.600000 -0.003192576347182  0.052319068722599 -16.3877
13.650000 -0.016648760487026  0.062137997742103 -3.73229
13.700000 -0.030029861874317  0.069845804151109 -2.32588
13.750000 -0.043206217313213  0.075360860313931 -1.74421
13.800000 -0.056062895278625  0.078656475732044 -1.403
13.850000 -0.068499533040709  0.079756910894849 -1.16434
13.900000 -0.080429960389149  0.078739685502972 -0.978985
13.950000 -0.091781653044544  0.075740102681076 -0.825221
14.000000 -0.102436345351879  0.070944317844848 -0.69257
14.050000 -0.111124818717983  0.064566786622101 -0.581029
14.100000 -0.116124751491726  0.056828439117178 -0.489374
14.150000 -0.116602761814044  0.047949643036124 -0.411222
14.200000 -0.112399619859731  0.038141607049534 -0.339339
14.250000 -0.103812373103860  0.027608943517526 -0.26595
14.300000 -0.091427715178001  0.016528844351254 -0.180786
14.350000 -0.075996507285343  0.004998164285702 -0.0657683
14.400000 -0.058341129689314 -0.006963446732041 0.119357
14.450000 -0.039288824142997 -0.019307124587691 0.491415
14.500000 -0.019625429477862 -0.031848270033606 1.62281
14.550000 -0.000064948884158 -0.044272559305499 681.652
14.600000  0.018768749708663 -0.056213283201538 -2.99505
14.650000  0.036351082322349 -0.067275957706639 -1.85073
14.700000  0.052259135884366 -0.076979981158757 -1.47304
14.750000  0.066169193504900 -0.084710108155552 -1.2802
14.800000  0.077850896170069 -0.089770281697776 -1.15311
14.850000  0.087159209989423 -0.091534184122447 -1.0502
14.900000  0.094025100178985 -0.089609463354248 -0.953038
14.950000  0.098445595833510 -0.083935467785422 -0.852608
15.000000  0.100473754647177 -0.074787350237027 -0.744347
15.050000  0.100208896827557 -0.062707972635816 -0.625773
15.100000  0.097787366405663 -0.048407362437656 -0.495027
15.150000  0.093373990842607 -0.032663442199075 -0.349813
15.200000  0.087154341967516 -0.016242854675741 -0.186369
15.250000  0.079327849252673  0.000152671361096 0.00192456
15.300000  0.070101777237730  0.015916786706283 0.227053
15.350000  0.059686050058084  0.030551011231445 0.511862
15.400000  0.048288885442235  0.043664753043896 0.90424
15.450000  0.036113186508265  0.054967513221359 1.52209
15.500000  0.023353630802207  0.064256555710757 2.75146
15.550000  0.010194391126716  0.071403047969567 7.00415
15.600000 -0.003192579134099  0.076340289102260 -23.9118
15.650000 -0.016648763042361  0.079055151999416 -4.74841
15.700000 -0.030029864217212  0.079585224719927 -2.6502
15.750000 -0.043206219461235  0.078023540162496 -1.80584
15.800000 -0.056062897247898  0.074522055519446 -1.32926
15.850000 -0.068499534846029  0.069279985270348 -1.01139
15.900000 -0.080429962044097  0.062518911183293 -0.777309
15.950000 -0.091781654561580  0.054464014193162 -0.593409
16.000000 -0.102436346742437  0.045330118185642 -0.44252
16.050000 -0.111124819992553  0.035323249932749 -0.31787
16.100000 -0.116124752659935  0.024643619875917 -0.212217
16.150000 -0.116602762884723  0.013451425920044 -0.115361
16.200000 -0.112399620840983  0.001822868674643 -0.0162177
16.250000 -0.103812374003117 -0.010219729339233 0.0984442
16.300000 -0.091427716002082 -0.022599925275515 0.247189
16.350000 -0.075996508040501 -0.035105997031295 0.461942
16.400000 -0.058341130381286 -0.047407756906160 0.812596
16.450000 -0.039288824777045 -0.059117691640989 1.50469
16.500000 -0.019625430058811 -0.069804572695479 3.55684
16.550000 -0.000064949416435 -0.078952705496131 1215.6
16.600000  0.018768749221001 -0.085943598730029 -4.57908
16.650000  0.036351081875579 -0.090123209626252 -2.47924
16.700000  0.052259135475074 -0.090940156703337 -1.74018
16.750000  0.066169193129958 -0.088085237729882 -1.33121
16.800000  0.077850895826605 -0.081568842690905 -1.04776
16.850000  0.087159209674807 -0.071716030086113 -0.822816
16.900000  0.094025099890806 -0.059098308255728 -0.628538
16.950000  0.098445595569556 -0.044436867562191 -0.451385
17.000000  0.100473754405420 -0.028507677193246 -0.283733
17.050000  0.100208896606139 -0.012066017660044 -0.120409
17.100000  0.097787366202880  0.004204096697520 0.0429922
17.150000  0.093373990656898  0.019717584932636 0.211168
17.200000  0.087154341797449  0.033998289821198 0.390093
17.250000  0.079327849096936  0.046677187469292 0.588409
17.300000  0.070101777095121  0.057483516380449 0.820001
17.350000  0.059686049927501  0.066232068522542 1.10967
17.400000  0.048288885322668  0.072810150675228 1.5078
17.450000  0.036113186398789  0.077165949867858 2.13678
17.500000  0.023353630701973  0.079299995475744 3.39562
17.550000  0.010194391034948  0.079264221731268 7.77528
17.600000 -0.003192579218114  0.077168144807882 -24.1711
17.650000 -0.016648763119276  0.073179654201756 -4.3955
17.700000 -0.030029864287623  0.067508843590746 -2.24806
17.750000 -0.043206219525691  0.060384676298704 -1.39759
17.800000 -0.056062897306899  0.052031472228538 -0.928091
17.850000 -0.068499534900037  0.042658280382672 -0.622753
17.900000 -0.080429962093531  0.032467517887632 -0.403674
17.950000 -0.091781654606827  0.021650982176436 -0.235897
18.000000 -0.102436346783850  0.010349662262662 -0.101035
18.050000 -0.111124820030456 -0.001373996408836 0.0123644
18.100000 -0.116124752694624 -0.013487020715098 0.116143
18.150000 -0.116602762916470 -0.025884783151088 0.221991
18.200000 -0.112399620870035 -0.038330618774658 0.341021
18.250000 -0.103812374029703 -0.050476816611429 0.486231
18.300000 -0.091427716026411 -0.061912889631645 0.677179
18.350000 -0.075996508062763 -0.072175260025446 0.949718
18.400000 -0.058341130401656 -0.080723947199899 1.38365
18.450000 -0.039288824795684 -0.086947530485640 2.21303
18.500000 -0.019625430075865 -0.090238258585020 4.59803
18.550000 -0.000064949432038 -0.090117942727763 1387.51
18.600000  0.018768749206725 -0.086356057669432 -4.60106
18.650000  0.036351081862518 -0.079029642857173 -2.17407
18.700000  0.052259135463125 -0.068510231562628 -1.31097
18.750000  0.066169193119026 -0.055395221173060 -0.837175
18.800000  0.077850895816605 -0.040414538020290 -0.519127
18.850000  0.087159209665660 -0.024340025887524 -0.279259
18.900000  0.094025099882438 -0.007913807775720 -0.084167
18.950000  0.098445595561902  0.008199004805408 0.0832846
19.000000  0.100473754398419  0.023435059232184 0.233246
19.050000  0.100208896599735  0.037340410126183 0.372626
19.100000  0.097787366197023  0.049567146856085 0.506887
19.150000  0.093373990651541  0.059863561256065 0.641116
19.200000  0.087154341792550  0.068061785264943 0.780934
19.250000  0.079327849092455  0.074065307272780 0.933661
19.300000  0.070101777091022  0.077837089838574 1.11034
19.350000  0.059686049923753  0.079391706305963 1.33016
19.400000  0.048288885319240  0.078796502808832 1.63177
19.450000  0.036113186395655  0.076177869223038 2.10942
19.500000  0.023353630699107  0.071717842041543 3.07095
19.550000  0.010194391032326  0.065637285508570 6.43857
19.600000 -0.003192579220510  0.058169359216203 -18.2202
19.650000 -0.016648763121467  0.049534791686796 -2.97528
19.700000 -0.030029864289626  0.039937883777933 -1.32994
19.750000 -0.043206219527523  0.029576726599561 -0.684548
19.800000 -0.056062897308575  0.018631133533015 -0.332326
19.850000 -0.068499534901568  0.007223914911977 -0.105459
19.900000 -0.080429962094931 -0.004589182775563 0.0570581
19.950000 -0.091781654608106 -0.016759276588892 0.182599
