0.000000  0.000058708691043  0.000112702824261 1.9197
0.050000  0.001397978033584  0.001461844502606 1.04568
0.100000  0.005704107297886  0.005613177659675 0.984059
0.150000  0.013784910217552  0.013331511540272 0.967109
0.200000  0.025783590234212  0.024742094307597 0.959606
0.250000  0.041395698152761  0.039540535537090 0.955185
0.300000  0.060034856479254  0.057155075680405 0.952032
0.350000  0.080957353521531  0.076867960520304 0.949487
0.400000  0.103353939313936  0.097904308647652 0.947272
0.450000  0.126415669900266  0.119495349036783 0.945257
0.500000  0.149379403262958  0.140921643401805 0.943381
0.550000  0.171557512236712  0.161540851811124 0.941613
0.600000  0.192355515470098  0.180803683453842 0.939945
0.650000  0.211280609894948  0.198260920812057 0.938377
0.700000  0.227943494197110  0.213563352830888 0.936914
0.750000  0.242055382832307  0.226456524145544 0.935557
0.800000  0.253421707505383  0.236772140454587 0.934301
0.850000  0.261933673550549  0.244418142716235 0.93313
0.900000  0.267558570286890  0.249369419763201 0.932018
0.950000  0.270329516992232  0.251659200898242 0.930935
1.000000  0.270335151028771  0.251371186919177 0.92985
1.050000  0.267709624599691  0.248632161311125 0.928738
1.100000  0.262623165497653  0.243604826327955 0.927583
1.150000  0.255273369880676  0.236480745491164 0.926382
1.200000  0.245877327265623  0.227473400411809 0.92515
1.250000  0.234664625956914  0.216810831859511 0.923918
1.300000  0.221871248018386  0.204727841589506 0.922733
1.350000  0.207734334145820  0.191458527661526 0.921651
1.400000  0.192487778330313  0.177225624816431 0.920711
1.450000  0.176358598302848  0.162219886679761 0.91983
1.500000  0.159564019005692  0.146601840883728 0.918765
1.550000  0.142309201589287  0.130520222434062 0.917159
1.600000  0.124785548739687  0.114136324508575 0.91466
1.650000  0.107169517735642  0.097641982682321 0.911098
1.700000  0.089621874898555  0.081269660581329 0.906806
1.750000  0.072287328538747  0.065271606530482 0.902947
1.800000  0.055294481725684  0.049557755791205 0.896251
1.850000  0.038756050910171  0.034825816647880 0.89859
1.900000  0.022769301364269  0.022276954891270 0.978377
1.950000  0.007416655397371  0.013153196774747 1.77347
2.000000 -0.007174857090821  0.008188345799127 -1.14126
2.050000 -0.019728322924132  0.007530611899216 -0.381716
2.100000 -0.028514731176193  0.010887408611796 -0.381817
2.150000 -0.032694951995562  0.017690994250118 -0.541093
2.200000 -0.032104885630612  0.027225404701198 -0.848014
2.250000 -0.027037525692698  0.038717569736375 -1.43199
2.300000 -0.018076267561840  0.051401558025583 -2.84359
2.350000 -0.005969371182870  0.064561966805217 -10.8155
2.400000  0.008462744008673  0.077561236726395 9.16502
2.450000  0.024394210987331  0.089854956818266 3.68345
2.500000  0.041040031513552  0.100997735355451 2.46096
2.550000  0.057686558357177  0.110641640607251 1.91798
2.600000  0.073709841898763  0.118529096726092 1.60805
2.650000  0.088584823247413  0.124482492321069 1.40523
2.700000  0.101887763061603  0.128393902140982 1.26015
2.750000  0.113293806146426  0.130216430811221 1.14937
2.800000  0.122571179954584  0.129957438389225 1.06026
2.850000  0.129573196178512  0.127673130712897 0.985336
2.900000  0.134228956677142  0.123463348438972 0.919797
2.950000  0.136533447863896  0.117465554680201 0.860343
3.000000  0.136537532796526  0.109847983438843 0.804526
3.050000  0.134338210301656  0.100801689965941 0.750358
3.100000  0.130069399429772  0.090531306056901 0.696023
3.150000  0.123893420237590  0.079247756928032 0.639645
3.200000  0.115993274031071  0.067163238722329 0.579027
3.250000  0.106565774174654  0.054463453773481 0.511078
3.300000  0.095815539378345  0.041286357171953 0.430894
3.350000  0.083949832516738  0.027729909514591 0.330315
3.400000  0.071174207442400  0.013886815663254 0.19511
3.450000  0.057688912219343 -0.000115233863253 -0.0019975
3.500000  0.043685988312429 -0.014072078560056 -0.322119
3.550000  0.029347000371370 -0.027623750086755 -0.94128
3.600000  0.014841329402162 -0.040728051908030 -2.74423
3.650000  0.000324962560893 -0.053178830847675 -163.646
3.700000 -0.014060285080676 -0.064263302481182 4.57055
3.750000 -0.028187178154043 -0.072857323314785 2.58477
3.800000 -0.041943155270298 -0.077912526703514 1.85757
3.850000 -0.055230162661291 -0.078829039472361 1.42728
3.900000 -0.067964275083521 -0.075529895763584 1.11132
3.950000 -0.080075147011073 -0.068351855414621 0.853596
4.000000 -0.091446623655272 -0.057896481189928 0.633118
4.050000 -0.100811528219298 -0.044904651103164 0.445432
4.100000 -0.106449511036422 -0.030164291828907 0.283367
4.150000 -0.107529092072272 -0.014446181874286 0.134347
4.200000 -0.103892873169700  0.001538307442917 -0.0148067
4.250000 -0.095839663628939  0.017162985405874 -0.17908
4.300000 -0.083957849651056  0.031900188356037 -0.379955
4.350000 -0.068999916579559  0.045324516859523 -0.656878
4.400000 -0.051789801423257  0.057109013521028 -1.10271
4.450000 -0.033156236498767  0.067015563669597 -2.02121
4.500000 -0.013886486384754  0.074883063340275 -5.39251
4.550000  0.005304083303860  0.080616587222098 15.199
4.600000  0.023790303935295  0.084179220805034 3.53838
4.650000  0.041046350864674  0.085586888759814 2.08513
4.700000  0.056648128633415  0.084904914241639 1.49881
4.750000  0.070270794438860  0.082244024498457 1.17039
4.800000  0.081682917982392  0.077754518596784 0.951907
4.850000  0.090738446847173  0.071618213026186 0.789282
4.900000  0.097367378598336  0.064037103157827 0.657685
4.950000  0.101565823669605  0.055222171390993 0.543708
5.000000  0.103385968204633  0.045394195260292 0.439075
5.050000  0.102926306105864  0.034767938539384 0.337794
5.100000  0.100322398500681  0.023519228223469 0.234436
5.150000  0.095738331531337  0.011764824875279 0.122885
5.200000  0.089358975508535 -0.000421021417589 -0.00471157
5.250000  0.081383096438939 -0.012965109185585 -0.15931
5.300000  0.072017331742188 -0.025749295283565 -0.357543
5.350000  0.061471013115502 -0.038423379335405 -0.625065
5.400000  0.049951798913176 -0.050727916721550 -1.01554
5.450000  0.037662064373031 -0.062519219913076 -1.66001
5.500000  0.024795989134062 -0.073461078563278 -2.96262
5.550000  0.011537276594758 -0.082785104668605 -7.17545
5.600000 -0.001942562181373 -0.089456288183600 46.0507
5.650000 -0.015485426861403 -0.092566020252774 5.97762
5.700000 -0.028947413270202 -0.091620630606491 3.16507
5.750000 -0.042199227282042 -0.086603574578152 2.05225
5.800000 -0.055126284522338 -0.077885331275118 1.41285
5.850000 -0.067628548656197 -0.066088059046948 0.977221
5.900000 -0.079620156227279 -0.051963772645496 0.652646
5.950000 -0.091028871135205 -0.036302256722226 0.398799
6.000000 -0.101736698347533 -0.019867355451031 0.195282
6.050000 -0.110474673309342 -0.003355943019802 0.0303775
6.100000 -0.115520712750386  0.012626018980632 -0.109297
6.150000 -0.116041658418201  0.027574716890078 -0.237628
6.200000 -0.111878490160442  0.041090133638986 -0.367275
6.250000 -0.103328451990671  0.052869853756571 -0.511668
6.300000 -0.090978421704180  0.062697743230535 -0.68915
6.350000 -0.075579433014361  0.070431253246798 -0.931884
6.400000 -0.057954027725652  0.075990448615051 -1.31122
6.450000 -0.038929598811764  0.079350741526514 -2.03831
6.500000 -0.019292126619133  0.080539497727077 -4.17473
6.550000  0.000244253270647  0.079634214640221 326.031
6.600000  0.019055549109685  0.076759376877371 4.02819
6.650000  0.036617061153420  0.072080535772282 1.9685
6.700000  0.052505768122990  0.065793273136684 1.25307
6.750000  0.066397852017396  0.058105888512557 0.875117
6.800000  0.078062859367933  0.049235868407224 0.630721
6.850000  0.087355668071728  0.039408444689052 0.451126
6.900000  0.094207160984435  0.028834649689384 0.306077
6.950000  0.098614290324620  0.017676313712819 0.179247
7.000000  0.100630042047920  0.006032367045393 0.059946
7.050000  0.100353669434746 -0.006039579451857 -0.0601829
7.100000  0.097921454093292 -0.018507816323556 -0.189007
7.150000  0.093498165277377 -0.031151780877491 -0.333181
7.200000  0.087269320552819 -0.043632749163594 -0.499978
7.250000  0.079434298817363 -0.055687431130193 -0.70105
7.300000  0.070200317485163 -0.067091750101578 -0.955719
7.350000  0.059777256790033 -0.077403558161562 -1.29487
7.400000  0.048373293571493 -0.085837378249637 -1.77448
7.450000  0.036191292872991 -0.091445603811981 -2.52673
7.500000  0.023425896794305 -0.093442190535514 -3.98884
7.550000  0.010261245145881 -0.091432278438347 -8.91045
7.600000 -0.003130739389746 -0.085461464497279 27.2975
7.650000 -0.016591568438717 -0.075936475124281 4.57681
7.700000 -0.029976972190017 -0.063500366943110 2.1183
7.750000 -0.043157312156130 -0.048915114025269 1.13341
7.800000 -0.056017679786112 -0.032970871845885 0.58858
7.850000 -0.068457733707620 -0.016423266058781 0.239904
7.900000 -0.080391323561126  0.000046075617360 -0.000573142
7.950000 -0.091745943514096  0.015851386363514 -0.172775
8.000000 -0.102403345050549  0.030511893034043 -0.297958
8.050000 -0.111094325498301  0.043651135265895 -0.39292
8.100000 -0.116096577993042  0.054988763459316 -0.473647
8.150000 -0.116576734406700  0.064328062058029 -0.551809
8.200000 -0.112375577662376  0.071542738257901 -0.63664
8.250000 -0.103790167069032  0.076566172266868 -0.737702
8.300000 -0.091407207241420  0.079385352575562 -0.86848
8.350000 -0.075977569574636  0.080039058905653 -1.05346
8.400000 -0.058323643788172  0.078617191441749 -1.34795
8.450000 -0.039272680407017  0.075258586449427 -1.91631
8.500000 -0.019610526398568  0.070144408949903 -3.57688
8.550000 -0.000051192497934  0.063479199663483 -1240.01
8.600000  0.018781446369811  0.055476021323469 2.95377
8.650000  0.036362799741056  0.046355952650122 1.27482
8.700000  0.052269948531871  0.036343583163471 0.695306
8.750000  0.066179170281219  0.025640471306120 0.38744
8.800000  0.077860100812705  0.014393810710380 0.184868
8.850000  0.087167701452801  0.002694722106414 0.0309142
8.900000  0.094032932986647 -0.009448752975079 -0.100483
8.950000  0.098452820404958 -0.021959347165006 -0.223044
9.000000  0.100480417601154 -0.034578662579624 -0.344133
9.050000  0.100215041263408 -0.046969482273005 -0.468687
9.100000  0.097793032164317 -0.058848340535309 -0.601764
9.150000  0.093379214748614 -0.069911343525376 -0.748682
9.200000  0.087159158053494 -0.079641164945750 -0.913744
9.250000  0.079332288967382 -0.087257158086995 -1.09989
9.300000  0.070105869638969 -0.091896007728568 -1.31082
9.350000  0.059689821991469 -0.092882018082761 -1.55608
9.400000  0.048292361706868 -0.089912342838872 -1.86183
9.450000  0.036116390010245 -0.083093716211194 -2.30072
9.500000  0.023356582696836 -0.072869187486248 -3.11986
9.550000  0.010197110950233 -0.059901498726004 -5.87436
9.600000 -0.003190073342517 -0.044960316219963 14.0938
9.650000 -0.016646454627627 -0.028833629955224 1.73212
9.700000 -0.030027737803722 -0.012266611917759 0.408509
9.750000 -0.043204260856034  0.004075905774188 -0.0943404
9.800000 -0.056061093351040  0.019629186240594 -0.350139
9.850000 -0.068497873567621  0.033935413735773 -0.495423
9.900000 -0.080428432227525  0.046640754222436 -0.579904
9.950000 -0.091780245912482  0.057485621876064 -0.62634
10.000000 -0.102435049762985  0.066291423087372 -0.647156
10.050000 -0.111123625920667  0.072947135325191 -0.65645
10.100000 -0.116123653413055  0.077399156418688 -0.666524
10.150000 -0.116601751007820  0.079646508451341 -0.683064
10.200000 -0.112398689458478  0.079740083263709 -0.70944
10.250000 -0.103811516774431  0.077783101308769 -0.749272
10.300000 -0.091426927080541  0.073930811188632 -0.808633
10.350000 -0.075995782035353  0.068377612678629 -0.899755
10.400000 -0.058340462322596  0.061334981930010 -1.05133
10.450000 -0.039288210083251  0.053019488840276 -1.3495
10.500000 -0.019624864506749  0.043653429902900 -2.22439
10.550000 -0.000064429113638  0.033456044829616 -519.269
10.600000  0.018769227861879  0.022615560595673 1.20493
10.650000  0.036351522160406  0.011277738136248 0.310241
10.700000  0.052259540450066 -0.000506036620430 -0.00968314
10.750000  0.066169565601832 -0.012727915252393 -0.192353
10.800000  0.077851238381202 -0.025270188179151 -0.324596
10.850000  0.087159524694268 -0.037850452256118 -0.434266
10.900000  0.094025389569445 -0.050128643085103 -0.533139
10.950000  0.098445861928506 -0.061788233617395 -0.627637
11.000000  0.100473999306150 -0.072454484108962 -0.721127
11.050000  0.100209121762931 -0.081559336289263 -0.813891
11.100000  0.097787573194344 -0.088341222777044 -0.903399
11.150000  0.093374180936594 -0.092018169533035 -0.985478
11.200000  0.087154516703692 -0.092015653050269 -1.05578
11.250000  0.079328009861836 -0.088116784214738 -1.11079
11.300000  0.070101924852925 -0.080487269071428 -1.14815
11.350000  0.059686185722292 -0.069605350264295 -1.16619
11.400000  0.048289010115453 -0.056151662999473 -1.16282
11.450000  0.036113301074052 -0.040901076603442 -1.13258
11.500000  0.023353736073703 -0.024636793315010 -1.05494
11.550000  0.010194487852203 -0.008091363950581 -0.7937
11.600000 -0.003192490266072  0.008088698740817 -2.53366
11.650000 -0.016648681398258  0.023360409361895 -1.40314
11.700000 -0.030029789214152  0.037288727071267 -1.24172
11.750000 -0.043206150562984  0.049541657113894 -1.14663
11.800000 -0.056062833961167  0.059879383781367 -1.06808
11.850000 -0.068499476717068  0.068140512244974 -0.99476
11.900000 -0.080429908655552  0.074228781198982 -0.9229
11.950000 -0.091781605529603  0.078103821614118 -0.850975
12.000000 -0.102436301714016  0.079777272660110 -0.778799
12.050000 -0.111124778643062  0.079312562569550 -0.713725
12.100000 -0.116124714690864  0.076828438470528 -0.661603
12.150000 -0.116602728021600  0.072496214517478 -0.621737
12.200000 -0.112399588831452  0.066521370318860 -0.591829
12.250000 -0.103812344615176  0.059120699496039 -0.569496
12.300000 -0.091427689022448  0.050513170016629 -0.552493
12.350000 -0.075996483273118  0.040919393224111 -0.538438
12.400000 -0.058341107645941  0.030546604525239 -0.523586
12.450000 -0.039288803908099  0.019582686532913 -0.498429
12.500000 -0.019625410904033  0.008149700689908 -0.415263
12.550000 -0.000064931835918 -0.003723984350556 57.3522
12.600000  0.018768765355819 -0.016014072373271 -0.85323
12.650000  0.036351096682839 -0.028566840735075 -0.785859
12.700000  0.052259149063328 -0.041083029256856 -0.78614
12.750000  0.066169205598941 -0.053212436194353 -0.804187
12.800000  0.077850907267951 -0.064599855890309 -0.829789
12.850000  0.087159220172694 -0.074811493309494 -0.858331
12.900000  0.094025109522564 -0.083247942982598 -0.88538
12.950000  0.098445604406220 -0.089176722229091 -0.905848
13.000000  0.100473762512236 -0.091894738490201 -0.914614
13.050000  0.100208904043033 -0.090921483722538 -0.907319
13.100000  0.097787373024892 -0.086120645232647 -0.880693
13.150000  0.093373996914571 -0.077714176636425 -0.832289
13.200000  0.087154347537201 -0.066213731297004 -0.75973
13.250000  0.079327854361389 -0.052315771272112 -0.659488
13.300000  0.070101781923411 -0.036797885702869 -0.524921
13.350000  0.059686054355564 -0.020436086990487 -0.342393
13.400000  0.048288889383494 -0.003948366615065 -0.0817655
13.450000  0.036113190122668  0.012038355226932 0.333351
13.500000  0.023353634116710  0.027003262260993 1.15628
13.550000  0.010194394166067  0.040533747583088 3.97608
13.600000 -0.003192576347182  0.052318909552878 -16.3877
13.650000 -0.016648760487026  0.062137845822688 -3.73228
13.700000 -0.030029861874317  0.069845656984534 -2.32587
13.750000 -0.043206217313213  0.075360713097400 -1.74421
13.800000 -0.056062895278625  0.078656324510236 -1.403
13.850000 -0.068499533040709  0.079756755880646 -1.16434
13.900000 -0.080429960389149  0.078739532470185 -0.978983
13.950000 -0.091781653044544  0.075739959059736 -0.825219
14.000000 -0.102436345351879  0.070944187216069 -0.692569
14.050000 -0.111124818717983  0.064566668458521 -0.581028
14.100000 -0.116124751491726  0.056828332159122 -0.489373
14.150000 -0.116602761814044  0.047949546422248 -0.411221
14.200000 -0.112399619859731  0.038141517323180 -0.339338
14.250000 -0.103812373103860  0.027608853964759 -0.26595
14.300000 -0.091427715178001  0.016528746920867 -0.180785
14.350000 -0.075996507285343  0.004998057845014 -0.0657669
14.400000 -0.058341129689314 -0.006963548050141 0.119359
14.450000 -0.039288824142997 -0.019307195381495 0.491417
14.500000 -0.019625429477862 -0.031848287651051 1.62281
14.550000 -0.000064948884158 -0.044272511479694 681.652
14.600000  0.018768749708663 -0.056213162716282 -2.99504
14.650000  0.036351082322349 -0.067275755525012 -1.85072
14.700000  0.052259135884366 -0.076979690045514 -1.47304
14.750000  0.066169193504900 -0.084709733440282 -1.2802
14.800000  0.077850896170069 -0.089769848328419 -1.1531
14.850000  0.087159209989423 -0.091533734072997 -1.05019
14.900000  0.094025100178985 -0.089609044757604 -0.953033
14.950000  0.098445595833510 -0.083935121590405 -0.852604
15.000000  0.100473754647177 -0.074787100919953 -0.744345
15.050000  0.100208896827557 -0.062707826376529 -0.625771
15.100000  0.097787366405663 -0.048407311980872 -0.495026
15.150000  0.093373990842607 -0.032663473296841 -0.349813
15.200000  0.087154341967516 -0.016242950062280 -0.18637
15.250000  0.079327849252673  0.000152529932591 0.00192278
15.300000  0.070101777237730  0.015916616540021 0.22705
15.350000  0.059686050058084  0.030550827070411 0.511859
15.400000  0.048288885442235  0.043664566287422 0.904236
15.450000  0.036113186508265  0.054967331149846 1.52208
15.500000  0.023353630802207  0.064256380343765 2.75145
15.550000  0.010194391126716  0.071402876844814 7.00413
15.600000 -0.003192579134099  0.076340117625112 -23.9117
15.650000 -0.016648763042361  0.079054976923591 -4.7484
15.700000 -0.030029864217212  0.079585047917774 -2.6502
15.750000 -0.043206219461235  0.078023368633065 -1.80584
15.800000 -0.056062897247898  0.074521896223029 -1.32926
15.850000 -0.068499534846029  0.069279840671505 -1.01139
15.900000 -0.080429962044097  0.062518780039217 -0.777307
15.950000 -0.091781654561580  0.054463894938015 -0.593407
16.000000 -0.102436346742437  0.045330008972771 -0.442519
16.050000 -0.111124819992553  0.035323146976848 -0.317869
16.100000 -0.116124752659935  0.024643515800493 -0.212216
16.150000 -0.116602762884723  0.013451313207379 -0.11536
16.200000 -0.112399620840983  0.001822749748946 -0.0162167
16.250000 -0.103812374003117 -0.010219835728878 0.0984453
16.300000 -0.091427716002082 -0.022599991141150 0.24719
16.350000 -0.075996508040501 -0.035105998887674 0.461942
16.400000 -0.058341130381286 -0.047407681392958 0.812594
16.450000 -0.039288824777045 -0.059117530428673 1.50469
16.500000 -0.019625430058811 -0.069804318102465 3.55683
16.550000 -0.000064949416435 -0.078952354867253 1215.6
16.600000  0.018768749221001 -0.085943163622538 -4.57906
16.650000  0.036351081875579 -0.090122720991416 -2.47923
16.700000  0.052259135475074 -0.090939661078750 -1.74017
16.750000  0.066169193129958 -0.088084785815338 -1.33121
16.800000  0.077850895826605 -0.081568476131660 -1.04775
16.850000  0.087159209674807 -0.071715772605981 -0.822813
16.900000  0.094025099890806 -0.059098164635098 -0.628536
16.950000  0.098445595569556 -0.044436828735031 -0.451385
17.000000  0.100473754405420 -0.028507726444509 -0.283733
17.050000  0.100208896606139 -0.012066134949942 -0.12041
17.100000  0.097787366202880  0.004203931788883 0.0429905
17.150000  0.093373990656898  0.019717390892179 0.211166
17.200000  0.087154341797449  0.033998081910357 0.390091
17.250000  0.079327849096936  0.046676977235975 0.588406
17.300000  0.070101777095121  0.057483310709091 0.819998
17.350000  0.059686049927501  0.066231869198705 1.10967
17.400000  0.048288885322668  0.072809955261716 1.5078
17.450000  0.036113186398789  0.077165754027443 2.13678
17.500000  0.023353630701973  0.079299797102264 3.39561
17.550000  0.010194391034948  0.079264024397654 7.77526
17.600000 -0.003192579218114  0.077167956168801 -24.171
17.650000 -0.016648763119276  0.073179480449623 -4.39549
17.700000 -0.030029864287623  0.067508685998086 -2.24805
17.750000 -0.043206219525691  0.060384532993356 -1.39759
17.800000 -0.056062897306899  0.052031340822818 -0.928089
17.850000 -0.068499534900037  0.042658158615699 -0.622751
17.900000 -0.080429962093531  0.032467401464742 -0.403673
17.950000 -0.091781654606827  0.021650863282553 -0.235895
18.000000 -0.102436346783850  0.010349535052134 -0.101034
18.050000 -0.111124820030456 -0.001374125254437 0.0123656
18.100000 -0.116124752694624 -0.013487128263752 0.116143
18.150000 -0.116602762916470 -0.025884839400894 0.221992
18.200000 -0.112399620870035 -0.038330599487843 0.341021
18.250000 -0.103812374029703 -0.050476707458721 0.48623
18.300000 -0.091427716026411 -0.061912682087457 0.677176
18.350000 -0.075996508062763 -0.072174948866128 0.949714
18.400000 -0.058341130401656 -0.080723535004980 1.38365
18.450000 -0.039288824795684 -0.086947035276609 2.21302
18.500000 -0.019625430075865 -0.090237717200857 4.598
18.550000 -0.000064949432038 -0.090117405780454 1387.5
18.600000  0.018768749206725 -0.086355577751104 -4.60103
18.650000  0.036351081862518 -0.079029261520514 -2.17406
18.700000  0.052259135463125 -0.068509971244616 -1.31097
18.750000  0.066169193119026 -0.055395084919079 -0.837173
18.800000  0.077850895816605 -0.040414514628974 -0.519127
18.850000  0.087159209665660 -0.024340096013363 -0.27926
18.900000  0.094025099882438 -0.007913948782482 -0.0841685
18.950000  0.098445595561902  0.008198815174600 0.0832827
19.000000  0.100473754398419  0.023434840414892 0.233243
19.050000  0.100208896599735  0.037340177819190 0.372623
19.100000  0.097787366197023  0.049566912482476 0.506885
19.150000  0.093373990651541  0.059863331402963 0.641114
19.200000  0.087154341792550  0.068061561601979 0.780931
19.250000  0.079327849092455  0.074065087347695 0.933658
19.300000  0.070101777091022  0.077836869813171 1.11034
19.350000  0.059686049923753  0.079391485527107 1.33015
19.400000  0.048288885319240  0.078796286304236 1.63177
19.450000  0.036113186395655  0.076177664851763 2.10941
19.500000  0.023353630699107  0.071717654939987 3.07094
19.550000  0.010194391032326  0.065637115878666 6.43855
19.600000 -0.003192579220510  0.058169204183714 -18.2201
19.650000 -0.016648763121467  0.049534648277539 -2.97527
19.700000 -0.030029864289626  0.039937749418941 -1.32993
19.750000 -0.043206219527523  0.029576596404685 -0.684545
19.800000 -0.056062897308575  0.018630999862802 -0.332323
19.850000 -0.068499534901568  0.007223774621205 -0.105457
19.900000 -0.080429962094931 -0.004589318461767 0.0570598
19.950000 -0.091781654608106 -0.016759381053383 0.182601
