0.000000  0.000058708691043  0.000112702841174 1.9197
0.050000  0.001397978033584  0.001461844715476 1.04569
0.100000  0.005704107297886  0.005613178358638 0.984059
0.150000  0.013784910217552  0.013331512939971 0.967109
0.200000  0.025783590234212  0.024742096441120 0.959606
0.250000  0.041395698152761  0.039540538259299 0.955185
0.300000  0.060034856479254  0.057155078731750 0.952032
0.350000  0.080957353521531  0.076867963622796 0.949487
0.400000  0.103353939313936  0.097904311612796 0.947272
0.450000  0.126415669900266  0.119495351871552 0.945257
0.500000  0.149379403262958  0.140921646403588 0.943381
0.550000  0.171557512236712  0.161540854617624 0.941613
0.600000  0.192355515470098  0.180803685707528 0.939945
0.650000  0.211280609894948  0.198260922121378 0.938377
0.700000  0.227943494197110  0.213563353065204 0.936914
0.750000  0.242055382832307  0.226456523437562 0.935557
0.800000  0.253421707505383  0.236772139056673 0.934301
0.850000  0.261933673550549  0.244418140875134 0.93313
0.900000  0.267558570286890  0.249369416761863 0.932018
0.950000  0.270329516992232  0.251659196937470 0.930935
1.000000  0.270335151028771  0.251371182298523 0.92985
1.050000  0.267709624599691  0.248632156570205 0.928738
1.100000  0.262623165497653  0.243604821819246 0.927583
1.150000  0.255273369880676  0.236480741470286 0.926382
1.200000  0.245877327265623  0.227473397076139 0.92515
1.250000  0.234664625956914  0.216810829369835 0.923918
1.300000  0.221871248018386  0.204727840063912 0.922733
1.350000  0.207734334145820  0.191458528960697 0.921651
1.400000  0.192487778330313  0.177225627939062 0.920711
1.450000  0.176358598302848  0.162219890689270 0.91983
1.500000  0.159564019005692  0.146601844746718 0.918765
1.550000  0.142309201589287  0.130520225706688 0.917159
1.600000  0.124785548739687  0.114136327014463 0.91466
1.650000  0.107169517735642  0.097641984476266 0.911098
1.700000  0.089621874898555  0.081269661648463 0.906806
1.750000  0.072287328538747  0.065271608455596 0.902947
1.800000  0.055294481725684  0.049557759974435 0.896251
1.850000  0.038756050910171  0.034825830115872 0.898591
1.900000  0.022769301364269  0.022276975608036 0.978378
1.950000  0.007416655397371  0.013153222146510 1.77347
2.000000 -0.007174857090821  0.008188371598559 -1.14126
2.050000 -0.019728322924132  0.007530635617430 -0.381717
2.100000 -0.028514731176193  0.010887428509003 -0.381818
2.150000 -0.032694951995562  0.017691009166075 -0.541093
2.200000 -0.032104885630612  0.027225413976639 -0.848015
2.250000 -0.027037525692698  0.038717573237702 -1.43199
2.300000 -0.018076267561840  0.051401556693222 -2.84359
2.350000 -0.005969371182870  0.064561961348474 -10.8155
2.400000  0.008462744008673  0.077561227499617 9.16502
2.450000  0.024394210987331  0.089854943849192 3.68345
2.500000  0.041040031513552  0.100997718728135 2.46096
2.550000  0.057686558357177  0.110641620756158 1.91798
2.600000  0.073709841898763  0.118529074438709 1.60805
2.650000  0.088584823247413  0.124482468943917 1.40523
2.700000  0.101887763061603  0.128393877569635 1.26015
2.750000  0.113293806146426  0.130216404997877 1.14937
2.800000  0.122571179954584  0.129957411748107 1.06026
2.850000  0.129573196178512  0.127673104324915 0.985336
2.900000  0.134228956677142  0.123463323497987 0.919796
2.950000  0.136533447863896  0.117465532177042 0.860343
3.000000  0.136537532796526  0.109847964110090 0.804526
3.050000  0.134338210301656  0.100801674271863 0.750357
3.100000  0.130069399429772  0.090531293391786 0.696023
3.150000  0.123893420237590  0.079247749610958 0.639645
3.200000  0.115993274031071  0.067163237300115 0.579027
3.250000  0.106565774174654  0.054463456916823 0.511078
3.300000  0.095815539378345  0.041286362626007 0.430894
3.350000  0.083949832516738  0.027729915668650 0.330315
3.400000  0.071174207442400  0.013886821909390 0.19511
3.450000  0.057688912219343 -0.000115227253696 -0.00199739
3.500000  0.043685988312429 -0.014072071785825 -0.322119
3.550000  0.029347000371370 -0.027623741870155 -0.94128
3.600000  0.014841329402162 -0.040728042756165 -2.74423
3.650000  0.000324962560893 -0.053178811234421 -163.646
3.700000 -0.014060285080676 -0.064263267854674 4.57055
3.750000 -0.028187178154043 -0.072857275005819 2.58477
3.800000 -0.041943155270298 -0.077912471423416 1.85757
3.850000 -0.055230162661291 -0.078828984162321 1.42728
3.900000 -0.067964275083521 -0.075529845555915 1.11132
3.950000 -0.080075147011073 -0.068351813638489 0.853596
4.000000 -0.091446623655272 -0.057896449853222 0.633117
4.050000 -0.100811528219298 -0.044904631355160 0.445432
4.100000 -0.106449511036422 -0.030164283185678 0.283367
4.150000 -0.107529092072272 -0.014446182947516 0.134347
4.200000 -0.103892873169700  0.001538298072763 -0.0148066
4.250000 -0.095839663628939  0.017162968665237 -0.17908
4.300000 -0.083957849651056  0.031900164778654 -0.379955
4.350000 -0.068999916579559  0.045324487015028 -0.656877
4.400000 -0.051789801423257  0.057108978216508 -1.10271
4.450000 -0.033156236498767  0.067015524905959 -2.0212
4.500000 -0.013886486384754  0.074883022376825 -5.39251
4.550000  0.005304083303860  0.080616544407777 15.199
4.600000  0.023790303935295  0.084179176359716 3.53838
4.650000  0.041046350864674  0.085586843697485 2.08513
4.700000  0.056648128633415  0.084904870314486 1.49881
4.750000  0.070270794438860  0.082243983626292 1.17039
4.800000  0.081682917982392  0.077754482472584 0.951906
4.850000  0.090738446847173  0.071618183142871 0.789282
4.900000  0.097367378598336  0.064037078729187 0.657685
4.950000  0.101565823669605  0.055222153624189 0.543708
5.000000  0.103385968204633  0.045394186014900 0.439075
5.050000  0.102926306105864  0.034767937806639 0.337794
5.100000  0.100322398500681  0.023519233553979 0.234437
5.150000  0.095738331531337  0.011764833195771 0.122885
5.200000  0.089358975508535 -0.000421012086923 -0.00471147
5.250000  0.081383096438939 -0.012965098796410 -0.159309
5.300000  0.072017331742188 -0.025749283567775 -0.357543
5.350000  0.061471013115502 -0.038423364410003 -0.625065
5.400000  0.049951798913176 -0.050727901111502 -1.01554
5.450000  0.037662064373031 -0.062519197814204 -1.66
5.500000  0.024795989134062 -0.073461040719404 -2.96262
5.550000  0.011537276594758 -0.082785045922201 -7.17544
5.600000 -0.001942562181373 -0.089456212119568 46.0506
5.650000 -0.015485426861403 -0.092565935976243 5.97762
5.700000 -0.028947413270202 -0.091620547662172 3.16507
5.750000 -0.042199227282042 -0.086603500269799 2.05225
5.800000 -0.055126284522338 -0.077885270295473 1.41285
5.850000 -0.067628548656197 -0.066088014396603 0.977221
5.900000 -0.079620156227279 -0.051963745358247 0.652646
5.950000 -0.091028871135205 -0.036302245890698 0.398799
6.000000 -0.101736698347533 -0.019867359028007 0.195282
6.050000 -0.110474673309342 -0.003355958898260 0.0303776
6.100000 -0.115520712750386  0.012625992364708 -0.109296
6.150000 -0.116041658418201  0.027574680668644 -0.237627
6.200000 -0.111878490160442  0.041090088580619 -0.367274
6.250000 -0.103328451990671  0.052869801746048 -0.511667
6.300000 -0.090978421704180  0.062697686599712 -0.689149
6.350000 -0.075579433014361  0.070431193554011 -0.931883
6.400000 -0.057954027725652  0.075990386472609 -1.31122
6.450000 -0.038929598811764  0.079350677651716 -2.03831
6.500000 -0.019292126619133  0.080539433774804 -4.17473
6.550000  0.000244253270647  0.079634153064782 326.031
6.600000  0.019055549109685  0.076759320296016 4.02819
6.650000  0.036617061153420  0.072080487176172 1.96849
6.700000  0.052505768122990  0.065793232945165 1.25307
6.750000  0.066397852017396  0.058105856798867 0.875117
6.800000  0.078062859367933  0.049235846744712 0.630721
6.850000  0.087355668071728  0.039408434555956 0.451126
6.900000  0.094207160984435  0.028834650025538 0.306077
6.950000  0.098614290324620  0.017676321047550 0.179247
7.000000  0.100630042047920  0.006032377554603 0.0599461
7.050000  0.100353669434746 -0.006039567300196 -0.0601828
7.100000  0.097921454093292 -0.018507802538431 -0.189007
7.150000  0.093498165277377 -0.031151762184936 -0.33318
7.200000  0.087269320552819 -0.043632727118177 -0.499978
7.250000  0.079434298817363 -0.055687405105515 -0.70105
7.300000  0.070200317485163 -0.067091712685351 -0.955718
7.350000  0.059777256790033 -0.077403499353506 -1.29487
7.400000  0.048373293571493 -0.085837294248164 -1.77448
7.450000  0.036191292872991 -0.091445500209361 -2.52673
7.500000  0.023425896794305 -0.093442078651160 -3.98884
7.550000  0.010261245145881 -0.091432170040187 -8.91044
7.600000 -0.003130739389746 -0.085461368607878 27.2975
7.650000 -0.016591568438717 -0.075936397882928 4.57681
7.700000 -0.029976972190017 -0.063500311885713 2.1183
7.750000 -0.043157312156130 -0.048915082030954 1.13341
7.800000 -0.056017679786112 -0.032970861458115 0.58858
7.850000 -0.068457733707620 -0.016423274534989 0.239904
7.900000 -0.080391323561126  0.000046051091361 -0.000572837
7.950000 -0.091745943514096  0.015851348124904 -0.172774
8.000000 -0.102403345050549  0.030511842433561 -0.297957
8.050000 -0.111094325498301  0.043651073863017 -0.392919
8.100000 -0.116096577993042  0.054988693770893 -0.473646
8.150000 -0.116576734406700  0.064327986785664 -0.551808
8.200000 -0.112375577662376  0.071542659173723 -0.636639
8.250000 -0.103790167069032  0.076566090356797 -0.737701
8.300000 -0.091407207241420  0.079385269153179 -0.868479
8.350000 -0.075977569574636  0.080038976325498 -1.05346
8.400000 -0.058323643788172  0.078617112694612 -1.34795
8.450000 -0.039272680407017  0.075258515715128 -1.91631
8.500000 -0.019610526398568  0.070144348873364 -3.57687
8.550000 -0.000051192497934  0.063479150686949 -1240.01
8.600000  0.018781446369811  0.055475984026490 2.95377
8.650000  0.036362799741056  0.046355928719017 1.27482
8.700000  0.052269948531871  0.036343573318256 0.695305
8.750000  0.066179170281219  0.025640473383089 0.38744
8.800000  0.077860100812705  0.014393820112516 0.184868
8.850000  0.087167701452801  0.002694735048199 0.0309144
8.900000  0.094032932986647 -0.009448738540308 -0.100483
8.950000  0.098452820404958 -0.021959327990147 -0.223044
9.000000  0.100480417601154 -0.034578636998933 -0.344133
9.050000  0.100215041263408 -0.046969451252802 -0.468687
9.100000  0.097793032164317 -0.058848301622740 -0.601764
9.150000  0.093379214748614 -0.069911287790865 -0.748681
9.200000  0.087159158053494 -0.079641082889526 -0.913743
9.250000  0.079332288967382 -0.087257047719530 -1.09989
9.300000  0.070105869638969 -0.091895876724008 -1.31082
9.350000  0.059689821991469 -0.092881879836892 -1.55608
9.400000  0.048292361706868 -0.089912210871063 -1.86183
9.450000  0.036116390010245 -0.083093601178767 -2.30072
9.500000  0.023356582696836 -0.072869096628028 -3.11985
9.550000  0.010197110950233 -0.059901435909156 -5.87435
9.600000 -0.003190073342517 -0.044960282025727 14.0938
9.650000 -0.016646454627627 -0.028833622301282 1.73212
9.700000 -0.030027737803722 -0.012266627360189 0.40851
9.750000 -0.043204260856034  0.004075870948309 -0.0943396
9.800000 -0.056061093351040  0.019629134777848 -0.350138
9.850000 -0.068497873567621  0.033935347538156 -0.495422
9.900000 -0.080428432227525  0.046640675548004 -0.579903
9.950000 -0.091780245912482  0.057485533801037 -0.626339
10.000000 -0.102435049762985  0.066291328594020 -0.647155
10.050000 -0.111123625920667  0.072947036437056 -0.656449
10.100000 -0.116123653413055  0.077399054599264 -0.666523
10.150000 -0.116601751007820  0.079646405737960 -0.683064
10.200000 -0.112398689458478  0.079739982404925 -0.709439
10.250000 -0.103811516774431  0.077783006751031 -0.749271
10.300000 -0.091426927080541  0.073930727628720 -0.808632
10.350000 -0.075995782035353  0.068377542564964 -0.899754
10.400000 -0.058340462322596  0.061334925843122 -1.05133
10.450000 -0.039288210083251  0.053019447717778 -1.3495
10.500000 -0.019624864506749  0.043653405180326 -2.22439
10.550000 -0.000064429113638  0.033456036337658 -519.269
10.600000  0.018769227861879  0.022615564827513 1.20493
10.650000  0.036351522160406  0.011277750125766 0.310241
10.700000  0.052259540450066 -0.000506021775774 -0.00968286
10.750000  0.066169565601832 -0.012727897065791 -0.192353
10.800000  0.077851238381202 -0.025270162973002 -0.324596
10.850000  0.087159524694268 -0.037850418660911 -0.434266
10.900000  0.094025389569445 -0.050128601186141 -0.533139
10.950000  0.098445861928506 -0.061788179126272 -0.627636
11.000000  0.100473999306150 -0.072454407432816 -0.721126
11.050000  0.100209121762931 -0.081559229139139 -0.81389
11.100000  0.097787573194344 -0.088341085277871 -0.903398
11.150000  0.093374180936594 -0.092018011547437 -0.985476
11.200000  0.087154516703692 -0.092015489755071 -1.05577
11.250000  0.079328009861836 -0.088116630714687 -1.11079
11.300000  0.070101924852925 -0.080487137382639 -1.14814
11.350000  0.059686185722292 -0.069605248441905 -1.16619
11.400000  0.048289010115453 -0.056151595024188 -1.16282
11.450000  0.036113301074052 -0.040901042622785 -1.13258
11.500000  0.023353736073703 -0.024636790619375 -1.05494
11.550000  0.010194487852203 -0.008091388174025 -0.793702
11.600000 -0.003192490266072  0.008088651967897 -2.53365
11.650000 -0.016648681398258  0.023360343272212 -1.40313
11.700000 -0.030029789214152  0.037288644170036 -1.24172
11.750000 -0.043206150562984  0.049541560331138 -1.14663
11.800000 -0.056062833961167  0.059879276657824 -1.06807
11.850000 -0.068499476717068  0.068140398013739 -0.994758
11.900000 -0.080429908655552  0.074228662200035 -0.922899
11.950000 -0.091781605529603  0.078103700001380 -0.850973
12.000000 -0.102436301714016  0.079777150823903 -0.778798
12.050000 -0.111124778643062  0.079312444370191 -0.713724
12.100000 -0.116124714690864  0.076828329453077 -0.661602
12.150000 -0.116602728021600  0.072496119565406 -0.621736
12.200000 -0.112399588831452  0.066521291723038 -0.591829
12.250000 -0.103812344615176  0.059120638011764 -0.569495
12.300000 -0.091427689022448  0.050513126679121 -0.552493
12.350000 -0.075996483273118  0.040919369038366 -0.538438
12.400000 -0.058341107645941  0.030546598063083 -0.523586
12.450000 -0.039288803908099  0.019582693663319 -0.498429
12.500000 -0.019625410904033  0.008149714901179 -0.415263
12.550000 -0.000064931835918 -0.003723966821442 57.3519
12.600000  0.018768765355819 -0.016014049469061 -0.853229
12.650000  0.036351096682839 -0.028566808512507 -0.785858
12.700000  0.052259149063328 -0.041082986269515 -0.78614
12.750000  0.066169205598941 -0.053212381251872 -0.804186
12.800000  0.077850907267951 -0.064599783251416 -0.829788
12.850000  0.087159220172694 -0.074811393449149 -0.85833
12.900000  0.094025109522564 -0.083247809304756 -0.885378
12.950000  0.098445604406220 -0.089176557250557 -0.905846
13.000000  0.100473762512236 -0.091894554177526 -0.914612
13.050000  0.100208904043033 -0.090921296894312 -0.907318
13.100000  0.097787373024892 -0.086120472377357 -0.880691
13.150000  0.093373996914571 -0.077714030853646 -0.832288
13.200000  0.087154347537201 -0.066213621179571 -0.759728
13.250000  0.079327854361389 -0.052315700689199 -0.659487
13.300000  0.070101781923411 -0.036797854337220 -0.52492
13.350000  0.059686054355564 -0.020436091296731 -0.342393
13.400000  0.048288889383494 -0.003948401384015 -0.0817662
13.450000  0.036113190122668  0.012038294961275 0.333349
13.500000  0.023353634116710  0.027003180247395 1.15627
13.550000  0.010194394166067  0.040533646963408 3.97607
13.600000 -0.003192576347182  0.052318793878200 -16.3876
13.650000 -0.016648760487026  0.062137719030131 -3.73227
13.700000 -0.030029861874317  0.069845522543072 -2.32587
13.750000 -0.043206217313213  0.075360573929464 -1.74421
13.800000 -0.056062895278625  0.078656183150305 -1.403
13.850000 -0.068499533040709  0.079756615455638 -1.16434
13.900000 -0.080429960389149  0.078739398069016 -0.978981
13.950000 -0.091781653044544  0.075739837002863 -0.825218
14.000000 -0.102436345351879  0.070944082375198 -0.692567
14.050000 -0.111124818717983  0.064566583009503 -0.581028
14.100000 -0.116124751491726  0.056828266922965 -0.489373
14.150000 -0.116602761814044  0.047949502397622 -0.411221
14.200000 -0.112399619859731  0.038141494603318 -0.339338
14.250000 -0.103812373103860  0.027608850479465 -0.26595
14.300000 -0.091427715178001  0.016528756936623 -0.180785
14.350000 -0.075996507285343  0.004998074548018 -0.0657672
14.400000 -0.058341129689314 -0.006963526993083 0.119359
14.450000 -0.039288824142997 -0.019307166717253 0.491416
14.500000 -0.019625429477862 -0.031848247261093 1.62281
14.550000 -0.000064948884158 -0.044272457434774 681.651
14.600000  0.018768749708663 -0.056213092461844 -2.99504
14.650000  0.036351082322349 -0.067275662365667 -1.85072
14.700000  0.052259135884366 -0.076979565100162 -1.47304
14.750000  0.066169193504900 -0.084709572230566 -1.2802
14.800000  0.077850896170069 -0.089769655861395 -1.1531
14.850000  0.087159209989423 -0.091533524350333 -1.05019
14.900000  0.094025100178985 -0.089608836109631 -0.953031
14.950000  0.098445595833510 -0.083934931682917 -0.852602
15.000000  0.100473754647177 -0.074786943664923 -0.744343
15.050000  0.100208896827557 -0.062707710604645 -0.62577
15.100000  0.097787366405663 -0.048407241342752 -0.495026
15.150000  0.093373990842607 -0.032663446825975 -0.349813
15.200000  0.087154341967516 -0.016242963320510 -0.18637
15.250000  0.079327849252673  0.000152482934300 0.00192219
15.300000  0.070101777237730  0.015916541324907 0.227049
15.350000  0.059686050058084  0.030550727932756 0.511857
15.400000  0.048288885442235  0.043664447011149 0.904234
15.450000  0.036113186508265  0.054967195856862 1.52208
15.500000  0.023353630802207  0.064256233271178 2.75145
15.550000  0.010194391126716  0.071402721940059 7.00412
15.600000 -0.003192579134099  0.076339958234123 -23.9117
15.650000 -0.016648763042361  0.079054816055419 -4.74839
15.700000 -0.030029864217212  0.079584889706274 -2.65019
15.750000 -0.043206219461235  0.078023219317037 -1.80583
15.800000 -0.056062897247898  0.074521762608425 -1.32925
15.850000 -0.068499534846029  0.069279727517722 -1.01139
15.900000 -0.080429962044097  0.062518689354455 -0.777306
15.950000 -0.091781654561580  0.054463827593073 -0.593406
16.000000 -0.102436346742437  0.045329965424470 -0.442518
16.050000 -0.111124819992553  0.035323126838577 -0.317869
16.100000 -0.116124752659935  0.024643515715542 -0.212216
16.150000 -0.116602762884723  0.013451326213529 -0.11536
16.200000 -0.112399620840983  0.001822769443927 -0.0162169
16.250000 -0.103812374003117 -0.010219810184207 0.098445
16.300000 -0.091427716002082 -0.022599955601468 0.247189
16.350000 -0.075996508040501 -0.035105948972766 0.461942
16.400000 -0.058341130381286 -0.047407614413363 0.812593
16.450000 -0.039288824777045 -0.059117442599888 1.50469
16.500000 -0.019625430058811 -0.069804202258577 3.55682
16.550000 -0.000064949416435 -0.078952203301043 1215.6
16.600000  0.018768749221001 -0.085942974253888 -4.57905
16.650000  0.036351081875579 -0.090122501348197 -2.47922
16.700000  0.052259135475074 -0.090939427118893 -1.74016
16.750000  0.066169193129958 -0.088084557244925 -1.3312
16.800000  0.077850895826605 -0.081568271590377 -1.04775
16.850000  0.087159209674807 -0.071715606509227 -0.822812
16.900000  0.094025099890806 -0.059098045856997 -0.628535
16.950000  0.098445595569556 -0.044436760524725 -0.451384
17.000000  0.100473754405420 -0.028507707045721 -0.283733
17.050000  0.100208896606139 -0.012066159019693 -0.12041
17.100000  0.097787366202880  0.004203870956845 0.0429899
17.150000  0.093373990656898  0.019717299358225 0.211165
17.200000  0.087154341797449  0.033997964535065 0.390089
17.250000  0.079327849096936  0.046676838448067 0.588404
17.300000  0.070101777095121  0.057483155071557 0.819996
17.350000  0.059686049927501  0.066231701399880 1.10967
17.400000  0.048288885322668  0.072809779718448 1.5078
17.450000  0.036113186398789  0.077165574461260 2.13677
17.500000  0.023353630701973  0.079299617193628 3.3956
17.550000  0.010194391034948  0.079263849420832 7.77524
17.600000 -0.003192579218114  0.077167793332751 -24.171
17.650000 -0.016648763119276  0.073179336829871 -4.39548
17.700000 -0.030029864287623  0.067508566114222 -2.24805
17.750000 -0.043206219525691  0.060384438752345 -1.39759
17.800000 -0.056062897306899  0.052031272722724 -0.928087
17.850000 -0.068499534900037  0.042658116788830 -0.62275
17.900000 -0.080429962093531  0.032467384731211 -0.403673
17.950000 -0.091781654606827  0.021650866863504 -0.235895
18.000000 -0.102436346783850  0.010349551285176 -0.101034
18.050000 -0.111124820030456 -0.001374101881423 0.0123654
18.100000 -0.116124752694624 -0.013487097187913 0.116143
18.150000 -0.116602762916470 -0.025884795757803 0.221991
18.200000 -0.112399620870035 -0.038330538490189 0.34102
18.250000 -0.103812374029703 -0.050476625546462 0.486229
18.300000 -0.091427716026411 -0.061912574479316 0.677175
18.350000 -0.075996508062763 -0.072174808424321 0.949712
18.400000 -0.058341130401656 -0.080723355632597 1.38364
18.450000 -0.039288824795684 -0.086946817472740 2.21302
18.500000 -0.019625430075865 -0.090237470998532 4.59799
18.550000 -0.000064949432038 -0.090117148996593 1387.5
18.600000  0.018768749206725 -0.086355331334208 -4.60102
18.650000  0.036351081862518 -0.079029044831208 -2.17405
18.700000  0.052259135463125 -0.068509798960287 -1.31096
18.750000  0.066169193119026 -0.055394965753731 -0.837172
18.800000  0.077850895816605 -0.040414451245944 -0.519126
18.850000  0.087159209665660 -0.024340085764741 -0.27926
18.900000  0.094025099882438 -0.007913985438454 -0.0841689
18.950000  0.098445595561902  0.008198738983029 0.0832819
19.000000  0.100473754398419  0.023434731273447 0.233242
19.050000  0.100208896599735  0.037340041194968 0.372622
19.100000  0.097787366197023  0.049566753344828 0.506883
19.150000  0.093373990651541  0.059863154802086 0.641112
19.200000  0.087154341792550  0.068061372748329 0.780929
19.250000  0.079327849092455  0.074064891073967 0.933656
19.300000  0.070101777091022  0.077836670278518 1.11034
19.350000  0.059686049923753  0.079391287274421 1.33015
19.400000  0.048288885319240  0.078796095754085 1.63176
19.450000  0.036113186395655  0.076177489992550 2.10941
19.500000  0.023353630699107  0.071717502880974 3.07094
19.550000  0.010194391032326  0.065636990941293 6.43854
19.600000 -0.003192579220510  0.058169107876076 -18.2201
19.650000 -0.016648763121467  0.049534580764142 -2.97527
19.700000 -0.030029864289626  0.039937710423743 -1.32993
19.750000 -0.043206219527523  0.029576583674431 -0.684545
19.800000 -0.056062897308575  0.018631007333850 -0.332323
19.850000 -0.068499534901568  0.007223794471271 -0.105458
19.900000 -0.080429962094931 -0.004589290585044 0.0570595
19.950000 -0.091781654608106 -0.016759343316686 0.1826
