0.000000  0.000058708691043  0.000112702838729 1.9197
0.050000  0.001397978033584  0.001461844684757 1.04569
0.100000  0.005704107297886  0.005613178258577 0.984059
0.150000  0.013784910217552  0.013331512741420 0.967109
0.200000  0.025783590234212  0.024742096141798 0.959606
0.250000  0.041395698152761  0.039540537882272 0.955185
0.300000  0.060034856479254  0.057155078314913 0.952032
0.350000  0.080957353521531  0.076867963203673 0.949487
0.400000  0.103353939313936  0.097904311211717 0.947272
0.450000  0.126415669900266  0.119495351475307 0.945257
0.500000  0.149379403262958  0.140921645950926 0.943381
0.550000  0.171557512236712  0.161540854165698 0.941613
0.600000  0.192355515470098  0.180803685317140 0.939945
0.650000  0.211280609894948  0.198260921862102 0.938377
0.700000  0.227943494197110  0.213563352963877 0.936914
0.750000  0.242055382832307  0.226456523482483 0.935557
0.800000  0.253421707505383  0.236772139213413 0.934301
0.850000  0.261933673550549  0.244418141111909 0.93313
0.900000  0.267558570286890  0.249369416604603 0.932018
0.950000  0.270329516992232  0.251659196431019 0.930935
1.000000  0.270335151028771  0.251371181540353 0.92985
1.050000  0.267709624599691  0.248632155784734 0.928738
1.100000  0.262623165497653  0.243604821132807 0.927583
1.150000  0.255273369880676  0.236480740955114 0.926382
1.200000  0.245877327265623  0.227473396764190 0.92515
1.250000  0.234664625956914  0.216810829271742 0.923918
1.300000  0.221871248018386  0.204727840183938 0.922733
1.350000  0.207734334145820  0.191458530185068 0.921651
1.400000  0.192487778330313  0.177225629874847 0.920711
1.450000  0.176358598302848  0.162219893029680 0.91983
1.500000  0.159564019005692  0.146601847082939 0.918765
1.550000  0.142309201589287  0.130520227893567 0.917159
1.600000  0.124785548739687  0.114136328978089 0.91466
1.650000  0.107169517735642  0.097641986205915 0.911098
1.700000  0.089621874898555  0.081269663118153 0.906806
1.750000  0.072287328538747  0.065271610292382 0.902947
1.800000  0.055294481725684  0.049557762457792 0.896252
1.850000  0.038756050910171  0.034825834735279 0.898591
1.900000  0.022769301364269  0.022276981619957 0.978378
1.950000  0.007416655397371  0.013153228701835 1.77347
2.000000 -0.007174857090821  0.008188377556209 -1.14126
2.050000 -0.019728322924132  0.007530640360688 -0.381717
2.100000 -0.028514731176193  0.010887431729376 -0.381818
2.150000 -0.032694951995562  0.017691010780647 -0.541093
2.200000 -0.032104885630612  0.027225414051575 -0.848015
2.250000 -0.027037525692698  0.038717571917264 -1.43199
2.300000 -0.018076267561840  0.051401554060154 -2.84359
2.350000 -0.005969371182870  0.064561957592201 -10.8155
2.400000  0.008462744008673  0.077561222892249 9.16502
2.450000  0.024394210987331  0.089854938707804 3.68345
2.500000  0.041040031513552  0.100997713328536 2.46096
2.550000  0.057686558357177  0.110641615281428 1.91798
2.600000  0.073709841898763  0.118529068989716 1.60805
2.650000  0.088584823247413  0.124482463788649 1.40523
2.700000  0.101887763061603  0.128393872261071 1.26015
2.750000  0.113293806146426  0.130216399228123 1.14937
2.800000  0.122571179954584  0.129957405511861 1.06026
2.850000  0.129573196178512  0.127673097987561 0.985336
2.900000  0.134228956677142  0.123463317497544 0.919796
2.950000  0.136533447863896  0.117465526862931 0.860342
3.000000  0.136537532796526  0.109847959711218 0.804526
3.050000  0.134338210301656  0.100801670888275 0.750357
3.100000  0.130069399429772  0.090531290625991 0.696023
3.150000  0.123893420237590  0.079247748508808 0.639645
3.200000  0.115993274031071  0.067163238204474 0.579027
3.250000  0.106565774174654  0.054463459485647 0.511078
3.300000  0.095815539378345  0.041286366070989 0.430894
3.350000  0.083949832516738  0.027729919419767 0.330315
3.400000  0.071174207442400  0.013886825726836 0.19511
3.450000  0.057688912219343 -0.000115223361755 -0.00199732
3.500000  0.043685988312429 -0.014072068045898 -0.322119
3.550000  0.029347000371370 -0.027623737737000 -0.94128
3.600000  0.014841329402162 -0.040728038171967 -2.74423
3.650000  0.000324962560893 -0.053178804023577 -163.646
3.700000 -0.014060285080676 -0.064263257256980 4.57055
3.750000 -0.028187178154043 -0.072857261732422 2.58477
3.800000 -0.041943155270298 -0.077912457394209 1.85757
3.850000 -0.055230162661291 -0.078828971220697 1.42728
3.900000 -0.067964275083521 -0.075529834945990 1.11132
3.950000 -0.080075147011073 -0.068351806006717 0.853596
4.000000 -0.091446623655272 -0.057896445395183 0.633117
4.050000 -0.100811528219298 -0.044904629934419 0.445431
4.100000 -0.106449511036422 -0.030164284586679 0.283367
4.150000 -0.107529092072272 -0.014446186868546 0.134347
4.200000 -0.103892873169700  0.001538292048171 -0.0148065
4.250000 -0.095839663628939  0.017162961055539 -0.17908
4.300000 -0.083957849651056  0.031900156115978 -0.379954
4.350000 -0.068999916579559  0.045324477730504 -0.656877
4.400000 -0.051789801423257  0.057108968526715 -1.10271
4.450000 -0.033156236498767  0.067015515327657 -2.0212
4.500000 -0.013886486384754  0.074883012909933 -5.39251
4.550000  0.005304083303860  0.080616534649324 15.199
4.600000  0.023790303935295  0.084179165960186 3.53838
4.650000  0.041046350864674  0.085586832795299 2.08513
4.700000  0.056648128633415  0.084904859465702 1.49881
4.750000  0.070270794438860  0.082243973505511 1.17039
4.800000  0.081682917982392  0.077754473674125 0.951906
4.850000  0.090738446847173  0.071618176195818 0.789281
4.900000  0.097367378598336  0.064037073102864 0.657685
4.950000  0.101565823669605  0.055222149759969 0.543708
5.000000  0.103385968204633  0.045394184757372 0.439075
5.050000  0.102926306105864  0.034767939424003 0.337794
5.100000  0.100322398500681  0.023519237356386 0.234437
5.150000  0.095738331531337  0.011764838175839 0.122885
5.200000  0.089358975508535 -0.000421006620453 -0.00471141
5.250000  0.081383096438939 -0.012965092913038 -0.159309
5.300000  0.072017331742188 -0.025749277490823 -0.357543
5.350000  0.061471013115502 -0.038423357703673 -0.625065
5.400000  0.049951798913176 -0.050727894133677 -1.01554
5.450000  0.037662064373031 -0.062519189042608 -1.66
5.500000  0.024795989134062 -0.073461028129838 -2.96262
5.550000  0.011537276594758 -0.082785028720258 -7.17544
5.600000 -0.001942562181373 -0.089456191646333 46.0506
5.650000 -0.015485426861403 -0.092565914797633 5.97761
5.700000 -0.028947413270202 -0.091620528279182 3.16507
5.750000 -0.042199227282042 -0.086603484445490 2.05225
5.800000 -0.055126284522338 -0.077885258977294 1.41285
5.850000 -0.067628548656197 -0.066088007821108 0.977221
5.900000 -0.079620156227279 -0.051963743353463 0.652646
5.950000 -0.091028871135205 -0.036302248071950 0.398799
6.000000 -0.101736698347533 -0.019867364856955 0.195282
6.050000 -0.110474673309342 -0.003355967694142 0.0303777
6.100000 -0.115520712750386  0.012625981369210 -0.109296
6.150000 -0.116041658418201  0.027574668211616 -0.237627
6.200000 -0.111878490160442  0.041090075055609 -0.367274
6.250000 -0.103328451990671  0.052869787748826 -0.511667
6.300000 -0.090978421704180  0.062697672615263 -0.689149
6.350000 -0.075579433014361  0.070431179551196 -0.931883
6.400000 -0.057954027725652  0.075990372006708 -1.31122
6.450000 -0.038929598811764  0.079350662451698 -2.03831
6.500000 -0.019292126619133  0.080539418130542 -4.17473
6.550000  0.000244253270647  0.079634137726662 326.031
6.600000  0.019055549109685  0.076759306152009 4.02819
6.650000  0.036617061153420  0.072080475359561 1.96849
6.700000  0.052505768122990  0.065793223441977 1.25307
6.750000  0.066397852017396  0.058105849477928 0.875116
6.800000  0.078062859367933  0.049235842191767 0.63072
6.850000  0.087355668071728  0.039408433557034 0.451126
6.900000  0.094207160984435  0.028834652537196 0.306077
6.950000  0.098614290324620  0.017676326099163 0.179247
7.000000  0.100630042047920  0.006032383934277 0.0599462
7.050000  0.100353669434746 -0.006039560097626 -0.0601828
7.100000  0.097921454093292 -0.018507794801593 -0.189007
7.150000  0.093498165277377 -0.031151753401795 -0.33318
7.200000  0.087269320552819 -0.043632717621158 -0.499978
7.250000  0.079434298817363 -0.055687394519242 -0.70105
7.300000  0.070200317485163 -0.067091699179384 -0.955718
7.350000  0.059777256790033 -0.077403480823388 -1.29487
7.400000  0.048373293571493 -0.085837270306991 -1.77448
7.450000  0.036191292872991 -0.091445472750600 -2.52673
7.500000  0.023425896794305 -0.093442050819786 -3.98884
7.550000  0.010261245145881 -0.091432144887751 -8.91043
7.600000 -0.003130739389746 -0.085461348342225 27.2975
7.650000 -0.016591568438717 -0.075936383654010 4.57681
7.700000 -0.029976972190017 -0.063500303978855 2.1183
7.750000 -0.043157312156130 -0.048915080181492 1.13341
7.800000 -0.056017679786112 -0.032970865078077 0.58858
7.850000 -0.068457733707620 -0.016423282819939 0.239904
7.900000 -0.080391323561126  0.000046039098751 -0.000572687
7.950000 -0.091745943514096  0.015851333484101 -0.172774
8.000000 -0.102403345050549  0.030511825855481 -0.297957
8.050000 -0.111094325498301  0.043651055981629 -0.392919
8.100000 -0.116096577993042  0.054988675315574 -0.473646
8.150000 -0.116576734406700  0.064327968248909 -0.551808
8.200000 -0.112375577662376  0.071542640466574 -0.636639
8.250000 -0.103790167069032  0.076566071057601 -0.737701
8.300000 -0.091407207241420  0.079385249115016 -0.868479
8.350000 -0.075977569574636  0.080038956011439 -1.05346
8.400000 -0.058323643788172  0.078617092960503 -1.34795
8.450000 -0.039272680407017  0.075258498075662 -1.91631
8.500000 -0.019610526398568  0.070144334243231 -3.57687
8.550000 -0.000051192497934  0.063479139075353 -1240.01
8.600000  0.018781446369811  0.055475975512401 2.95376
8.650000  0.036362799741056  0.046355923992873 1.27482
8.700000  0.052269948531871  0.036343572956159 0.695305
8.750000  0.066179170281219  0.025640477018225 0.38744
8.800000  0.077860100812705  0.014393826442220 0.184868
8.850000  0.087167701452801  0.002694742976595 0.0309145
8.900000  0.094032932986647 -0.009448729740312 -0.100483
8.950000  0.098452820404958 -0.021959317910951 -0.223044
9.000000  0.100480417601154 -0.034578625488986 -0.344133
9.050000  0.100215041263408 -0.046969438485159 -0.468687
9.100000  0.097793032164317 -0.058848286836663 -0.601764
9.150000  0.093379214748614 -0.069911268891902 -0.748681
9.200000  0.087159158053494 -0.079641057984280 -0.913743
9.250000  0.079332288967382 -0.087257016926358 -1.09989
9.300000  0.070105869638969 -0.091895842486857 -1.31082
9.350000  0.059689821991469 -0.092881845815348 -1.55608
9.400000  0.048292361706868 -0.089912180595828 -1.86183
9.450000  0.036116390010245 -0.083093577184636 -2.30072
9.500000  0.023356582696836 -0.072869080224397 -3.11985
9.550000  0.010197110950233 -0.059901427385369 -5.87435
9.600000 -0.003190073342517 -0.044960280983436 14.0938
9.650000 -0.016646454627627 -0.028833627918086 1.73212
9.700000 -0.030027737803722 -0.012266638560146 0.40851
9.750000 -0.043204260856034  0.004075855488816 -0.0943392
9.800000 -0.056061093351040  0.019629116199289 -0.350138
9.850000 -0.068497873567621  0.033935326672682 -0.495422
9.900000 -0.080428432227525  0.046640653197075 -0.579903
9.950000 -0.091780245912482  0.057485510788389 -0.626339
10.000000 -0.102435049762985  0.066291305384666 -0.647155
10.050000 -0.111123625920667  0.072947012912855 -0.656449
10.100000 -0.116123653413055  0.077399030414231 -0.666523
10.150000 -0.116601751007820  0.079646380928481 -0.683063
10.200000 -0.112398689458478  0.079739957454782 -0.709438
10.250000 -0.103811516774431  0.077782983053192 -0.749271
10.300000 -0.091426927080541  0.073930706838647 -0.808632
10.350000 -0.075995782035353  0.068377525507479 -0.899754
10.400000 -0.058340462322596  0.061334912591394 -1.05133
10.450000 -0.039288210083251  0.053019438536142 -1.3495
10.500000 -0.019624864506749  0.043653400736955 -2.22439
10.550000 -0.000064429113638  0.033456036956836 -519.269
10.600000  0.018769227861879  0.022615569709911 1.20493
10.650000  0.036351522160406  0.011277757938824 0.310242
10.700000  0.052259540450066 -0.000506012389618 -0.00968268
10.750000  0.066169565601832 -0.012727886312661 -0.192353
10.800000  0.077851238381202 -0.025270150378539 -0.324595
10.850000  0.087159524694268 -0.037850404123005 -0.434266
10.900000  0.094025389569445 -0.050128584676194 -0.533139
10.950000  0.098445861928506 -0.061788159523724 -0.627636
11.000000  0.100473999306150 -0.072454382589601 -0.721126
11.050000  0.100209121762931 -0.081559197539761 -0.81389
11.100000  0.097787573194344 -0.088341047610120 -0.903397
11.150000  0.093374180936594 -0.092017970792737 -0.985476
11.200000  0.087154516703692 -0.092015450051730 -1.05577
11.250000  0.079328009861836 -0.088116595973389 -1.11079
11.300000  0.070101924852925 -0.080487110383982 -1.14814
11.350000  0.059686185722292 -0.069605230595279 -1.16619
11.400000  0.048289010115453 -0.056151586573542 -1.16282
11.450000  0.036113301074052 -0.040901042995362 -1.13258
11.500000  0.023353736073703 -0.024636798764752 -1.05494
11.550000  0.010194487852203 -0.008091402635458 -0.793704
11.600000 -0.003192490266072  0.008088632741310 -2.53364
11.650000 -0.016648681398258  0.023360320526732 -1.40313
11.700000 -0.030029789214152  0.037288618864010 -1.24172
11.750000 -0.043206150562984  0.049541533405981 -1.14663
11.800000 -0.056062833961167  0.059879248983163 -1.06807
11.850000 -0.068499476717068  0.068140370018040 -0.994758
11.900000 -0.080429908655552  0.074228633770043 -0.922898
11.950000 -0.091781605529603  0.078103670968665 -0.850973
12.000000 -0.102436301714016  0.079777121229359 -0.778797
12.050000 -0.111124778643062  0.079312415053511 -0.713724
12.100000 -0.116124714690864  0.076828302168876 -0.661602
12.150000 -0.116602728021600  0.072496096009122 -0.621736
12.200000 -0.112399588831452  0.066521272657381 -0.591828
12.250000 -0.103812344615176  0.059120623611081 -0.569495
12.300000 -0.091427689022448  0.050513117312533 -0.552493
12.350000 -0.075996483273118  0.040919365299993 -0.538438
12.400000 -0.058341107645941  0.030546599868514 -0.523586
12.450000 -0.039288803908099  0.019582700035594 -0.49843
12.500000 -0.019625410904033  0.008149724174199 -0.415264
12.550000 -0.000064931835918 -0.003723955763549 57.3518
12.600000  0.018768765355819 -0.016014036519217 -0.853228
12.650000  0.036351096682839 -0.028566793145334 -0.785858
12.700000  0.052259149063328 -0.041082968351563 -0.786139
12.750000  0.066169205598941 -0.053212360485892 -0.804186
12.800000  0.077850907267951 -0.064599758264211 -0.829788
12.850000  0.087159220172694 -0.074811362216148 -0.85833
12.900000  0.094025109522564 -0.083247770806196 -0.885378
12.950000  0.098445604406220 -0.089176512774195 -0.905846
13.000000  0.100473762512236 -0.091894507240994 -0.914612
13.050000  0.100208904043033 -0.090921252058165 -0.907317
13.100000  0.097787373024892 -0.086120433849774 -0.880691
13.150000  0.093373996914571 -0.077714001584920 -0.832287
13.200000  0.087154347537201 -0.066213602615856 -0.759728
13.250000  0.079327854361389 -0.052315692970042 -0.659487
13.300000  0.070101781923411 -0.036797856724747 -0.52492
13.350000  0.059686054355564 -0.020436102413184 -0.342393
13.400000  0.048288889383494 -0.003948419443112 -0.0817666
13.450000  0.036113190122668  0.012038271696372 0.333348
13.500000  0.023353634116710  0.027003153129375 1.15627
13.550000  0.010194394166067  0.040533617077905 3.97607
13.600000 -0.003192576347182  0.052318762272359 -16.3876
13.650000 -0.016648760487026  0.062137686585608 -3.73227
13.700000 -0.030029861874317  0.069845489645280 -2.32587
13.750000 -0.043206217313213  0.075360540596259 -1.74421
13.800000 -0.056062895278625  0.078656149243383 -1.403
13.850000 -0.068499533040709  0.079756581201617 -1.16434
13.900000 -0.080429960389149  0.078739364701092 -0.978981
13.950000 -0.091781653044544  0.075739806522441 -0.825217
14.000000 -0.102436345351879  0.070944056455093 -0.692567
14.050000 -0.111124818717983  0.064566562385610 -0.581027
14.100000 -0.116124751491726  0.056828251848210 -0.489372
14.150000 -0.116602761814044  0.047949493319683 -0.411221
14.200000 -0.112399619859731  0.038141491858840 -0.339338
14.250000 -0.103812373103860  0.027608853752252 -0.26595
14.300000 -0.091427715178001  0.016528764863676 -0.180785
14.350000 -0.075996507285343  0.004998085398299 -0.0657673
14.400000 -0.058341129689314 -0.006963514036493 0.119359
14.450000 -0.039288824142997 -0.019307151304262 0.491416
14.500000 -0.019625429477862 -0.031848228824888 1.6228
14.550000 -0.000064948884158 -0.044272435728676 681.65
14.600000  0.018768749708663 -0.056213066919553 -2.99504
14.650000  0.036351082322349 -0.067275631488352 -1.85072
14.700000  0.052259135884366 -0.076979527134563 -1.47303
14.750000  0.066169193504900 -0.084709526727686 -1.2802
14.800000  0.077850896170069 -0.089769604734130 -1.1531
14.850000  0.087159209989423 -0.091533471633967 -1.05019
14.900000  0.094025100178985 -0.089608786729095 -0.95303
14.950000  0.098445595833510 -0.083934890069139 -0.852602
15.000000  0.100473754647177 -0.074786912866306 -0.744343
15.050000  0.100208896827557 -0.062707692024272 -0.62577
15.100000  0.097787366405663 -0.048407235011040 -0.495025
15.150000  0.093373990842607 -0.032663451766548 -0.349813
15.200000  0.087154341967516 -0.016242977811284 -0.18637
15.250000  0.079327849252673  0.000152460966787 0.00192191
15.300000  0.070101777237730  0.015916513773034 0.227049
15.350000  0.059686050058084  0.030550696257395 0.511857
15.400000  0.048288885442235  0.043664412416241 0.904233
15.450000  0.036113186508265  0.054967159465447 1.52208
15.500000  0.023353630802207  0.064256195928871 2.75144
15.550000  0.010194391126716  0.071402684101990 7.00411
15.600000 -0.003192579134099  0.076339919972037 -23.9117
15.650000 -0.016648763042361  0.079054777310427 -4.74839
15.700000 -0.030029864217212  0.079584850999161 -2.65019
15.750000 -0.043206219461235  0.078023182250958 -1.80583
15.800000 -0.056062897247898  0.074521729332590 -1.32925
15.850000 -0.068499534846029  0.069279699660665 -1.01139
15.900000 -0.080429962044097  0.062518667621122 -0.777306
15.950000 -0.091781654561580  0.054463812335014 -0.593406
16.000000 -0.102436346742437  0.045329957000376 -0.442518
16.050000 -0.111124819992553  0.035323125414139 -0.317869
16.100000 -0.116124752659935  0.024643520617856 -0.212216
16.150000 -0.116602762884723  0.013451335784281 -0.11536
16.200000 -0.112399620840983  0.001822782036102 -0.016217
16.250000 -0.103812374003117 -0.010219795074994 0.0984449
16.300000 -0.091427716002082 -0.022599937439097 0.247189
16.350000 -0.075996508040501 -0.035105927126827 0.461941
16.400000 -0.058341130381286 -0.047407588474183 0.812593
16.450000 -0.039288824777045 -0.059117411776362 1.50469
16.500000 -0.019625430058811 -0.069804165057776 3.55682
16.550000 -0.000064949416435 -0.078952158354154 1215.59
16.600000  0.018768749221001 -0.085942921739272 -4.57904
16.650000  0.036351081875579 -0.090122443812810 -2.47922
16.700000  0.052259135475074 -0.090939369085261 -1.74016
16.750000  0.066169193129958 -0.088084503943869 -1.3312
16.800000  0.077850895826605 -0.081568227609669 -1.04775
16.850000  0.087159209674807 -0.071715574904505 -0.822811
16.900000  0.094025099890806 -0.059098027956935 -0.628535
16.950000  0.098445595569556 -0.044436756199530 -0.451384
17.000000  0.100473754405420 -0.028507715030075 -0.283733
17.050000  0.100208896606139 -0.012066177253415 -0.12041
17.100000  0.097787366202880  0.004203844793233 0.0429897
17.150000  0.093373990656898  0.019717267292135 0.211164
17.200000  0.087154341797449  0.033997928134185 0.390089
17.250000  0.079327849096936  0.046676799027551 0.588404
17.300000  0.070101777095121  0.057483113764275 0.819995
17.350000  0.059686049927501  0.066231659083211 1.10967
17.400000  0.048288885322668  0.072809736907537 1.50779
17.450000  0.036113186398789  0.077165531265929 2.13677
17.500000  0.023353630701973  0.079299573714845 3.3956
17.550000  0.010194391034948  0.079263806530820 7.77524
17.600000 -0.003192579218114  0.077167752946788 -24.171
17.650000 -0.016648763119276  0.073179301178975 -4.39548
17.700000 -0.030029864287623  0.067508536747760 -2.24805
17.750000 -0.043206219525691  0.060384416389024 -1.39759
17.800000 -0.056062897306899  0.052031257698399 -0.928087
17.850000 -0.068499534900037  0.042658109390112 -0.62275
17.900000 -0.080429962093531  0.032467384882653 -0.403673
17.950000 -0.091781654606827  0.021650873520981 -0.235895
18.000000 -0.102436346783850  0.010349562614157 -0.101034
18.050000 -0.111124820030456 -0.001374087343960 0.0123653
18.100000 -0.116124752694624 -0.013487079652042 0.116143
18.150000 -0.116602762916470 -0.025884774533388 0.221991
18.200000 -0.112399620870035 -0.038330512854371 0.34102
18.250000 -0.103812374029703 -0.050476594911121 0.486229
18.300000 -0.091427716026411 -0.061912537903322 0.677175
18.350000 -0.075996508062763 -0.072174764540520 0.949712
18.400000 -0.058341130401656 -0.080723303548020 1.38364
18.450000 -0.039288824795684 -0.086946758031898 2.21301
18.500000 -0.019625430075865 -0.090237407375924 4.59798
18.550000 -0.000064949432038 -0.090117086161858 1387.5
18.600000  0.018768749206725 -0.086355274772777 -4.60101
18.650000  0.036351081862518 -0.079028999201998 -2.17405
18.700000  0.052259135463125 -0.068509767269157 -1.31096
18.750000  0.066169193119026 -0.055394949211141 -0.837171
18.800000  0.077850895816605 -0.040414449505778 -0.519126
18.850000  0.087159209665660 -0.024340097241247 -0.27926
18.900000  0.094025099882438 -0.007914007753950 -0.0841691
18.950000  0.098445595561902  0.008198708357509 0.0832816
19.000000  0.100473754398419  0.023434694483828 0.233242
19.050000  0.100208896599735  0.037339999924983 0.372622
19.100000  0.097787366197023  0.049566708965134 0.506883
19.150000  0.093373990651541  0.059863108473054 0.641111
19.200000  0.087154341792550  0.068061325404286 0.780929
19.250000  0.079327849092455  0.074064843269046 0.933655
19.300000  0.070101777091022  0.077836622186708 1.11034
19.350000  0.059686049923753  0.079391239233554 1.33015
19.400000  0.048288885319240  0.078796048998318 1.63176
19.450000  0.036113186395655  0.076177446692645 2.10941
19.500000  0.023353630699107  0.071717465274880 3.07093
19.550000  0.010194391032326  0.065636960524985 6.43854
19.600000 -0.003192579220510  0.058169085323023 -18.2201
19.650000 -0.016648763121467  0.049534566379366 -2.97527
19.700000 -0.030029864289626  0.039937704383146 -1.32993
19.750000 -0.043206219527523  0.029576585604721 -0.684545
19.800000 -0.056062897308575  0.018631015860936 -0.332323
19.850000 -0.068499534901568  0.007223807703790 -0.105458
19.900000 -0.080429962094931 -0.004589273869508 0.0570593
19.950000 -0.091781654608106 -0.016759323060163 0.1826
