0.000000  0.000058708691043  0.000114178134255 1.94483
0.050000  0.001397978033584  0.001417318231151 1.01383
0.100000  0.005704107297886  0.005443752083983 0.954357
0.150000  0.013784910217552  0.012933878785301 0.938264
0.200000  0.025783590234212  0.024015594884463 0.931429
0.250000  0.041395698152761  0.038390226455456 0.927397
0.300000  0.060034856479254  0.055505242009927 0.92455
0.350000  0.080957353521531  0.074641039110486 0.92198
0.400000  0.103353939313936  0.095065601630625 0.919806
0.450000  0.126415669900266  0.116060255913655 0.918084
0.500000  0.149379403262958  0.136942462526851 0.916743
0.550000  0.171557512236712  0.157096919395441 0.91571
0.600000  0.192355515470098  0.175986314461115 0.914901
0.650000  0.211280609894948  0.193167763908997 0.914271
0.700000  0.227943494197110  0.208304647490234 0.913843
0.750000  0.242055382832307  0.221132716128458 0.913562
0.800000  0.253421707505383  0.231475087698009 0.913399
0.850000  0.261933673550549  0.239239312007098 0.913358
0.900000  0.267558570286890  0.244387384377113 0.913398
0.950000  0.270329516992232  0.246954822173224 0.913533
1.000000  0.270335151028771  0.247013426491878 0.91373
1.050000  0.267709624599691  0.244701960063438 0.914057
1.100000  0.262623165497653  0.240066785780240 0.914111
1.150000  0.255273369880676  0.233305634005391 0.913944
1.200000  0.245877327265623  0.224606010658849 0.913488
1.250000  0.234664625956914  0.214217038282089 0.912865
1.300000  0.221871248018386  0.202370349859537 0.912107
1.350000  0.207734334145820  0.189296453872878 0.911243
1.400000  0.192487778330313  0.175248596731658 0.91044
1.450000  0.176358598302848  0.160369024090658 0.909335
1.500000  0.159564019005692  0.144874330510180 0.907939
1.550000  0.142309201589287  0.128943663319871 0.906081
1.600000  0.124785548739687  0.112778550784835 0.903779
1.650000  0.107169517735642  0.096555511713028 0.900961
1.700000  0.089621874898555  0.080420429095347 0.89733
1.750000  0.072287328538747  0.064506882503637 0.892368
1.800000  0.055294481725684  0.048919104479795 0.884701
1.850000  0.038756050910171  0.033754333342559 0.870944
1.900000  0.022769301364269  0.019113629160458 0.839447
1.950000  0.007416655397371  0.005230753008614 0.705271
2.000000 -0.007174857090821 -0.006670775630510 0.929743
2.050000 -0.019728322924132 -0.015327814898542 0.776945
2.100000 -0.028514731176193 -0.019866283288698 0.696702
2.150000 -0.032694951995562 -0.020040363459713 0.61295
2.200000 -0.032104885630612 -0.016118854047468 0.502069
2.250000 -0.027037525692698 -0.008643434630274 0.319683
2.300000 -0.018076267561840  0.001647074626951 -0.0911181
2.350000 -0.005969371182870  0.014021776257844 -2.34895
2.400000  0.008462744008673  0.027770466489976 3.2815
2.450000  0.024394210987331  0.042197978120390 1.72984
2.500000  0.041040031513552  0.056690541049396 1.38135
2.550000  0.057686558357177  0.070669578830938 1.22506
2.600000  0.073709841898763  0.083673694198487 1.13518
2.650000  0.088584823247413  0.095326631709517 1.07611
2.700000  0.101887763061603  0.105334176504278 1.03383
2.750000  0.113293806146426  0.113483108210955 1.00167
2.800000  0.122571179954584  0.119634907887228 0.976044
2.850000  0.129573196178512  0.123721436510337 0.954838
2.900000  0.134228956677142  0.125729788656600 0.936682
2.950000  0.136533447863896  0.125698012538993 0.920639
3.000000  0.136537532796526  0.123706383641263 0.906025
3.050000  0.134338210301656  0.119717390798108 0.891164
3.100000  0.130069399429772  0.113860690570863 0.875384
3.150000  0.123893420237590  0.106302040165145 0.858012
3.200000  0.115993274031071  0.097282395579475 0.83869
3.250000  0.106565774174654  0.087034132230995 0.816717
3.300000  0.095815539378345  0.075773065378754 0.790822
3.350000  0.083949832516738  0.063739678134266 0.759259
3.400000  0.071174207442400  0.051028576285664 0.716953
3.450000  0.057688912219343  0.037823799617655 0.655651
3.500000  0.043685988312429  0.024296613250824 0.556165
3.550000  0.029347000371370  0.010638879647943 0.36252
3.600000  0.014841329402162 -0.002970508230420 -0.200151
3.650000  0.000324962560893 -0.016403702020477 -50.4787
3.700000 -0.014060285080676 -0.029543534574461 2.1012
3.750000 -0.028187178154043 -0.042322380114287 1.50148
3.800000 -0.041943155270298 -0.054667795886550 1.30338
3.850000 -0.055230162661291 -0.066462523477591 1.20337
3.900000 -0.067964275083521 -0.077374520733573 1.13846
3.950000 -0.080075147011073 -0.086319653145583 1.07798
4.000000 -0.091446623655272 -0.092107351818043 1.00723
4.050000 -0.100811528219298 -0.093874518465323 0.931188
4.100000 -0.106449511036422 -0.091326103545107 0.857929
4.150000 -0.107529092072272 -0.084706958474664 0.787759
4.200000 -0.103892873169700 -0.074564707736967 0.717708
4.250000 -0.095839663628939 -0.061653658065422 0.6433
4.300000 -0.083957849651056 -0.046709920906175 0.55635
4.350000 -0.068999916579559 -0.030433986722925 0.441073
4.400000 -0.051789801423257 -0.013515671730102 0.260972
4.450000 -0.033156236498767  0.003450882520421 -0.104079
4.500000 -0.013886486384754  0.019877466382755 -1.43143
4.550000  0.005304083303860  0.035299498527483 6.65516
4.600000  0.023790303935295  0.049329550729748 2.07351
4.650000  0.041046350864674  0.061669663633457 1.50244
4.700000  0.056648128633415  0.072109504838804 1.27294
4.750000  0.070270794438860  0.080498913517315 1.14555
4.800000  0.081682917982392  0.086774473916608 1.06233
4.850000  0.090738446847173  0.090910470375091 1.0019
4.900000  0.097367378598336  0.092941795843648 0.954548
4.950000  0.101565823669605  0.092922585887984 0.9149
5.000000  0.103385968204633  0.090790426001510 0.87817
5.050000  0.102926306105864  0.086636986102920 0.841738
5.100000  0.100322398500681  0.080630078087374 0.80371
5.150000  0.095738331531337  0.073030664695226 0.762815
5.200000  0.089358975508535  0.064104167298494 0.717378
5.250000  0.081383096438939  0.054086796416705 0.664595
5.300000  0.072017331742188  0.043221814264773 0.600159
5.350000  0.061471013115502  0.031600975091818 0.514079
5.400000  0.049951798913176  0.019395162123460 0.388278
5.450000  0.037662064373031  0.006790205243996 0.180293
5.500000  0.024795989134062 -0.006008819283184 -0.24233
5.550000  0.011537276594758 -0.018795845426566 -1.62914
5.600000 -0.001942562181373 -0.031434641807673 16.1821
5.650000 -0.015485426861403 -0.043804352773731 2.82875
5.700000 -0.028947413270202 -0.055853054179590 1.92947
5.750000 -0.042199227282042 -0.067526027383420 1.60017
5.800000 -0.055126284522338 -0.078679588932957 1.42726
5.850000 -0.067628548656197 -0.088911333020707 1.3147
5.900000 -0.079620156227279 -0.097202780147738 1.22083
5.950000 -0.091028871135205 -0.102417648928414 1.12511
6.000000 -0.101736698347533 -0.103702448989835 1.01932
6.050000 -0.110474673309342 -0.100720901694408 0.91171
6.100000 -0.115520712750386 -0.093686958132145 0.810997
6.150000 -0.116041658418201 -0.083140834016078 0.716474
6.200000 -0.111878490160442 -0.069840515267588 0.624253
6.250000 -0.103328451990671 -0.054524232669207 0.527679
6.300000 -0.090978421704180 -0.037884964624341 0.416417
6.350000 -0.075579433014361 -0.020598863311313 0.272546
6.400000 -0.057954027725652 -0.003240515871835 0.0559153
6.450000 -0.038929598811764  0.013605931286903 -0.349501
6.500000 -0.019292126619133  0.029471967047421 -1.52767
6.550000  0.000244253270647  0.043961033528059 179.981
6.600000  0.019055549109685  0.056769010700171 2.97913
6.650000  0.036617061153420  0.067690337397414 1.8486
6.700000  0.052505768122990  0.076569553188643 1.45831
6.750000  0.066397852017396  0.083346079288651 1.25525
6.800000  0.078062859367933  0.087984281788522 1.1271
6.850000  0.087355668071728  0.090504485449769 1.03605
6.900000  0.094207160984435  0.090933575061391 0.965251
6.950000  0.098614290324620  0.089194058278270 0.904474
7.000000  0.100630042047920  0.085347639548234 0.848133
7.050000  0.100353669434746  0.079557092342600 0.792767
7.100000  0.097921454093292  0.072097485700282 0.736279
7.150000  0.093498165277377  0.063265084554034 0.676645
7.200000  0.087269320552819  0.053317276636956 0.610951
7.250000  0.079434298817363  0.042497531524053 0.535002
7.300000  0.070200317485163  0.030898376066456 0.440146
7.350000  0.059777256790033  0.018676496480838 0.312435
7.400000  0.048373293571493  0.006023226969590 0.124516
7.450000  0.036191292872991 -0.006848248828933 -0.189224
7.500000  0.023425896794305 -0.019709105422774 -0.841338
7.550000  0.010261245145881 -0.032409924945772 -3.15848
7.600000 -0.003130739389746 -0.044823558337030 14.3172
7.650000 -0.016591568438717 -0.056906815207926 3.42986
7.700000 -0.029976972190017 -0.068619186038166 2.28906
7.750000 -0.043157312156130 -0.079801454395892 1.84908
7.800000 -0.056017679786112 -0.090015439881737 1.60691
7.850000 -0.068457733707620 -0.098285416463510 1.43571
7.900000 -0.080391323561126 -0.103519309396172 1.28769
7.950000 -0.091745943514096 -0.104870252919447 1.14305
8.000000 -0.102403345050549 -0.101974967801312 0.995817
8.050000 -0.111094325498301 -0.095021047033110 0.855319
8.100000 -0.116096577993042 -0.084540329362687 0.72819
8.150000 -0.116576734406700 -0.071290144126977 0.61153
8.200000 -0.112375577662376 -0.056012637067878 0.498441
8.250000 -0.103790167069032 -0.039397981813214 0.379593
8.300000 -0.091407207241420 -0.022109924542148 0.241884
8.350000 -0.075977569574636 -0.004708809602153 0.0619763
8.400000 -0.058323643788172  0.012228953389346 -0.209674
8.450000 -0.039272680407017  0.028228893581939 -0.718792
8.500000 -0.019610526398568  0.042885701443087 -2.18687
8.550000 -0.000051192497934  0.055885639771607 -1091.68
8.600000  0.018781446369811  0.067024861501818 3.56867
8.650000  0.036362799741056  0.076147396252810 2.0941
8.700000  0.052269948531871  0.083195914571245 1.59166
8.750000  0.066179170281219  0.088127336634778 1.33165
8.800000  0.077860100812705  0.090940287867256 1.168
8.850000  0.087167701452801  0.091630674145454 1.0512
8.900000  0.094032932986647  0.090105711807778 0.958236
8.950000  0.098452820404958  0.086404244081837 0.877621
9.000000  0.100480417601154  0.080681288052570 0.802955
9.050000  0.100215041263408  0.073221862768281 0.730647
9.100000  0.097793032164317  0.064348995317978 0.658012
9.150000  0.093379214748614  0.054341305866126 0.581942
9.200000  0.087159158053494  0.043444298725608 0.498448
9.250000  0.079332288967382  0.031754436785798 0.400271
9.300000  0.070105869638969  0.019417924051159 0.27698
9.350000  0.059689821991469  0.006627228254213 0.111028
9.400000  0.048292361706868 -0.006399638858001 -0.132519
9.450000  0.036116390010245 -0.019417521564632 -0.537637
9.500000  0.023356582696836 -0.032264336170801 -1.38138
9.550000  0.010197110950233 -0.044807920003952 -4.39418
9.600000 -0.003190073342517 -0.057006749240554 17.87
9.650000 -0.016646454627627 -0.068825751581929 4.13456
9.700000 -0.030027737803722 -0.080091723097824 2.66726
9.750000 -0.043204260856034 -0.090349782353949 2.09122
9.800000 -0.056061093351040 -0.098660279792171 1.75987
9.850000 -0.068497873567621 -0.103966591272006 1.51781
9.900000 -0.080428432227525 -0.105427937591086 1.31083
9.950000 -0.091780245912482 -0.102659240923805 1.11853
10.000000 -0.102435049762985 -0.095825866913958 0.935479
10.050000 -0.111123625920667 -0.085450951482193 0.768972
10.100000 -0.116123653413055 -0.072288933055410 0.622517
10.150000 -0.116601751007820 -0.057084314013411 0.489567
10.200000 -0.112398689458478 -0.040524507811535 0.360543
10.250000 -0.103811516774431 -0.023260584494881 0.224066
10.300000 -0.091426927080541 -0.005841684342921 0.0638946
10.350000 -0.075995782035353  0.011164702863168 -0.146912
10.400000 -0.058340462322596  0.027278084540053 -0.467567
10.450000 -0.039288210083251  0.042084478505793 -1.07117
10.500000 -0.019624864506749  0.055259285933071 -2.81578
10.550000 -0.000064429113638  0.066596355505224 -1033.64
10.600000  0.018769227861879  0.075940665143330 4.04602
10.650000  0.036351522160406  0.083238693930075 2.28983
10.700000  0.052259540450066  0.088444490001134 1.69241
10.750000  0.066169565601832  0.091534651358259 1.38333
10.800000  0.077851238381202  0.092473972969052 1.18783
10.850000  0.087159524694268  0.091151987990127 1.04581
10.900000  0.094025389569445  0.087588322256171 0.931539
10.950000  0.098445861928506  0.081930386148010 0.832238
11.000000  0.100473999306150  0.074470774086859 0.741194
11.050000  0.100209121762931  0.065555498467031 0.654187
11.100000  0.097787573194344  0.055482340852846 0.567376
11.150000  0.093374180936594  0.044500453128684 0.476582
11.200000  0.087154516703692  0.032711266795460 0.375325
11.250000  0.079328009861836  0.020253943317255 0.255319
11.300000  0.070101924852925  0.007321463208957 0.10444
11.350000  0.059686185722292 -0.005862574095327 -0.0982233
11.400000  0.048289010115453 -0.019039461378099 -0.394281
11.450000  0.036113301074052 -0.032035232334762 -0.887076
11.500000  0.023353736073703 -0.044715693469279 -1.91471
11.550000  0.010194487852203 -0.057040223968991 -5.5952
11.600000 -0.003192490266072 -0.068974313653608 21.6052
11.650000 -0.016648681398258 -0.080330602471200 4.82504
11.700000 -0.030029789214152 -0.090644197209491 3.01848
11.750000 -0.043206150562984 -0.099007103130340 2.2915
11.800000 -0.056062833961167 -0.104392443564269 1.86206
11.850000 -0.068499476717068 -0.105964962972012 1.54695
11.900000 -0.080429908655552 -0.103322000581699 1.28462
11.950000 -0.091781605529603 -0.096608501445544 1.05259
12.000000 -0.102436301714016 -0.086339407954399 0.842859
12.050000 -0.111124778643062 -0.073266622112198 0.659318
12.100000 -0.116124714690864 -0.058137364532584 0.500646
12.150000 -0.116602728021600 -0.041635405147023 0.357071
12.200000 -0.112399588831452 -0.024398349983227 0.217068
12.250000 -0.103812344615176 -0.006964767703713 0.06709
12.300000 -0.091427689022448  0.010106993982154 -0.110546
12.350000 -0.075996483273118  0.026331327268394 -0.346481
12.400000 -0.058341107645941  0.041286251030856 -0.70767
12.450000 -0.039288803908099  0.054637098692660 -1.39065
12.500000 -0.019625410904033  0.066173464222317 -3.37183
12.550000 -0.000064931835918  0.075740591180005 -1166.46
12.600000  0.018768765355819  0.083286404908257 4.4375
12.650000  0.036351096682839  0.088762817229545 2.44182
12.700000  0.052259149063328  0.092126297036471 1.76287
12.750000  0.066169205598941  0.093312771503902 1.41021
12.800000  0.077850907267951  0.092192841071209 1.18422
12.850000  0.087159220172694  0.088768110295898 1.01846
12.900000  0.094025109522564  0.083179085377137 0.884648
12.950000  0.098445604406220  0.075725081984658 0.769207
13.000000  0.100473762512236  0.066772871055734 0.66458
13.050000  0.100208904043033  0.056638072743814 0.5652
13.100000  0.097787373024892  0.045574434693831 0.466056
13.150000  0.093373996914571  0.033687945319435 0.360785
13.200000  0.087154347537201  0.021111339802601 0.242229
13.250000  0.079327854361389  0.008036945814890 0.101313
13.300000  0.070101781923411 -0.005305038804616 -0.0756762
13.350000  0.059686054355564 -0.018642387864622 -0.312341
13.400000  0.048288889383494 -0.031787870730778 -0.658285
13.450000  0.036113190122668 -0.044605604885138 -1.23516
13.500000  0.023353634116710 -0.057056136272385 -2.44314
13.550000  0.010194394166067 -0.069105171145327 -6.77874
13.600000 -0.003192576347182 -0.080554177205990 25.2317
13.650000 -0.016648760487026 -0.090931492965487 5.46176
13.700000 -0.030029861874317 -0.099355867288364 3.30857
13.750000 -0.043206217313213 -0.104825709255013 2.42617
13.800000 -0.056062895278625 -0.106511213409422 1.89985
13.850000 -0.068499533040709 -0.103994789677660 1.51818
13.900000 -0.080429960389149 -0.097401814842433 1.21101
13.950000 -0.091781653044544 -0.087237958855729 0.950495
14.000000 -0.102436345351879 -0.074252551215464 0.724865
14.050000 -0.111124818717983 -0.059196522319265 0.532703
14.100000 -0.116124751491726 -0.042750481831840 0.368143
14.150000 -0.116602761814044 -0.025538859849530 0.219024
14.200000 -0.112399619859731 -0.008089827832060 0.0719738
14.250000 -0.103812373103860  0.009047050450731 -0.0871481
14.300000 -0.091427715178001  0.025381231108505 -0.27761
14.350000 -0.075996507285343  0.040482604546537 -0.53269
14.400000 -0.058341129689314  0.054007475155159 -0.925719
14.450000 -0.039288824142997  0.065741638757373 -1.67329
14.500000 -0.019625429477862  0.075531660722897 -3.84866
14.550000 -0.000064948884158  0.083325371897938 -1282.94
14.600000  0.018768749708663  0.089071202900192 4.74572
14.650000  0.036351082322349  0.092706086790191 2.5503
14.700000  0.052259135884366  0.094139359050240 1.8014
14.750000  0.066169193504900  0.093222545009201 1.40885
14.800000  0.077850896170069  0.089939426989508 1.15528
14.850000  0.087159209989423  0.084423570470038 0.968613
14.900000  0.094025100178985  0.076980007756330 0.818718
14.950000  0.098445595833510  0.067994655415130 0.690683
15.000000  0.100473754647177  0.057800913988178 0.575284
15.050000  0.100208896827557  0.046659047707731 0.465618
15.100000  0.097787366405663  0.034679794773967 0.354645
15.150000  0.093373990842607  0.021989067295553 0.235495
15.200000  0.087154341967516  0.008775964889621 0.100695
15.250000  0.079327849252673 -0.004723776360502 -0.0595475
15.300000  0.070101777237730 -0.018224812930321 -0.259976
15.350000  0.059686050058084 -0.031524806813668 -0.528177
15.400000  0.048288885442235 -0.044484042002832 -0.921207
15.450000  0.036113186508265 -0.057062733181778 -1.58011
15.500000  0.023353630802207 -0.069226513900841 -2.96427
15.550000  0.010194391126716 -0.080769516041657 -7.92294
15.600000 -0.003192579134099 -0.091216290121410 28.5713
15.650000 -0.016648763042361 -0.099708079319109 5.98892
15.700000 -0.030029864217212 -0.105264778244906 3.50534
15.750000 -0.043206219461235 -0.107062677025932 2.47795
15.800000 -0.056062897247898 -0.104672406595473 1.86705
15.850000 -0.068499534846029 -0.098201025882373 1.4336
15.900000 -0.080429962044097 -0.088143998191848 1.09591
15.950000 -0.091781654561580 -0.075246981355945 0.819848
16.000000 -0.102436346742437 -0.060264431454989 0.588311
16.050000 -0.111124819992553 -0.043873993744138 0.394817
16.100000 -0.116124752659935 -0.026687466036748 0.229817
16.150000 -0.116602762884723 -0.009222367163001 0.0790922
16.200000 -0.112399620840983  0.007980534577924 -0.0710014
16.250000 -0.103812374003117  0.024425827555859 -0.235288
16.300000 -0.091427716002082  0.039674163067926 -0.43394
16.350000 -0.075996508040501  0.053372393695481 -0.702301
16.400000 -0.058341130381286  0.065302623682836 -1.11932
16.450000 -0.039288824777045  0.075314185351147 -1.91694
16.500000 -0.019625430058811  0.083354901757511 -4.24729
16.550000 -0.000064949416435  0.089368920477670 -1375.98
16.600000  0.018768749221001  0.093273879007849 4.96964
16.650000  0.036351081875579  0.094953812162018 2.61213
16.700000  0.052259135475074  0.094241519669351 1.80335
16.750000  0.066169193129958  0.091103294538577 1.37682
16.800000  0.077850895826605  0.085665556742654 1.10038
16.850000  0.087159209674807  0.078237581928407 0.89764
16.900000  0.094025099890806  0.069222213666236 0.73621
16.950000  0.098445595569556  0.058970337944400 0.599014
17.000000  0.100473754405420  0.047750859268397 0.475257
17.050000  0.100208896606139  0.035680897050914 0.356065
17.100000  0.097787366202880  0.022880571201865 0.233983
17.150000  0.093373990656898  0.009534095361387 0.102107
17.200000  0.087154341797449 -0.004119446480801 -0.0472661
17.250000  0.079327849096936 -0.017783576835171 -0.224178
17.300000  0.070101777095121 -0.031240670307365 -0.445647
17.350000  0.059686049927501 -0.044345218395343 -0.742975
17.400000  0.048288885322668 -0.057055165774964 -1.18154
17.450000  0.036113186398789 -0.069335463355438 -1.91995
17.500000  0.023353630701973 -0.080975941618853 -3.46738
17.550000  0.010194391034948 -0.091499653980146 -8.97549
17.600000 -0.003192579218114 -0.100066520079528 31.3435
17.650000 -0.016648763119276 -0.105713856575622 6.34965
17.700000 -0.030029864287623 -0.107623760403995 3.58389
17.750000 -0.043206219525691 -0.105357911571716 2.43849
17.800000 -0.056062897306899 -0.099007131149783 1.766
17.850000 -0.068499534900037 -0.089056767877469 1.30011
17.900000 -0.080429962093531 -0.076248113803631 0.948006
17.950000 -0.091781654606827 -0.061338652223737 0.668311
18.000000 -0.102436346783850 -0.045003342023249 0.43933
18.050000 -0.111124820030456 -0.027842189490691 0.250549
18.100000 -0.116124752694624 -0.010361778696760 0.0892297
18.150000 -0.116602762916470  0.006906626628421 -0.0592321
18.200000 -0.112399620870035  0.023463684877923 -0.208752
18.250000 -0.103812374029703  0.038860153216305 -0.374331
18.300000 -0.091427716026411  0.052732290372010 -0.576765
18.350000 -0.075996508062763  0.064857611506252 -0.853429
18.400000 -0.058341130401656  0.075088846642163 -1.28707
18.450000 -0.039288824795684  0.083374447253977 -2.12209
18.500000 -0.019625430075865  0.089654393751365 -4.56828
18.550000 -0.000064949432038  0.093827754372304 -1444.63
18.600000  0.018768749206725  0.095754063057031 5.10178
18.650000  0.036351081862518  0.095247562735076 2.62021
18.700000  0.052259135463125  0.092257625551633 1.76539
18.750000  0.066169193119026  0.086903741714103 1.31336
18.800000  0.077850895816605  0.079498258876041 1.02116
18.850000  0.087159209665660  0.070458455156239 0.808388
18.900000  0.094025099882438  0.060151464001803 0.639738
18.950000  0.098445595561902  0.048855532559229 0.496269
19.000000  0.100473754398419  0.036695197289294 0.365222
19.050000  0.100208896599735  0.023786442692138 0.237369
19.100000  0.097787366197023  0.010308692821401 0.105419
19.150000  0.093373990651541 -0.003496611169549 -0.0374474
19.200000  0.087154341792550 -0.017323447413382 -0.198767
19.250000  0.079327849092455 -0.030939348231111 -0.390019
19.300000  0.070101777091022 -0.044191642886886 -0.630393
19.350000  0.059686049923753 -0.057034449675149 -0.955574
19.400000  0.048288885319240 -0.069431675868751 -1.43784
19.450000  0.036113186395655 -0.081171565548567 -2.2477
19.500000  0.023353630699107 -0.091778022768540 -3.92993
19.550000  0.010194391032326 -0.100427034214096 -9.8512
19.600000 -0.003192579220510 -0.106169828036031 33.2552
19.650000 -0.016648763121467 -0.108193129036685 6.49857
19.700000 -0.030029864289626 -0.106051230489683 3.53153
19.750000 -0.043206219527523 -0.099820574649132 2.31033
19.800000 -0.056062897308575 -0.089977023934309 1.60493
19.850000 -0.068499534901568 -0.077257044745945 1.12785
19.900000 -0.080429962094931 -0.062420320103940 0.776083
19.950000 -0.091781654608106 -0.046139239671914 0.502707
