0.000000  0.000058708691043  0.000114119319369 1.94382
0.050000  0.001397978033584  0.001416148389372 1.013
0.100000  0.005704107297886  0.005438007849207 0.95335
0.150000  0.013784910217552  0.012917461596314 0.937073
0.200000  0.025783590234212  0.023980134971261 0.930054
0.250000  0.041395698152761  0.038329973766518 0.925941
0.300000  0.060034856479254  0.055418080479003 0.923098
0.350000  0.080957353521531  0.074535598280599 0.920677
0.400000  0.103353939313936  0.094950478379439 0.918692
0.450000  0.126415669900266  0.115944601955428 0.91717
0.500000  0.149379403262958  0.136831570058613 0.916
0.550000  0.171557512236712  0.156991900132515 0.915098
0.600000  0.192355515470098  0.175886891965184 0.914384
0.650000  0.211280609894948  0.193072159667376 0.913819
0.700000  0.227943494197110  0.208210994460041 0.913432
0.750000  0.242055382832307  0.221041938786116 0.913187
0.800000  0.253421707505383  0.231388347387400 0.913057
0.850000  0.261933673550549  0.239157697838223 0.913047
0.900000  0.267558570286890  0.244310542771727 0.913111
0.950000  0.270329516992232  0.246882003053051 0.913263
1.000000  0.270335151028771  0.246944001420551 0.913474
1.050000  0.267709624599691  0.244636601402189 0.913813
1.100000  0.262623165497653  0.240007477474176 0.913885
1.150000  0.255273369880676  0.233252301483082 0.913735
1.200000  0.245877327265623  0.224559056025695 0.913297
1.250000  0.234664625956914  0.214176047557093 0.91269
1.300000  0.221871248018386  0.202334607197296 0.911946
1.350000  0.207734334145820  0.189264006025846 0.911087
1.400000  0.192487778330313  0.175218039004278 0.910281
1.450000  0.176358598302848  0.160343328237155 0.909189
1.500000  0.159564019005692  0.144853073147306 0.907805
1.550000  0.142309201589287  0.128927384559542 0.905967
1.600000  0.124785548739687  0.112767218679850 0.903688
1.650000  0.107169517735642  0.096548331459749 0.900894
1.700000  0.089621874898555  0.080418213411803 0.897306
1.750000  0.072287328538747  0.064508159363147 0.892385
1.800000  0.055294481725684  0.048923807364108 0.884786
1.850000  0.038756050910171  0.033762318928340 0.87115
1.900000  0.022769301364269  0.019125029827041 0.839948
1.950000  0.007416655397371  0.005245575777268 0.70727
2.000000 -0.007174857090821 -0.006655147830991 0.927565
2.050000 -0.019728322924132 -0.015316921479033 0.776392
2.100000 -0.028514731176193 -0.019870820085088 0.696862
2.150000 -0.032694951995562 -0.020075684467633 0.61403
2.200000 -0.032104885630612 -0.016196307249920 0.504481
2.250000 -0.027037525692698 -0.008766778635502 0.324245
2.300000 -0.018076267561840  0.001493744816525 -0.0826357
2.350000 -0.005969371182870  0.013857253886732 -2.32139
2.400000  0.008462744008673  0.027613860028602 3.26299
2.450000  0.024394210987331  0.042060405640133 1.7242
2.500000  0.041040031513552  0.056573943708051 1.37851
2.550000  0.057686558357177  0.070572936026540 1.22339
2.600000  0.073709841898763  0.083591678793179 1.13406
2.650000  0.088584823247413  0.095255601457557 1.0753
2.700000  0.101887763061603  0.105274508548752 1.03324
2.750000  0.113293806146426  0.113436101886262 1.00126
2.800000  0.122571179954584  0.119601978913972 0.975776
2.850000  0.129573196178512  0.123700461145318 0.954676
2.900000  0.134228956677142  0.125718697938203 0.936599
2.950000  0.136533447863896  0.125694554446840 0.920614
3.000000  0.136537532796526  0.123710996950445 0.906059
3.050000  0.134338210301656  0.119732701349219 0.891278
3.100000  0.130069399429772  0.113886242223063 0.875581
3.150000  0.123893420237590  0.106337923029179 0.858302
3.200000  0.115993274031071  0.097327074636142 0.839075
3.250000  0.106565774174654  0.087084943111372 0.817194
3.300000  0.095815539378345  0.075826092405778 0.791376
3.350000  0.083949832516738  0.063791222257913 0.759873
3.400000  0.071174207442400  0.051082414222975 0.71771
3.450000  0.057688912219343  0.037879585515558 0.656618
3.500000  0.043685988312429  0.024355128973439 0.557504
3.550000  0.029347000371370  0.010700496765640 0.36462
3.600000  0.014841329402162 -0.002907022446950 -0.195873
3.650000  0.000324962560893 -0.016337209490050 -50.2741
3.700000 -0.014060285080676 -0.029477092010630 2.09648
3.750000 -0.028187178154043 -0.042256374706725 1.49913
3.800000 -0.041943155270298 -0.054602667322318 1.30183
3.850000 -0.055230162661291 -0.066397909045316 1.2022
3.900000 -0.067964275083521 -0.077309915740601 1.13751
3.950000 -0.080075147011073 -0.086259054240936 1.07723
4.000000 -0.091446623655272 -0.092058170022727 1.00669
4.050000 -0.100811528219298 -0.093851757626785 0.930963
4.100000 -0.106449511036422 -0.091350431155095 0.858157
4.150000 -0.107529092072272 -0.084794229879724 0.78857
4.200000 -0.103892873169700 -0.074719662493373 0.719199
4.250000 -0.095839663628939 -0.061855475035977 0.645406
4.300000 -0.083957849651056 -0.046930110887524 0.558972
4.350000 -0.068999916579559 -0.030643300988119 0.444106
4.400000 -0.051789801423257 -0.013696238988129 0.264458
4.450000 -0.033156236498767  0.003302761120696 -0.0996121
4.500000 -0.013886486384754  0.019760467894608 -1.423
4.550000  0.005304083303860  0.035205358801334 6.63741
4.600000  0.023790303935295  0.049253011745976 2.0703
4.650000  0.041046350864674  0.061610699707877 1.501
4.700000  0.056648128633415  0.072069639909524 1.27223
4.750000  0.070270794438860  0.080480385516856 1.14529
4.800000  0.081682917982392  0.086773538686971 1.06232
4.850000  0.090738446847173  0.090924218001377 1.00205
4.900000  0.097367378598336  0.092966696735448 0.954803
4.950000  0.101565823669605  0.092958851093709 0.915257
5.000000  0.103385968204633  0.090841568599577 0.878664
5.050000  0.102926306105864  0.086702744395443 0.842377
5.100000  0.100322398500681  0.080710844834788 0.804515
5.150000  0.095738331531337  0.073124014330291 0.76379
5.200000  0.089358975508535  0.064205598628750 0.718513
5.250000  0.081383096438939  0.054190237546189 0.665866
5.300000  0.072017331742188  0.043320941247566 0.601535
5.350000  0.061471013115502  0.031698918108396 0.515673
5.400000  0.049951798913176  0.019491874752570 0.390214
5.450000  0.037662064373031  0.006887430613928 0.182874
5.500000  0.024795989134062 -0.005909646104849 -0.238331
5.550000  0.011537276594758 -0.018695872871563 -1.62048
5.600000 -0.001942562181373 -0.031332662574706 16.1296
5.650000 -0.015485426861403 -0.043704984966930 2.82233
5.700000 -0.028947413270202 -0.055757446529115 1.92616
5.750000 -0.042199227282042 -0.067434840377663 1.59801
5.800000 -0.055126284522338 -0.078592083737858 1.42567
5.850000 -0.067628548656197 -0.088826049389615 1.31344
5.900000 -0.079620156227279 -0.097125206041059 1.21986
5.950000 -0.091028871135205 -0.102357537379286 1.12445
6.000000 -0.101736698347533 -0.103679649870228 1.0191
6.050000 -0.110474673309342 -0.100761104984076 0.912074
6.100000 -0.115520712750386 -0.093809349503508 0.812057
6.150000 -0.116041658418201 -0.083350290640426 0.718279
6.200000 -0.111878490160442 -0.070111912531592 0.626679
6.250000 -0.103328451990671 -0.054820701107356 0.530548
6.300000 -0.090978421704180 -0.038167799543530 0.419526
6.350000 -0.075579433014361 -0.020843228013430 0.275779
6.400000 -0.057954027725652 -0.003440613759133 0.059368
6.450000 -0.038929598811764  0.013448553429243 -0.345458
6.500000 -0.019292126619133  0.029346547993673 -1.52117
6.550000  0.000244253270647  0.043860647308267 179.57
6.600000  0.019055549109685  0.056693094130791 2.97515
6.650000  0.036617061153420  0.067640515168470 1.84724
6.700000  0.052505768122990  0.076548929867080 1.45791
6.750000  0.066397852017396  0.083349652969631 1.25531
6.800000  0.078062859367933  0.088008144037172 1.1274
6.850000  0.087355668071728  0.090543887124690 1.0365
6.900000  0.094207160984435  0.090988123005321 0.96583
6.950000  0.098614290324620  0.089268109260003 0.905225
7.000000  0.100630042047920  0.085441438926876 0.849065
7.050000  0.100353669434746  0.079671875880703 0.793911
7.100000  0.097921454093292  0.072230088655057 0.737633
7.150000  0.093498165277377  0.063409210597940 0.678187
7.200000  0.087269320552819  0.053464550113720 0.612639
7.250000  0.079434298817363  0.042638614056101 0.536778
7.300000  0.070200317485163  0.031034738781346 0.442088
7.350000  0.059777256790033  0.018807993206369 0.314635
7.400000  0.048373293571493  0.006152814207875 0.127194
7.450000  0.036191292872991 -0.006717564844188 -0.185613
7.500000  0.023425896794305 -0.019578066162337 -0.835745
7.550000  0.010261245145881 -0.032277442285384 -3.14557
7.600000 -0.003130739389746 -0.044695917239968 14.2765
7.650000 -0.016591568438717 -0.056786436751481 3.42261
7.700000 -0.029976972190017 -0.068507104060911 2.28532
7.750000 -0.043157312156130 -0.079696420214692 1.84665
7.800000 -0.056017679786112 -0.089914486039457 1.60511
7.850000 -0.068457733707620 -0.098194968401597 1.43439
7.900000 -0.080391323561126 -0.103451658260605 1.28685
7.950000 -0.091745943514096 -0.104850572872241 1.14284
8.000000 -0.102403345050549 -0.102034402638497 0.996397
8.050000 -0.111094325498301 -0.095181732278914 0.856765
8.100000 -0.116096577993042 -0.084806720396970 0.730484
8.150000 -0.116576734406700 -0.071632685619299 0.614468
8.200000 -0.112375577662376 -0.056386705802595 0.50177
8.250000 -0.103790167069032 -0.039756238420101 0.383044
8.300000 -0.091407207241420 -0.022420650674690 0.245283
8.350000 -0.075977569574636 -0.004963823900232 0.0653328
8.400000 -0.058323643788172  0.012027852579928 -0.206226
8.450000 -0.039272680407017  0.028068808826963 -0.714716
8.500000 -0.019610526398568  0.042758088402899 -2.18036
8.550000 -0.000051192497934  0.055789381870426 -1089.8
8.600000  0.018781446369811  0.066961613889737 3.56531
8.650000  0.036362799741056  0.076121100050679 2.09338
8.700000  0.052269948531871  0.083200772876507 1.59175
8.750000  0.066179170281219  0.088158461933023 1.33212
8.800000  0.077860100812705  0.090991784810751 1.16866
8.850000  0.087167701452801  0.091701343799990 1.05201
8.900000  0.094032932986647  0.090200676673030 0.959246
8.950000  0.098452820404958  0.086524478312009 0.878842
9.000000  0.100480417601154  0.080829142444555 0.804427
9.050000  0.100215041263408  0.073393607034714 0.732361
9.100000  0.097793032164317  0.064536425916327 0.659929
9.150000  0.093379214748614  0.054533510554914 0.584001
9.200000  0.087159158053494  0.043628622726594 0.500563
9.250000  0.079332288967382  0.031930127622238 0.402486
9.300000  0.070105869638969  0.019584499984209 0.279356
9.350000  0.059689821991469  0.006789041899451 0.113739
9.400000  0.048292361706868 -0.006237579025033 -0.129163
9.450000  0.036116390010245 -0.019255203802695 -0.533143
9.500000  0.023356582696836 -0.032100833873872 -1.37438
9.550000  0.010197110950233 -0.044651161969330 -4.37881
9.600000 -0.003190073342517 -0.056860851484937 17.8243
9.650000 -0.016646454627627 -0.068692447288295 4.12655
9.700000 -0.030027737803722 -0.079969515318744 2.66319
9.750000 -0.043204260856034 -0.090234078287839 2.08855
9.800000 -0.056061093351040 -0.098557808489800 1.75804
9.850000 -0.068497873567621 -0.103891874833873 1.51672
9.900000 -0.080428432227525 -0.105411272227945 1.31062
9.950000 -0.091780245912482 -0.102737580342080 1.11939
10.000000 -0.102435049762985 -0.096024507271423 0.937418
10.050000 -0.111123625920667 -0.085773911031282 0.771878
10.100000 -0.116123653413055 -0.072702114887680 0.626075
10.150000 -0.116601751007820 -0.057535477046586 0.493436
10.200000 -0.112398689458478 -0.040958075325472 0.3644
10.250000 -0.103811516774431 -0.023638107260257 0.227702
10.300000 -0.091426927080541 -0.006152376312526 0.0672928
10.350000 -0.075995782035353  0.010918803634436 -0.143676
10.400000 -0.058340462322596  0.027082131196503 -0.464208
10.450000 -0.039288210083251  0.041928317217352 -1.0672
10.500000 -0.019624864506749  0.055141218207884 -2.80976
10.550000 -0.000064429113638  0.066518034674814 -1032.42
10.600000  0.018769227861879  0.075906774890272 4.04421
10.650000  0.036351522160406  0.083243005563175 2.28995
10.700000  0.052259540450066  0.088481163942272 1.69311
10.750000  0.066169565601832  0.091596672261881 1.38427
10.800000  0.077851238381202  0.092559198324346 1.18892
10.850000  0.087159524694268  0.091266340156499 1.04712
10.900000  0.094025389569445  0.087733912850814 0.933087
10.950000  0.098445861928506  0.082111017730248 0.834073
11.000000  0.100473999306150  0.074682409255263 0.743301
11.050000  0.100209121762931  0.065787847882038 0.656506
11.100000  0.097787573194344  0.055721598066015 0.569823
11.150000  0.093374180936594  0.044730226288365 0.479043
11.200000  0.087154516703692  0.032928116574074 0.377813
11.250000  0.079328009861836  0.020456834815301 0.257877
11.300000  0.070101924852925  0.007516219758730 0.107218
11.350000  0.059686185722292 -0.005668620275089 -0.0949737
11.400000  0.048289010115453 -0.018845296891894 -0.390261
11.450000  0.036113301074052 -0.031840114471268 -0.881673
11.500000  0.023353736073703 -0.044529109939136 -1.90672
11.550000  0.010194487852203 -0.056868112371661 -5.57832
11.600000 -0.003192490266072 -0.068819195638275 21.5566
11.650000 -0.016648681398258 -0.080190897312336 4.81665
11.700000 -0.030029789214152 -0.090513898839391 3.01414
11.750000 -0.043206150562984 -0.098893006695547 2.28886
11.800000 -0.056062833961167 -0.104311131463869 1.86061
11.850000 -0.068499476717068 -0.105951358333726 1.54675
11.900000 -0.080429908655552 -0.103418696291584 1.28582
11.950000 -0.091781605529603 -0.096844127979521 1.05516
12.000000 -0.102436301714016 -0.086717829882612 0.846554
12.050000 -0.111124778643062 -0.073749425159290 0.663663
12.100000 -0.116124714690864 -0.058664870176919 0.505188
12.150000 -0.116602728021600 -0.042144031167899 0.361433
12.200000 -0.112399588831452 -0.024843010699495 0.221024
12.250000 -0.103812344615176 -0.007331937457245 0.0706268
12.300000 -0.091427689022448  0.009815070984760 -0.107353
12.350000 -0.075996483273118  0.026098032131079 -0.343411
12.400000 -0.058341107645941  0.041099924193509 -0.704476
12.450000 -0.039288803908099  0.054495576275654 -1.38705
12.500000 -0.019625410904033  0.066078453395808 -3.36698
12.550000 -0.000064931835918  0.075697439936542 -1165.8
12.600000  0.018768765355819  0.083288678722533 4.43762
12.650000  0.036351096682839  0.088803739280677 2.44295
12.700000  0.052259149063328  0.092197732470192 1.76424
12.750000  0.066169205598941  0.093411481309192 1.41171
12.800000  0.077850907267951  0.092325406299567 1.18593
12.850000  0.087159220172694  0.088938067905635 1.02041
12.900000  0.094025109522564  0.083392022351774 0.886912
12.950000  0.098445604406220  0.075977072615402 0.771767
13.000000  0.100473762512236  0.067051488542246 0.667353
13.050000  0.100208904043033  0.056926245605412 0.568076
13.100000  0.097787373024892  0.045851590963298 0.468891
13.150000  0.093373996914571  0.033947549863187 0.363565
13.200000  0.087154347537201  0.021351686515529 0.244987
13.250000  0.079327854361389  0.008265409681763 0.104193
13.300000  0.070101781923411 -0.005078496237832 -0.0724446
13.350000  0.059686054355564 -0.018415508419981 -0.30854
13.400000  0.048288889383494 -0.031560185099417 -0.65357
13.450000  0.036113190122668 -0.044388236363339 -1.22914
13.500000  0.023353634116710 -0.056857004011689 -2.43461
13.550000  0.010194394166067 -0.068927616938081 -6.76133
13.600000 -0.003192576347182 -0.080396534455729 25.1823
13.650000 -0.016648760487026 -0.090786487447761 5.45305
13.700000 -0.030029861874317 -0.099230264184533 3.30439
13.750000 -0.043206217313213 -0.104738163915949 2.42415
13.800000 -0.056062895278625 -0.106500946963341 1.89967
13.850000 -0.068499533040709 -0.104109722241168 1.51986
13.900000 -0.080429960389149 -0.097673854914046 1.2144
13.950000 -0.091781653044544 -0.087670980577774 0.955212
14.000000 -0.102436345351879 -0.074804112640177 0.73025
14.050000 -0.111124818717983 -0.059799710783143 0.538131
14.100000 -0.116124751491726 -0.043333875878213 0.373167
14.150000 -0.116602761814044 -0.026050771267412 0.223415
14.200000 -0.112399619859731 -0.008513878497586 0.0757465
14.250000 -0.103812373103860  0.008708357441678 -0.0838855
14.300000 -0.091427715178001  0.025109496228302 -0.274638
14.350000 -0.075996507285343  0.040264633457904 -0.529822
14.400000 -0.058341129689314  0.053840770510252 -0.922861
14.450000 -0.039288824142997  0.065628138324984 -1.6704
14.500000 -0.019625429477862  0.075477410226223 -3.8459
14.550000 -0.000064948884158  0.083323900239306 -1282.92
14.600000  0.018768749708663  0.089114787655884 4.74804
14.650000  0.036351082322349  0.092785510081390 2.55248
14.700000  0.052259135884366  0.094250306802428 1.80352
14.750000  0.066169193504900  0.093372205753664 1.41111
14.800000  0.077850896170069  0.090132944849837 1.15776
14.850000  0.087159209989423  0.084668480917978 0.971423
14.900000  0.094025100178985  0.077272852307544 0.821832
14.950000  0.098445595833510  0.068320921469362 0.693997
15.000000  0.100473754647177  0.058139959831309 0.578658
15.050000  0.100208896827557  0.046985672956098 0.468877
15.100000  0.097787366405663  0.034983897766893 0.357755
15.150000  0.093373990842607  0.022268092983410 0.238483
15.200000  0.087154341967516  0.009038879888433 0.103711
15.250000  0.079327849252673 -0.004464085566378 -0.0562739
15.300000  0.070101777237730 -0.017964513370421 -0.256263
15.350000  0.059686050058084 -0.031263703738107 -0.523803
15.400000  0.048288885442235 -0.044235025100073 -0.91605
15.450000  0.036113186508265 -0.056835917366736 -1.57383
15.500000  0.023353630802207 -0.069026100301737 -2.95569
15.550000  0.010194391126716 -0.080593640108556 -7.90568
15.600000 -0.003192579134099 -0.091056416743779 28.5213
15.650000 -0.016648763042361 -0.099570828564646 5.98067
15.700000 -0.030029864217212 -0.105170938055255 3.50221
15.750000 -0.043206219461235 -0.107055629176288 2.47778
15.800000 -0.056062897247898 -0.104805213047340 1.86942
15.850000 -0.068499534846029 -0.098508831434319 1.43809
15.900000 -0.080429962044097 -0.088630765631139 1.10196
15.950000 -0.091781654561580 -0.075866513393918 0.826598
16.000000 -0.102436346742437 -0.060942808599021 0.594933
16.050000 -0.111124819992553 -0.044532106573491 0.40074
16.100000 -0.116124752659935 -0.027267026906728 0.234808
16.150000 -0.116602762884723 -0.009703974158998 0.0832225
16.200000 -0.112399620840983  0.007594158421184 -0.0675639
16.250000 -0.103812374003117  0.024114510528459 -0.232289
16.300000 -0.091427716002082  0.039423102062472 -0.431194
16.350000 -0.075996508040501  0.053178844077779 -0.699754
16.400000 -0.058341130381286  0.065168950325476 -1.11703
16.450000 -0.039288824777045  0.075247228525308 -1.91523
16.500000 -0.019625430058811  0.083348275794710 -4.24695
16.550000 -0.000064949416435  0.089413858870238 -1376.67
16.600000  0.018768749221001  0.093359993276610 4.97423
16.650000  0.036351081875579  0.095075727723041 2.61549
16.700000  0.052259135475074  0.094407071103793 1.80652
16.750000  0.066169193129958  0.091319476878216 1.38009
16.800000  0.077850895826605  0.085941996624785 1.10393
16.850000  0.087159209674807  0.078571550764560 0.901472
16.900000  0.094025099890806  0.069597185655310 0.740198
16.950000  0.098445595569556  0.059361890897303 0.602992
17.000000  0.100473754405420  0.048128842342583 0.479019
17.050000  0.100208896606139  0.036031224638553 0.359561
17.100000  0.097787366202880  0.023199617444031 0.237246
17.150000  0.093373990656898  0.009832364027665 0.105301
17.200000  0.087154341797449 -0.003825937423257 -0.0438984
17.250000  0.079327849096936 -0.017489057508683 -0.220466
17.300000  0.070101777095121 -0.030945101955539 -0.441431
17.350000  0.059686049927501 -0.044063365840793 -0.738252
17.400000  0.048288885322668 -0.056799669825550 -1.17625
17.450000  0.036113186398789 -0.069111613722435 -1.91375
17.500000  0.023353630701973 -0.080781645237214 -3.45906
17.550000  0.010194391034948 -0.091325025445218 -8.95836
17.600000 -0.003192579218114 -0.099917775139944 31.2969
17.650000 -0.016648763119276 -0.105613828010870 6.34364
17.700000 -0.030029864287623 -0.107619873660335 3.58376
17.750000 -0.043206219525691 -0.105508264354668 2.44197
17.800000 -0.056062897306899 -0.099350113238723 1.77212
17.850000 -0.068499534900037 -0.089596471411735 1.30799
17.900000 -0.080429962093531 -0.076934793896540 0.956544
17.950000 -0.091781654606827 -0.062091598070967 0.676514
18.000000 -0.102436346783850 -0.045735936635590 0.446482
18.050000 -0.111124820030456 -0.028489601780745 0.256375
18.100000 -0.116124752694624 -0.010901455070025 0.0938771
18.150000 -0.116602762916470  0.006471774197689 -0.0555028
18.200000 -0.112399620870035  0.023111705441162 -0.205621
18.250000 -0.103812374029703  0.038574528896214 -0.371579
18.300000 -0.091427716026411  0.052510081653602 -0.574334
18.350000 -0.075996508062763  0.064701841065148 -0.851379
18.400000 -0.058341130401656  0.075007342447326 -1.28567
18.450000 -0.039288824795684  0.083361090228229 -2.12175
18.500000 -0.019625430075865  0.089699305444811 -4.57057
18.550000 -0.000064949432038  0.093919248521108 -1446.04
18.600000  0.018768749206725  0.095885690311553 5.10879
18.650000  0.036351081862518  0.095427857055452 2.62517
18.700000  0.052259135463125  0.092495695235568 1.76994
18.750000  0.066169193119026  0.087211456599188 1.31801
18.800000  0.077850895816605  0.079873793861752 1.02598
18.850000  0.087159209665660  0.070883271559477 0.813262
18.900000  0.094025099882438  0.060597121153076 0.644478
18.950000  0.098445595561902  0.049286660953359 0.500649
19.000000  0.100473754398419  0.037093393960141 0.369185
19.050000  0.100208896599735  0.024146819903676 0.240965
19.100000  0.097787366197023  0.010643206295140 0.10884
19.150000  0.093373990651541 -0.003168708888015 -0.0339357
19.200000  0.087154341792550 -0.016994139765853 -0.194989
19.250000  0.079327849092455 -0.030608547366225 -0.385849
19.300000  0.070101777091022 -0.043875935717538 -0.625889
19.350000  0.059686049923753 -0.056749212251396 -0.950795
19.400000  0.048288885319240 -0.069183560346810 -1.4327
19.450000  0.036113186395655 -0.080958366361654 -2.2418
19.500000  0.023353630699107 -0.091588516310922 -3.92181
19.550000  0.010194391032326 -0.100266795584772 -9.83549
19.600000 -0.003192579220510 -0.106063563806088 33.2219
19.650000 -0.016648763121467 -0.108192178274187 6.49851
19.700000 -0.030029864289626 -0.106218690199325 3.5371
19.750000 -0.043206219527523 -0.100198176553399 2.31907
19.800000 -0.056062897308575 -0.090569045161719 1.61549
19.850000 -0.068499534901568 -0.078010318419443 1.13884
19.900000 -0.080429962094931 -0.063247456911395 0.786367
19.950000 -0.091781654608106 -0.046946240034938 0.511499
