0.000000  0.000058708691043  0.000112780464202 1.92102
0.050000  0.001397978033584  0.001399798572476 1.0013
0.100000  0.005704107297886  0.005381283375131 0.943405
0.150000  0.013784910217552  0.012795946518812 0.928258
0.200000  0.025783590234212  0.023777920153988 0.922211
0.250000  0.041395698152761  0.038050892135015 0.919199
0.300000  0.060034856479254  0.055076795347278 0.917414
0.350000  0.080957353521531  0.074175319581893 0.916227
0.400000  0.103353939313936  0.094606275664598 0.915362
0.450000  0.126415669900266  0.115630975809499 0.914689
0.500000  0.149379403262958  0.136553955206248 0.914142
0.550000  0.171557512236712  0.156749489572703 0.913685
0.600000  0.192355515470098  0.175677229096377 0.913294
0.650000  0.211280609894948  0.192889553834264 0.912954
0.700000  0.227943494197110  0.208033167460077 0.912652
0.750000  0.242055382832307  0.220846593691293 0.91238
0.800000  0.253421707505383  0.231154133955846 0.912132
0.850000  0.261933673550549  0.238858055879183 0.911903
0.900000  0.267558570286890  0.243929381130327 0.911686
0.950000  0.270329516992232  0.246399481332686 0.911478
1.000000  0.270335151028771  0.246350152030111 0.911277
1.050000  0.267709624599691  0.243905416147604 0.911082
1.100000  0.262623165497653  0.239218741451799 0.910882
1.150000  0.255273369880676  0.232470882470562 0.910674
1.200000  0.245877327265623  0.223859310285607 0.910451
1.250000  0.234664625956914  0.213594150177797 0.91021
1.300000  0.221871248018386  0.201891504222720 0.909949
1.350000  0.207734334145820  0.188969932264434 0.909671
1.400000  0.192487778330313  0.175046050143382 0.909388
1.450000  0.176358598302848  0.160327686893644 0.9091
1.500000  0.159564019005692  0.145010477857915 0.908792
1.550000  0.142309201589287  0.129277911670750 0.90843
1.600000  0.124785548739687  0.113304131668643 0.907991
1.650000  0.107169517735642  0.097251762752249 0.907457
1.700000  0.089621874898555  0.081267767114005 0.906785
1.750000  0.072287328538747  0.065479263663070 0.905819
1.800000  0.055294481725684  0.049997500304021 0.904204
1.850000  0.038756050910171  0.034919394169653 0.901005
1.900000  0.022769301364269  0.020345047341177 0.89353
1.950000  0.007416655397371  0.006501599084082 0.876621
2.000000 -0.007174857090821 -0.005416990565543 0.754996
2.050000 -0.019728322924132 -0.014168448310588 0.718178
2.100000 -0.028514731176193 -0.018876639383793 0.661996
2.150000 -0.032694951995562 -0.019295625201693 0.590171
2.200000 -0.032104885630612 -0.015641341226684 0.487195
2.250000 -0.027037525692698 -0.008415959506836 0.31127
2.300000 -0.018076267561840  0.001715507277067 -0.0949038
2.350000 -0.005969371182870  0.014012213900476 -2.34735
2.400000  0.008462744008673  0.027724606604431 3.27608
2.450000  0.024394210987331  0.042139783679989 1.72745
2.500000  0.041040031513552  0.056609299577037 1.37937
2.550000  0.057686558357177  0.070565111906075 1.22325
2.600000  0.073709841898763  0.083527111025440 1.13319
2.650000  0.088584823247413  0.095105794603811 1.07361
2.700000  0.101887763061603  0.105001462814788 1.03056
2.750000  0.113293806146426  0.112999113161339 0.997399
2.800000  0.122571179954584  0.118961336566216 0.970549
2.850000  0.129573196178512  0.122820403531715 0.947884
2.900000  0.134228956677142  0.124570366235384 0.928044
2.950000  0.136533447863896  0.124256812911490 0.910083
3.000000  0.136537532796526  0.121966554669186 0.893282
3.050000  0.134338210301656  0.117814645770100 0.877
3.100000  0.130069399429772  0.111944402958084 0.860651
3.150000  0.123893420237590  0.104519149505609 0.843621
3.200000  0.115993274031071  0.095717581494938 0.825199
3.250000  0.106565774174654  0.085727131544299 0.804453
3.300000  0.095815539378345  0.074740809661195 0.780049
3.350000  0.083949832516738  0.062952023826093 0.749877
3.400000  0.071174207442400  0.050545233562006 0.710162
3.450000  0.057688912219343  0.037692308009697 0.653372
3.500000  0.043685988312429  0.024553437323440 0.562044
3.550000  0.029347000371370  0.011280207435756 0.384373
3.600000  0.014841329402162 -0.001983899862439 -0.133674
3.650000  0.000324962560893 -0.015107650225137 -46.4904
3.700000 -0.014060285080676 -0.027986513284609 1.99047
3.750000 -0.028187178154043 -0.040541110300956 1.43828
3.800000 -0.041943155270298 -0.052697856919461 1.25641
3.850000 -0.055230162661291 -0.064344285720575 1.16502
3.900000 -0.067964275083521 -0.075158993322643 1.10586
3.950000 -0.080075147011073 -0.084101309503100 1.05028
4.000000 -0.091446623655272 -0.090007612487188 0.984264
4.050000 -0.100811528219298 -0.092015831352037 0.912751
4.100000 -0.106449511036422 -0.089832426733955 0.843897
4.150000 -0.107529092072272 -0.083627833696255 0.777723
4.200000 -0.103892873169700 -0.073879703969029 0.711114
4.250000 -0.095839663628939 -0.061241058855766 0.638995
4.300000 -0.083957849651056 -0.046450852023504 0.553264
4.350000 -0.068999916579559 -0.030262687340188 0.43859
4.400000 -0.051789801423257 -0.013394846840371 0.258639
4.450000 -0.033156236498767  0.003499178291159 -0.105536
4.500000 -0.013886486384754  0.019845959514654 -1.42916
4.550000  0.005304083303860  0.035158695163117 6.62861
4.600000  0.023790303935295  0.049040403899588 2.06136
4.650000  0.041046350864674  0.061184342015772 1.49062
4.700000  0.056648128633415  0.071369070640906 1.25987
4.750000  0.070270794438860  0.079451087621888 1.13064
4.800000  0.081682917982392  0.085357944174687 1.04499
4.850000  0.090738446847173  0.089081538289383 0.98174
4.900000  0.097367378598336  0.090667819397839 0.931193
4.950000  0.101565823669605  0.090203611464810 0.88813
5.000000  0.103385968204633  0.087802799305683 0.849272
5.050000  0.102926306105864  0.083606511137117 0.812295
5.100000  0.100322398500681  0.077776951902870 0.77527
5.150000  0.095738331531337  0.070492390007516 0.736303
5.200000  0.089358975508535  0.061941402359745 0.693175
5.250000  0.081383096438939  0.052320136078629 0.642887
5.300000  0.072017331742188  0.041826610237116 0.580785
5.350000  0.061471013115502  0.030650503568580 0.498617
5.400000  0.049951798913176  0.018967720930893 0.37972
5.450000  0.037662064373031  0.006940290669964 0.184278
5.500000  0.024795989134062 -0.005278298016914 -0.212869
5.550000  0.011537276594758 -0.017539550503058 -1.52025
5.600000 -0.001942562181373 -0.029706744641737 15.2926
5.650000 -0.015485426861403 -0.041674952231567 2.69124
5.700000 -0.028947413270202 -0.053376719917341 1.84392
5.750000 -0.042199227282042 -0.064753034018869 1.53446
5.800000 -0.055126284522338 -0.075671309684978 1.37269
5.850000 -0.067628548656197 -0.085742533740976 1.26785
5.900000 -0.079620156227279 -0.094005779853244 1.18068
5.950000 -0.091028871135205 -0.099356343286671 1.09148
6.000000 -0.101736698347533 -0.100948398986733 0.992252
6.050000 -0.110474673309342 -0.098444116066469 0.891101
6.100000 -0.115520712750386 -0.091965784254858 0.796098
6.150000 -0.116041658418201 -0.081955876414299 0.706263
6.200000 -0.111878490160442 -0.069047093710105 0.617161
6.250000 -0.103328451990671 -0.053968584151504 0.522301
6.300000 -0.090978421704180 -0.037471897395341 0.411877
6.350000 -0.075579433014361 -0.020276571313871 0.268282
6.400000 -0.057954027725652 -0.003037583335425 0.0524137
6.450000 -0.038929598811764  0.013670034316342 -0.351148
6.500000 -0.019292126619133  0.029356292965293 -1.52167
6.550000  0.000244253270647  0.043619104131247 178.581
6.600000  0.019055549109685  0.056146029197041 2.94644
6.650000  0.036617061153420  0.066710518939317 1.82184
6.700000  0.052505768122990  0.075164417906141 1.43155
6.750000  0.066397852017396  0.081430959936257 1.22641
6.800000  0.078062859367933  0.085498748892424 1.09526
6.850000  0.087355668071728  0.087411959744012 1.00064
6.900000  0.094207160984435  0.087256303171817 0.926217
6.950000  0.098614290324620  0.085145215263133 0.863417
7.000000  0.100630042047920  0.081218926370114 0.807104
7.050000  0.100353669434746  0.075639703288847 0.753731
7.100000  0.097921454093292  0.068585844097882 0.700417
7.150000  0.093498165277377  0.060245632765215 0.644351
7.200000  0.087269320552819  0.050815500788751 0.582284
7.250000  0.079434298817363  0.040495590468267 0.5098
7.300000  0.070200317485163  0.029478956704555 0.419926
7.350000  0.059777256790033  0.017943636385674 0.300175
7.400000  0.048373293571493  0.006051359056130 0.125097
7.450000  0.036191292872991 -0.006045428637923 -0.167041
7.500000  0.023425896794305 -0.018196892393562 -0.776785
7.550000  0.010261245145881 -0.030261986066120 -2.94915
7.600000 -0.003130739389746 -0.042132092433305 13.4576
7.650000 -0.016591568438717 -0.053744679797159 3.23928
7.700000 -0.029976972190017 -0.065050262219225 2.17001
7.750000 -0.043157312156130 -0.075906834136314 1.75884
7.800000 -0.056017679786112 -0.085893027816305 1.53332
7.850000 -0.068457733707620 -0.094103529752590 1.37462
7.900000 -0.080391323561126 -0.099484099302763 1.2375
7.950000 -0.091745943514096 -0.101203381008657 1.10308
8.000000 -0.102403345050549 -0.098891933527722 0.96571
8.050000 -0.111094325498301 -0.092628642363022 0.833784
8.100000 -0.116096577993042 -0.082822443545681 0.713393
8.150000 -0.116576734406700 -0.070085305670679 0.601195
8.200000 -0.112375577662376 -0.055136172324455 0.490642
8.250000 -0.103790167069032 -0.038724558968213 0.373104
8.300000 -0.091407207241420 -0.021572674158762 0.236006
8.350000 -0.075977569574636 -0.004339262451911 0.0571124
8.400000 -0.058323643788172  0.012397357605238 -0.212561
8.450000 -0.039272680407017  0.028143738128171 -0.716624
8.500000 -0.019610526398568  0.042492727381989 -2.16683
8.550000 -0.000051192497934  0.055125432798753 -1076.83
8.600000  0.018781446369811  0.065809051096704 3.50394
8.650000  0.036362799741056  0.074390461175731 2.04578
8.700000  0.052269948531871  0.080789089806233 1.54561
8.750000  0.066179170281219  0.084990108092635 1.28424
8.800000  0.077860100812705  0.087034312043894 1.11783
8.850000  0.087167701452801  0.087003828519777 0.99812
8.900000  0.094032932986647  0.085009163001514 0.904036
8.950000  0.098452820404958  0.081188012173632 0.824639
9.000000  0.100480417601154  0.075702036653364 0.753401
9.050000  0.100215041263408  0.068730278826686 0.685828
9.100000  0.097793032164317  0.060461760650003 0.618262
9.150000  0.093379214748614  0.051093035448034 0.547156
9.200000  0.087159158053494  0.040825169020449 0.468398
9.250000  0.079332288967382  0.029854281821072 0.376319
9.300000  0.070105869638969  0.018361750096502 0.261915
9.350000  0.059689821991469  0.006510049666804 0.109065
9.400000  0.048292361706868 -0.005550441643111 -0.114934
9.450000  0.036116390010245 -0.017672267495882 -0.489314
9.500000  0.023356582696836 -0.029715367023256 -1.27225
9.550000  0.010197110950233 -0.041569700544773 -4.07662
9.600000 -0.003190073342517 -0.053171677836559 16.6679
9.650000 -0.016646454627627 -0.064471328597618 3.87298
9.700000 -0.030027737803722 -0.075317257840585 2.50826
9.750000 -0.043204260856034 -0.085276121832945 1.97379
9.800000 -0.056061093351040 -0.093490097655045 1.66765
9.850000 -0.068497873567621 -0.098949072978065 1.44456
9.900000 -0.080428432227525 -0.100835218930658 1.25373
9.950000 -0.091780245912482 -0.098752621605643 1.07597
10.000000 -0.102435049762985 -0.092741250233969 0.905366
10.050000 -0.111123625920667 -0.083176839275206 0.748507
10.100000 -0.116123653413055 -0.070649897493855 0.608402
10.150000 -0.116601751007820 -0.055867397367679 0.47913
10.200000 -0.112398689458478 -0.039574852076394 0.352094
10.250000 -0.103811516774431 -0.022496231071858 0.216703
10.300000 -0.091426927080541 -0.005294734115057 0.0579122
10.350000 -0.075995782035353  0.011446585105184 -0.150621
10.400000 -0.058340462322596  0.027229999919598 -0.466743
10.450000 -0.039288210083251  0.041643488455017 -1.05995
10.500000 -0.019624864506749  0.054361752113295 -2.77004
10.550000 -0.000064429113638  0.065144983564076 -1011.11
10.600000  0.018769227861879  0.073834241393244 3.93379
10.650000  0.036351522160406  0.080345230005171 2.21023
10.700000  0.052259540450066  0.084660837283186 1.62001
10.750000  0.066169565601832  0.086819759325308 1.31208
10.800000  0.077851238381202  0.086901396680292 1.11625
10.850000  0.087159524694268  0.085013280087327 0.975376
10.900000  0.094025389569445  0.081289665312430 0.86455
10.950000  0.098445861928506  0.075890042162961 0.770881
11.000000  0.100473999306150  0.068993323143347 0.686678
11.050000  0.100209121762931  0.060789588271169 0.606627
11.100000  0.097787573194344  0.051475867049929 0.526405
11.150000  0.093374180936594  0.041253277516704 0.441806
11.200000  0.087154516703692  0.030319498302944 0.347882
11.250000  0.079328009861836  0.018859335486502 0.237739
11.300000  0.070101924852925  0.007038659223508 0.100406
11.350000  0.059686185722292 -0.004991274259034 -0.0836253
11.400000  0.048289010115453 -0.017085071104410 -0.353809
11.450000  0.036113301074052 -0.029106597885073 -0.80598
11.500000  0.023353736073703 -0.040948932600800 -1.75342
11.550000  0.010194487852203 -0.052548212729394 -5.15457
11.600000 -0.003192490266072 -0.063848738569102 19.9997
11.650000 -0.016648681398258 -0.074686875725401 4.48605
11.700000 -0.030029789214152 -0.084624734558824 2.81803
11.750000 -0.043206150562984 -0.092846758900347 2.14892
11.800000 -0.056062833961167 -0.098384051253424 1.75489
11.850000 -0.068499476717068 -0.100431656020596 1.46617
11.900000 -0.080429908655552 -0.098571617142328 1.22556
11.950000 -0.091781605529603 -0.092807919243056 1.01118
12.000000 -0.102436301714016 -0.083484488711105 0.814989
12.050000 -0.111124778643062 -0.071170408221752 0.640455
12.100000 -0.116124714690864 -0.056560219782847 0.487064
12.150000 -0.116602728021600 -0.040393939284973 0.346424
12.200000 -0.112399588831452 -0.023395564158861 0.208146
12.250000 -0.103812344615176 -0.006231852714579 0.06003
12.300000 -0.091427689022448  0.010509263648691 -0.114946
12.350000 -0.075996483273118  0.026325445373580 -0.346403
12.400000 -0.058341107645941  0.040800172837237 -0.699338
12.450000 -0.039288803908099  0.053602589815980 -1.36432
12.500000 -0.019625410904033  0.064486100652347 -3.28585
12.550000 -0.000064931835918  0.073284974783505 -1128.64
12.600000  0.018768765355819  0.079909623629250 4.25759
12.650000  0.036351096682839  0.084339549340209 2.32014
12.700000  0.052259149063328  0.086611311193241 1.65734
12.750000  0.066169205598941  0.086802506263608 1.31183
12.800000  0.077850907267951  0.085018808625089 1.09207
12.850000  0.087159220172694  0.081391731424733 0.933828
12.900000  0.094025109522564  0.076078264921404 0.809127
12.950000  0.098445604406220  0.069256487285898 0.7035
13.000000  0.100473762512236  0.061117531077316 0.608293
13.050000  0.100208904043033  0.051859674122690 0.517516
13.100000  0.097787373024892  0.041684265115658 0.426275
13.150000  0.093373996914571  0.030789150898308 0.32974
13.200000  0.087154347537201  0.019360701870358 0.222143
13.250000  0.079327854361389  0.007568061787482 0.0954023
13.300000  0.070101781923411 -0.004434482438222 -0.0632578
13.350000  0.059686054355564 -0.016501179621666 -0.276466
13.400000  0.048288889383494 -0.028499116434054 -0.59018
13.450000  0.036113190122668 -0.040326122835563 -1.11666
13.500000  0.023353634116710 -0.051920112823251 -2.22321
13.550000  0.010194394166067 -0.063219987966885 -6.20145
13.600000 -0.003192576347182 -0.074050576319173 23.1946
13.650000 -0.016648760487026 -0.083972264618114 5.04375
13.700000 -0.030029861874317 -0.092205761487187 3.07047
13.750000 -0.043206217313213 -0.097820790486669 2.26404
13.800000 -0.056062895278625 -0.100025551198635 1.78417
13.850000 -0.068499533040709 -0.098383081482469 1.43626
13.900000 -0.080429960389149 -0.092863449145439 1.15459
13.950000 -0.091781653044544 -0.083778882632897 0.912806
14.000000 -0.102436345351879 -0.071676788094161 0.69972
14.050000 -0.111124818717983 -0.057239269383992 0.51509
14.100000 -0.116124751491726 -0.041200728943160 0.354797
14.150000 -0.116602761814044 -0.024284579368589 0.208268
14.200000 -0.112399619859731 -0.007160574871226 0.0637064
14.250000 -0.103812373103860  0.009578357399712 -0.092266
14.300000 -0.091427715178001  0.025424566608476 -0.278084
14.350000 -0.075996507285343  0.039956697755039 -0.52577
14.400000 -0.058341129689314  0.052839036629951 -0.905691
14.450000 -0.039288824142997  0.063819584644448 -1.62437
14.500000 -0.019625429477862  0.072726828069255 -3.70574
14.550000 -0.000064948884158  0.079465723829795 -1223.51
14.600000  0.018768749708663  0.084011290871762 4.47613
14.650000  0.036351082322349  0.086396844325610 2.37673
14.700000  0.052259135884366  0.086697879657844 1.659
14.750000  0.066169193504900  0.085018667119586 1.28487
14.800000  0.077850896170069  0.081488685790904 1.04673
14.850000  0.087159209989423  0.076262471143535 0.874979
14.900000  0.094025100178985  0.069516602853495 0.739341
14.950000  0.098445595833510  0.061442768961528 0.624129
15.000000  0.100473754647177  0.052241005881556 0.519947
15.050000  0.100208896827557  0.042113922254707 0.420261
15.100000  0.097787366405663  0.031259647968776 0.31967
15.150000  0.093373990842607  0.019864771604420 0.212744
15.200000  0.087154341967516  0.008100022288918 0.0929388
15.250000  0.079327849252673 -0.003877645315909 -0.0488813
15.300000  0.070101777237730 -0.015920872388012 -0.227111
15.350000  0.059686050058084 -0.027898058677569 -0.467413
15.400000  0.048288885442235 -0.039710513391502 -0.822353
15.450000  0.036113186508265 -0.051297715280758 -1.42047
15.500000  0.023353630802207 -0.062593914181412 -2.68026
15.550000  0.010194391126716 -0.073415010189617 -7.20151
15.600000 -0.003192579134099 -0.083322351421605 26.0988
15.650000 -0.016648763042361 -0.091567813123575 5.49998
15.700000 -0.030029864217212 -0.097256856599762 3.23867
15.750000 -0.043206219461235 -0.099611965230655 2.3055
15.800000 -0.056062897247898 -0.098180922581883 1.75126
15.850000 -0.068499534846029 -0.092902319469309 1.35625
15.900000 -0.080429962044097 -0.084056788208762 1.04509
15.950000 -0.091781654561580 -0.072168819750503 0.78631
16.000000 -0.102436346742437 -0.057907117780179 0.565299
16.050000 -0.111124819992553 -0.041999930818417 0.377953
16.100000 -0.116124752659935 -0.025169545979597 0.216746
16.150000 -0.116602762884723 -0.008087993185086 0.0693636
16.200000 -0.112399620840983  0.008647279805342 -0.0769334
16.250000 -0.103812374003117  0.024523009125559 -0.236224
16.300000 -0.091427716002082  0.039112088752994 -0.427792
16.350000 -0.075996508040501  0.052073237783771 -0.685206
16.400000 -0.058341130381286  0.063149158595347 -1.08241
16.450000 -0.039288824777045  0.072163340487950 -1.83674
16.500000 -0.019625430058811  0.079015996076942 -4.0262
16.550000 -0.000064949416435  0.083677643862646 -1288.35
16.600000  0.018768749221001  0.086177670045780 4.59155
16.650000  0.036351081875579  0.086588793292628 2.38201
16.700000  0.052259135475074  0.085013783029967 1.62677
16.750000  0.066169193129958  0.081580673527697 1.23291
16.800000  0.077850895826605  0.076442036879281 0.981903
16.850000  0.087159209674807  0.069772675256739 0.80052
16.900000  0.094025099890806  0.061764008327908 0.656889
16.950000  0.098445595569556  0.052617525195041 0.534483
17.000000  0.100473754405420  0.042537913567246 0.423373
17.050000  0.100208896606139  0.031724846326236 0.316587
17.100000  0.097787366202880  0.020365582742619 0.208264
17.150000  0.093373990656898  0.008631526248532 0.0924404
17.200000  0.087154341797449 -0.003319223737078 -0.0380844
17.250000  0.079327849096936 -0.015338645627982 -0.193358
17.300000  0.070101777095121 -0.027296135339735 -0.389379
17.350000  0.059686049927501 -0.039095237179599 -0.655015
17.400000  0.048288885322668 -0.050675861925827 -1.04943
17.450000  0.036113186398789 -0.061967703852816 -1.71593
17.500000  0.023353630701973 -0.072779912420180 -3.11643
17.550000  0.010194391034948 -0.082676828946394 -8.11003
17.600000 -0.003192579218114 -0.090937237454629 28.4839
17.650000 -0.016648763119276 -0.096698588413518 5.80815
17.700000 -0.030029864287623 -0.099197727921425 3.3033
17.750000 -0.043206219525691 -0.097970603903236 2.26751
17.800000 -0.056062897306899 -0.092927493008005 1.65756
17.850000 -0.068499534900037 -0.084318518188843 1.23094
17.900000 -0.080429962093531 -0.072644659200093 0.903204
17.950000 -0.091781654606827 -0.058560254429731 0.638039
18.000000 -0.102436346783850 -0.042786871652725 0.417692
18.050000 -0.111124820030456 -0.026045450258975 0.23438
18.100000 -0.116124752694624 -0.009009951435486 0.0775886
18.150000 -0.116602762916470  0.007718298056455 -0.0661931
18.200000 -0.112399620870035  0.023620974253428 -0.210152
18.250000 -0.103812374029703  0.038265234719082 -0.3686
18.300000 -0.091427716026411  0.051303771622091 -0.56114
18.350000 -0.075996508062763  0.062473541221990 -0.822058
18.400000 -0.058341130401656  0.071593046057189 -1.22715
18.450000 -0.039288824795684  0.078558212027424 -1.99951
18.500000 -0.019625430075865  0.083335530945342 -4.2463
18.550000 -0.000064949432038  0.085950510029334 -1323.35
18.600000  0.018768749206725  0.086472682401293 4.60727
18.650000  0.036351081862518  0.085002840007671 2.33839
18.700000  0.052259135463125  0.081667605169719 1.56274
18.750000  0.066169193119026  0.076618005211949 1.15791
18.800000  0.077850895816605  0.070027196892560 0.899504
18.850000  0.087159209665660  0.062085664806474 0.712325
18.900000  0.094025099882438  0.052995273969681 0.563629
18.950000  0.098445595561902  0.042962267637628 0.436406
19.000000  0.100473754398419  0.032188431101197 0.320367
19.050000  0.100208896599735  0.020862934759196 0.208194
19.100000  0.097787366197023  0.009158708708092 0.0936594
19.150000  0.093373990651541 -0.002765113341884 -0.0296133
19.200000  0.087154341792550 -0.014760564200197 -0.169361
19.250000  0.079327849092455 -0.026698433146751 -0.336558
19.300000  0.070101777091022 -0.038483960513847 -0.548973
19.350000  0.059686049923753 -0.050056551645997 -0.838664
19.400000  0.048288885319240 -0.061341426927064 -1.2703
19.450000  0.036113186395655 -0.072143068855124 -1.99769
19.500000  0.023353630699107 -0.082030969061837 -3.51256
19.550000  0.010194391032326 -0.090308223731042 -8.85862
19.600000 -0.003192579220510 -0.096141029451973 30.1139
19.650000 -0.016648763121467 -0.098779898862667 5.93317
19.700000 -0.030029864289626 -0.097751167148081 3.25513
19.750000 -0.043206219527523 -0.092939471783923 2.15107
19.800000 -0.056062897308575 -0.084565685168085 1.50841
19.850000 -0.068499534901568 -0.073106887276420 1.06726
19.900000 -0.080429962094931 -0.059201951515523 0.736068
19.950000 -0.091781654608106 -0.043564870754421 0.474658
