0.000000  0.000058708691043  0.000112946250772 1.92384
0.050000  0.001397978033584  0.001401798893994 1.00273
0.100000  0.005704107297886  0.005387843520511 0.944555
0.150000  0.013784910217552  0.012809038337447 0.929207
0.200000  0.025783590234212  0.023797728885012 0.92298
0.250000  0.041395698152761  0.038074246183486 0.919763
0.300000  0.060034856479254  0.055100956383455 0.917816
0.350000  0.080957353521531  0.074197386836617 0.9165
0.400000  0.103353939313936  0.094624568457126 0.915539
0.450000  0.126415669900266  0.115645186170888 0.914801
0.500000  0.149379403262958  0.136564560937715 0.914213
0.550000  0.171557512236712  0.156757251065851 0.91373
0.600000  0.192355515470098  0.175682812523920 0.913323
0.650000  0.211280609894948  0.192893554065909 0.912973
0.700000  0.227943494197110  0.208035961744201 0.912665
0.750000  0.242055382832307  0.220848169526987 0.912387
0.800000  0.253421707505383  0.231154070718872 0.912132
0.850000  0.261933673550549  0.238855559427407 0.911893
0.900000  0.267558570286890  0.243923786388158 0.911665
0.950000  0.270329516992232  0.246390028357954 0.911443
1.000000  0.270335151028771  0.246336396878816 0.911226
1.050000  0.267709624599691  0.243886622947272 0.911012
1.100000  0.262623165497653  0.239196679171243 0.910798
1.150000  0.255273369880676  0.232447065694193 0.910581
1.200000  0.245877327265623  0.223835494259597 0.910354
1.250000  0.234664625956914  0.213571199753656 0.910112
1.300000  0.221871248018386  0.201869969213517 0.909852
1.350000  0.207734334145820  0.188950038891248 0.909575
1.400000  0.192487778330313  0.175027696885546 0.909293
1.450000  0.176358598302848  0.160311319917648 0.909008
1.500000  0.159564019005692  0.144996381873482 0.908703
1.550000  0.142309201589287  0.129266277107356 0.908348
1.600000  0.124785548739687  0.113294733348549 0.907915
1.650000  0.107169517735642  0.097244193575747 0.907387
1.700000  0.089621874898555  0.081261823213368 0.906719
1.750000  0.072287328538747  0.065474531956223 0.905754
1.800000  0.055294481725684  0.049993594827565 0.904134
1.850000  0.038756050910171  0.034915788297565 0.900912
1.900000  0.022769301364269  0.020341559048028 0.893377
1.950000  0.007416655397371  0.006498524696323 0.876207
2.000000 -0.007174857090821 -0.005416434071654 0.754919
2.050000 -0.019728322924132 -0.014159597180176 0.717729
2.100000 -0.028514731176193 -0.018855749321057 0.661263
2.150000 -0.032694951995562 -0.019262053964735 0.589145
2.200000 -0.032104885630612 -0.015599876127596 0.485903
2.250000 -0.027037525692698 -0.008372927768245 0.309678
2.300000 -0.018076267561840  0.001753730477435 -0.0970184
2.350000 -0.005969371182870  0.014042454884485 -2.35242
2.400000  0.008462744008673  0.027746855915986 3.27871
2.450000  0.024394210987331  0.042155528773499 1.7281
2.500000  0.041040031513552  0.056620310837665 1.37964
2.550000  0.057686558357177  0.070572806392902 1.22338
2.600000  0.073709841898763  0.083532618075873 1.13326
2.650000  0.088584823247413  0.095109898595603 1.07366
2.700000  0.101887763061603  0.105004243882214 1.03059
2.750000  0.113293806146426  0.112999858309832 0.997405
2.800000  0.122571179954584  0.118958685821430 0.970527
2.850000  0.129573196178512  0.122812869788702 0.947826
2.900000  0.134228956677142  0.124556376850670 0.92794
2.950000  0.136533447863896  0.124235077152973 0.909924
3.000000  0.136537532796526  0.121936124502079 0.893059
3.050000  0.134338210301656  0.117778132569089 0.876728
3.100000  0.130069399429772  0.111904987499204 0.860348
3.150000  0.123893420237590  0.104480003770500 0.843306
3.200000  0.115993274031071  0.095680522404596 0.82488
3.250000  0.106565774174654  0.085693106124321 0.804133
3.300000  0.095815539378345  0.074710164506932 0.779729
3.350000  0.083949832516738  0.062924673242612 0.749551
3.400000  0.071174207442400  0.050521804066338 0.709833
3.450000  0.057688912219343  0.037673331444921 0.653043
3.500000  0.043685988312429  0.024539168083474 0.561717
3.550000  0.029347000371370  0.011270215360141 0.384033
3.600000  0.014841329402162 -0.001990291647177 -0.134105
3.650000  0.000324962560893 -0.015110869510950 -46.5003
3.700000 -0.014060285080676 -0.027987308460090 1.99052
3.750000 -0.028187178154043 -0.040540335384238 1.43825
3.800000 -0.041943155270298 -0.052696533171018 1.25638
3.850000 -0.055230162661291 -0.064342939385138 1.165
3.900000 -0.067964275083521 -0.075157166402902 1.10583
3.950000 -0.080075147011073 -0.084094857658637 1.0502
4.000000 -0.091446623655272 -0.089990342118262 0.984075
4.050000 -0.100811528219298 -0.091982444505918 0.91242
4.100000 -0.106449511036422 -0.089781662973133 0.84342
4.150000 -0.107529092072272 -0.083565052256116 0.777139
4.200000 -0.103892873169700 -0.073813937655864 0.710481
4.250000 -0.095839663628939 -0.061182178710237 0.638381
4.300000 -0.083957849651056 -0.046404221726811 0.552709
4.350000 -0.068999916579559 -0.030228504931090 0.438095
4.400000 -0.051789801423257 -0.013370703681748 0.258173
4.450000 -0.033156236498767  0.003516207311168 -0.10605
4.500000 -0.013886486384754  0.019858190051488 -1.43004
4.550000  0.005304083303860  0.035167811367952 6.63033
4.600000  0.023790303935295  0.049047472568831 2.06166
4.650000  0.041046350864674  0.061189505110492 1.49074
4.700000  0.056648128633415  0.071371404702499 1.25991
4.750000  0.070270794438860  0.079448778264923 1.13061
4.800000  0.081682917982392  0.085348769632646 1.04488
4.850000  0.090738446847173  0.089063143504319 0.981537
4.900000  0.097367378598336  0.090638175593654 0.930889
4.950000  0.101565823669605  0.090161691601465 0.887717
5.000000  0.103385968204633  0.087751742878762 0.848778
5.050000  0.102926306105864  0.083550963966602 0.811755
5.100000  0.100322398500681  0.077721536119185 0.774718
5.150000  0.095738331531337  0.070440042668051 0.735756
5.200000  0.089358975508535  0.061893634842061 0.69264
5.250000  0.081383096438939  0.052277508298840 0.642363
5.300000  0.072017331742188  0.041789170380303 0.580265
5.350000  0.061471013115502  0.030618963479168 0.498104
5.400000  0.049951798913176  0.018942744649448 0.37922
5.450000  0.037662064373031  0.006922089520733 0.183795
5.500000  0.024795989134062 -0.005290389549280 -0.213357
5.550000  0.011537276594758 -0.017546481140836 -1.52085
5.600000 -0.001942562181373 -0.029709190141390 15.2938
5.650000 -0.015485426861403 -0.041673890090815 2.69117
5.700000 -0.028947413270202 -0.053373397424663 1.84381
5.750000 -0.042199227282042 -0.064748868183567 1.53436
5.800000 -0.055126284522338 -0.075667003659803 1.37261
5.850000 -0.067628548656197 -0.085737249030018 1.26777
5.900000 -0.079620156227279 -0.093994467037906 1.18054
5.950000 -0.091028871135205 -0.099331521535590 1.09121
6.000000 -0.101736698347533 -0.100903668704635 0.991812
6.050000 -0.110474673309342 -0.098377986132064 0.890503
6.100000 -0.115520712750386 -0.091884144671391 0.795391
6.150000 -0.116041658418201 -0.081869680735551 0.70552
6.200000 -0.111878490160442 -0.068968949476735 0.616463
6.250000 -0.103328451990671 -0.053906200522958 0.521698
6.300000 -0.090978421704180 -0.037426274922327 0.411375
6.350000 -0.075579433014361 -0.020244762363832 0.267861
6.400000 -0.057954027725652 -0.003015570491876 0.0520338
6.450000 -0.038929598811764  0.013685612999388 -0.351548
6.500000 -0.019292126619133  0.029367830820629 -1.52227
6.550000  0.000244253270647  0.043628010484913 178.618
6.600000  0.019055549109685  0.056152496071105 2.94678
6.650000  0.036617061153420  0.066713421819277 1.82192
6.700000  0.052505768122990  0.075161523155670 1.43149
6.750000  0.066397852017396  0.081419372654493 1.22624
6.800000  0.078062859367933  0.085475349651810 1.09496
6.850000  0.087355668071728  0.087374084780013 1.00021
6.900000  0.094207160984435  0.087202915668369 0.925651
6.950000  0.098614290324620  0.085079761619454 0.862753
7.000000  0.100630042047920  0.081147179063429 0.806391
7.050000  0.100353669434746  0.075567558220295 0.753012
7.100000  0.097921454093292  0.068517362467258 0.699718
7.150000  0.093498165277377  0.060182998259226 0.643681
7.200000  0.087269320552819  0.050759636865705 0.581644
7.250000  0.079434298817363  0.040446849896926 0.509186
7.300000  0.070200317485163  0.029438233422497 0.419346
7.350000  0.059777256790033  0.017911759305724 0.299642
7.400000  0.048373293571493  0.006028528180017 0.124625
7.450000  0.036191292872991 -0.006060069521073 -0.167446
7.500000  0.023425896794305 -0.018204602935399 -0.777114
7.550000  0.010261245145881 -0.030263804948435 -2.94933
7.600000 -0.003130739389746 -0.042129324585863 13.4567
7.650000 -0.016591568438717 -0.053739019998429 3.23894
7.700000 -0.029976972190017 -0.065043582017881 2.16978
7.750000 -0.043157312156130 -0.075900024380308 1.75868
7.800000 -0.056017679786112 -0.085884801276301 1.53317
7.850000 -0.068457733707620 -0.094087900012321 1.37439
7.900000 -0.080391323561126 -0.099452278856761 1.2371
7.950000 -0.091745943514096 -0.101147911651443 1.10248
8.000000 -0.102403345050549 -0.098811161562908 0.964921
8.050000 -0.111094325498301 -0.092529182598590 0.832888
8.100000 -0.116096577993042 -0.082716940491848 0.712484
8.150000 -0.116576734406700 -0.069988489118577 0.600364
8.200000 -0.112375577662376 -0.055057859233993 0.489945
8.250000 -0.103790167069032 -0.038666869062760 0.372548
8.300000 -0.091407207241420 -0.021532534599399 0.235567
8.350000 -0.075977569574636 -0.004311802382943 0.056751
8.400000 -0.058323643788172  0.012416519881361 -0.21289
8.450000 -0.039272680407017  0.028157783735533 -0.716981
8.500000 -0.019610526398568  0.042503486749547 -2.16738
8.550000 -0.000051192497934  0.055133173823185 -1076.98
8.600000  0.018781446369811  0.065812437062025 3.50412
8.650000  0.036362799741056  0.074386812148981 2.04568
8.700000  0.052269948531871  0.080774850200283 1.54534
8.750000  0.066179170281219  0.084961446741491 1.28381
8.800000  0.077860100812705  0.086988067721690 1.11724
8.850000  0.087167701452801  0.086939058624762 0.997377
8.900000  0.094032932986647  0.084929638940681 0.90319
8.950000  0.098452820404958  0.081100449140419 0.823749
9.000000  0.100480417601154  0.075613491603228 0.75252
9.050000  0.100215041263408  0.068645889454045 0.684986
9.100000  0.097793032164317  0.060384400424137 0.617471
9.150000  0.093379214748614  0.051023995742600 0.546417
9.200000  0.087159158053494  0.040765081460836 0.467709
9.250000  0.079332288967382  0.029804189855414 0.375688
9.300000  0.070105869638969  0.018322618055713 0.261356
9.350000  0.059689821991469  0.006482096317794 0.108596
9.400000  0.048292361706868 -0.005568169856469 -0.115301
9.450000  0.036116390010245 -0.017681253544708 -0.489563
9.500000  0.023356582696836 -0.029716971409744 -1.27232
9.550000  0.010197110950233 -0.041565533061586 -4.07621
9.600000 -0.003190073342517 -0.053163836343303 16.6654
9.650000 -0.016646454627627 -0.064462135447493 3.87242
9.700000 -0.030027737803722 -0.075307835431002 2.50794
9.750000 -0.043204260856034 -0.085264797576970 1.97353
9.800000 -0.056061093351040 -0.093470059758386 1.66729
9.850000 -0.068497873567621 -0.098910311810592 1.44399
9.900000 -0.080428432227525 -0.100769232690986 1.25291
9.950000 -0.091780245912482 -0.098657519956079 1.07493
10.000000 -0.102435049762985 -0.092624394707386 0.904226
10.050000 -0.111123625920667 -0.083052542797597 0.747389
10.100000 -0.116123653413055 -0.070534763807991 0.607411
10.150000 -0.116601751007820 -0.055773116358840 0.478321
10.200000 -0.112398689458478 -0.039504754790113 0.35147
10.250000 -0.103811516774431 -0.022447367739380 0.216232
10.300000 -0.091426927080541 -0.005261566148282 0.0575494
10.350000 -0.075995782035353  0.011469409128379 -0.150922
10.400000 -0.058340462322596  0.027246511680007 -0.467026
10.450000 -0.039288210083251  0.041656049171974 -1.06027
10.500000 -0.019624864506749  0.054370808859564 -2.77051
10.550000 -0.000064429113638  0.065149039974063 -1011.17
10.600000  0.018769227861879  0.073830157971016 3.93357
10.650000  0.036351522160406  0.080328746345688 2.20978
10.700000  0.052259540450066  0.084627354778727 1.61937
10.750000  0.066169565601832  0.086765603814026 1.31126
10.800000  0.077851238381202  0.086825675188143 1.11528
10.850000  0.087159524694268  0.084920064171908 0.974306
10.900000  0.094025389569445  0.081186477451796 0.863453
10.950000  0.098445861928506  0.075785026168531 0.769814
11.000000  0.100473999306150  0.068892727802604 0.685677
11.050000  0.100209121762931  0.060697112737136 0.605704
11.100000  0.097787573194344  0.051393313350083 0.525561
11.150000  0.093374180936594  0.041181616200087 0.441039
11.200000  0.087154516703692  0.030259917620475 0.347199
11.250000  0.079328009861836  0.018812881422368 0.237153
11.300000  0.070101924852925  0.007005543479777 0.0999337
11.350000  0.059686185722292 -0.005012098914714 -0.0839742
11.400000  0.048289010115453 -0.017095325383999 -0.354021
11.450000  0.036113301074052 -0.029108010619933 -0.806019
11.500000  0.023353736073703 -0.040943469041662 -1.75319
11.550000  0.010194487852203 -0.052538337862698 -5.1536
11.600000 -0.003192490266072 -0.063837137235111 19.996
11.650000 -0.016648681398258 -0.074674858285759 4.48533
11.700000 -0.030029789214152 -0.084610295350523 2.81755
11.750000 -0.043206150562984 -0.092822390407052 2.14836
11.800000 -0.056062833961167 -0.098338671761798 1.75408
11.850000 -0.068499476717068 -0.100355745453437 1.46506
11.900000 -0.080429908655552 -0.098462895160459 1.22421
11.950000 -0.091781605529603 -0.092674304831964 1.00973
12.000000 -0.102436301714016 -0.083341816748899 0.813597
12.050000 -0.111124778643062 -0.071037055503172 0.639255
12.100000 -0.116124714690864 -0.056449650170790 0.486112
12.150000 -0.116602728021600 -0.040310774118845 0.34571
12.200000 -0.112399588831452 -0.023337203370295 0.207627
12.250000 -0.103812344615176 -0.006192303657212 0.059649
12.300000 -0.091427689022448  0.010536191169423 -0.115241
12.350000 -0.075996483273118  0.026344591549142 -0.346655
12.400000 -0.058341107645941  0.040814461318901 -0.699583
12.450000 -0.039288803908099  0.053612728887787 -1.36458
12.500000 -0.019625410904033  0.064490539341302 -3.28607
12.550000 -0.000064931835918  0.073280209432231 -1128.57
12.600000  0.018768765355819  0.079890778690433 4.25658
12.650000  0.036351096682839  0.084301331194038 2.31909
12.700000  0.052259149063328  0.086549567578607 1.65616
12.750000  0.066169205598941  0.086716343738089 1.31052
12.800000  0.077850907267951  0.084912544374342 1.09071
12.850000  0.087159220172694  0.081273541486942 0.932472
12.900000  0.094025109522564  0.075957229485158 0.80784
12.950000  0.098445604406220  0.069139881170136 0.702316
13.000000  0.100473762512236  0.061009906211982 0.607222
13.050000  0.100208904043033  0.051763430288096 0.516555
13.100000  0.097787373024892  0.041600776457073 0.425421
13.150000  0.093373996914571  0.030719780954670 0.328997
13.200000  0.087154347537201  0.019306565870131 0.221522
13.250000  0.079327854361389  0.007529373932798 0.0949146
13.300000  0.070101781923411 -0.004458803698146 -0.0636047
13.350000  0.059686054355564 -0.016513018074858 -0.276665
13.400000  0.048288889383494 -0.028500543088461 -0.590209
13.450000  0.036113190122668 -0.040319506407150 -1.11648
13.500000  0.023353634116710 -0.051908318591659 -2.22271
13.550000  0.010194394166067 -0.063206018742114 -6.20008
13.600000 -0.003192576347182 -0.074035855477703 23.19
13.650000 -0.016648760487026 -0.083954454686987 5.04268
13.700000 -0.030029861874317 -0.092176761102260 3.0695
13.750000 -0.043206217313213 -0.097768660582224 2.26284
13.800000 -0.056062895278625 -0.099939925310147 1.78264
13.850000 -0.068499533040709 -0.098261277005478 1.43448
13.900000 -0.080429960389149 -0.092713763278144 1.15273
13.950000 -0.091781653044544 -0.083618437510678 0.911058
14.000000 -0.102436345351879 -0.071525604141556 0.698244
14.050000 -0.111124818717983 -0.057112508974592 0.513949
14.100000 -0.116124751491726 -0.041104323920043 0.353967
14.150000 -0.116602761814044 -0.024216393724350 0.207683
14.200000 -0.112399619859731 -0.007114269912035 0.0632944
14.250000 -0.103812373103860  0.009609753700893 -0.0925685
14.300000 -0.091427715178001  0.025446682963956 -0.278326
14.350000 -0.075996507285343  0.039973009636492 -0.525985
14.400000 -0.058341129689314  0.052850507749558 -0.905888
14.450000 -0.039288824142997  0.063824609929467 -1.6245
14.500000 -0.019625429477862  0.072721542275137 -3.70548
14.550000 -0.000064948884158  0.079444652708036 -1223.19
14.600000  0.018768749708663  0.083968486452972 4.47385
14.650000  0.036351082322349  0.086327713708273 2.37483
14.700000  0.052259135884366  0.086601507032170 1.65716
14.750000  0.066169193504900  0.084899607185927 1.28307
14.800000  0.077850896170069  0.081355708333531 1.04502
14.850000  0.087159209989423  0.076125527063060 0.873408
14.900000  0.094025100178985  0.069383955993142 0.73793
14.950000  0.098445595833510  0.061319854019273 0.622881
15.000000  0.100473754647177  0.052130894792660 0.518851
15.050000  0.100208896827557  0.042018454856200 0.419309
15.100000  0.097787366405663  0.031180399898709 0.318859
15.150000  0.093373990842607  0.019802909378566 0.212082
15.200000  0.087154341967516  0.008055719191447 0.0924305
15.250000  0.079327849252673 -0.003905539117824 -0.0492329
15.300000  0.070101777237730 -0.015934398137953 -0.227304
15.350000  0.059686050058084 -0.027899605365585 -0.467439
15.400000  0.048288885442235 -0.039702867486039 -0.822195
15.450000  0.036113186508265 -0.051284176297974 -1.4201
15.500000  0.023353630802207 -0.062577802059636 -2.67957
15.550000  0.010194391126716 -0.073397811120680 -7.19982
15.600000 -0.003192579134099 -0.083301354132752 26.0922
15.650000 -0.016648763042361 -0.091534303722745 5.49796
15.700000 -0.030029864217212 -0.097198115714840 3.23672
15.750000 -0.043206219461235 -0.099516891608446 2.3033
15.800000 -0.056062897247898 -0.098046462346291 1.74887
15.850000 -0.068499534846029 -0.092737034967964 1.35383
15.900000 -0.080429962044097 -0.083878872595982 1.04288
15.950000 -0.091781654561580 -0.071999814002497 0.784468
16.000000 -0.102436346742437 -0.057763871248729 0.5639
16.050000 -0.111124819992553 -0.041889788959569 0.376962
16.100000 -0.116124752659935 -0.025091020139610 0.21607
16.150000 -0.116602762884723 -0.008034553882981 0.0689053
16.200000 -0.112399620840983  0.008683326099730 -0.0772541
16.250000 -0.103812374003117  0.024548107533026 -0.236466
16.300000 -0.091427716002082  0.039130330901832 -0.427992
16.350000 -0.075996508040501  0.052085906646334 -0.685372
16.400000 -0.058341130381286  0.063154655171504 -1.08251
16.450000 -0.039288824777045  0.072157494655616 -1.83659
16.500000 -0.019625430058811  0.078992785955306 -4.02502
16.550000 -0.000064949416435  0.083630506309739 -1287.63
16.600000  0.018768749221001  0.086101574807575 4.5875
16.650000  0.036351081875579  0.086482735077598 2.3791
16.700000  0.052259135475074  0.084882483164185 1.62426
16.750000  0.066169193129958  0.081433401336018 1.23068
16.800000  0.077850895826605  0.076289529070913 0.979944
16.850000  0.087159209674807  0.069624129301427 0.798816
16.900000  0.094025099890806  0.061625740033811 0.655418
16.950000  0.098445595569556  0.052493319374549 0.533222
17.000000  0.100473754405420  0.042430128562528 0.422301
17.050000  0.100208896606139  0.031635333432208 0.315694
17.100000  0.097787366202880  0.020295607331149 0.207548
17.150000  0.093373990656898  0.008581250487516 0.0919019
17.200000  0.087154341797449 -0.003351004922254 -0.0384491
17.250000  0.079327849096936 -0.015354110371701 -0.193553
17.300000  0.070101777095121 -0.027297953266460 -0.389405
17.350000  0.059686049927501 -0.039086593055681 -0.65487
17.400000  0.048288885322668 -0.050660503012537 -1.04911
17.450000  0.036113186398789 -0.061949300841462 -1.71542
17.500000  0.023353630701973 -0.072760054152496 -3.11558
17.550000  0.010194391034948 -0.082652494928791 -8.10764
17.600000 -0.003192579218114 -0.090899153113453 28.472
17.650000 -0.016648763119276 -0.096633329685783 5.80423
17.700000 -0.030029864287623 -0.099093535341495 3.29983
17.750000 -0.043206219525691 -0.097824071029341 2.26412
17.800000 -0.056062897306899 -0.092747351056393 1.65434
17.850000 -0.068499534900037 -0.084123808274683 1.22809
17.900000 -0.080429962093531 -0.072458244259769 0.900886
17.950000 -0.091781654606827 -0.058400561518839 0.636299
18.000000 -0.102436346783850 -0.042662677838014 0.41648
18.050000 -0.111124820030456 -0.025956055155567 0.233576
18.100000 -0.116124752694624 -0.008948809461131 0.077062
18.150000 -0.116602762916470  0.007759478593457 -0.0665463
18.200000 -0.112399620870035  0.023649414406628 -0.210405
18.250000 -0.103812374029703  0.038285654097503 -0.368797
18.300000 -0.091427716026411  0.051317791176960 -0.561294
18.350000 -0.075996508062763  0.062479580913123 -0.822138
18.400000 -0.058341130401656  0.071586653316162 -1.22704
18.450000 -0.039288824795684  0.078532863736263 -1.99886
18.500000 -0.019625430075865  0.083284112022498 -4.24368
18.550000 -0.000064949432038  0.085867596289621 -1322.07
18.600000  0.018768749206725  0.086357162606100 4.60111
18.650000  0.036351081862518  0.084859566531546 2.33444
18.700000  0.052259135463125  0.081506289355226 1.55966
18.750000  0.066169193119026  0.076450123841060 1.15537
18.800000  0.077850895816605  0.069862861279369 0.897393
18.850000  0.087159209665660  0.061932081751167 0.710563
18.900000  0.094025099882438  0.052856961299737 0.562158
18.950000  0.098445595561902  0.042842112929846 0.435186
19.000000  0.100473754398419  0.032088575323829 0.319373
19.050000  0.100208896599735  0.020784749657860 0.207414
19.100000  0.097787366197023  0.009102341719147 0.093083
19.150000  0.093373990651541 -0.002800945395187 -0.0299971
19.200000  0.087154341792550 -0.014778198260634 -0.169564
19.250000  0.079327849092455 -0.026700812450239 -0.336588
19.300000  0.070101777091022 -0.038474632083323 -0.54884
19.350000  0.059686049923753 -0.050039657680691 -0.838381
19.400000  0.048288885319240 -0.061320939273131 -1.26988
19.450000  0.036113186395655 -0.072120651815602 -1.99707
19.500000  0.023353630699107 -0.082003320849301 -3.51137
19.550000  0.010194391032326 -0.090265553499194 -8.85443
19.600000 -0.003192579220510 -0.096069274224335 30.0914
19.650000 -0.016648763121467 -0.098666706410310 5.92637
19.700000 -0.030029864289626 -0.097592810630021 3.24986
19.750000 -0.043206219527523 -0.092744821575793 2.14656
19.800000 -0.056062897308575 -0.084354514447125 1.50464
19.850000 -0.068499534901568 -0.072903262240918 1.06429
19.900000 -0.080429962094931 -0.059025800086676 0.733878
19.950000 -0.091781654608106 -0.043426402848411 0.473149
