0.000000  0.000058708691043  0.000112923712499 1.92346
0.050000  0.001397978033584  0.001401530516117 1.00254
0.100000  0.005704107297886  0.005386996700565 0.944407
0.150000  0.013784910217552  0.012807407774146 0.929089
0.200000  0.025783590234212  0.023795329754058 0.922887
0.250000  0.041395698152761  0.038071284268273 0.919692
0.300000  0.060034856479254  0.055097688136888 0.917762
0.350000  0.080957353521531  0.074194139668707 0.91646
0.400000  0.103353939313936  0.094621668291983 0.915511
0.450000  0.126415669900266  0.115642767096940 0.914782
0.500000  0.149379403262958  0.136562608311375 0.9142
0.550000  0.171557512236712  0.156755682237670 0.913721
0.600000  0.192355515470098  0.175681583044197 0.913317
0.650000  0.211280609894948  0.192892605622194 0.912969
0.700000  0.227943494197110  0.208035315130777 0.912662
0.750000  0.242055382832307  0.220847847263815 0.912386
0.800000  0.253421707505383  0.231154113757473 0.912132
0.850000  0.261933673550549  0.238855998773669 0.911895
0.900000  0.267558570286890  0.243924651232092 0.911668
0.950000  0.270329516992232  0.246391325400165 0.911448
1.000000  0.270335151028771  0.246338130174604 0.911232
1.050000  0.267709624599691  0.243888744968003 0.91102
1.100000  0.262623165497653  0.239199262031890 0.910808
1.150000  0.255273369880676  0.232450089664866 0.910593
1.200000  0.245877327265623  0.223838966538528 0.910368
1.250000  0.234664625956914  0.213575067402390 0.910129
1.300000  0.221871248018386  0.201874196465279 0.909871
1.350000  0.207734334145820  0.188954557122954 0.909597
1.400000  0.192487778330313  0.175032440461487 0.909317
1.450000  0.176358598302848  0.160316216482666 0.909035
1.500000  0.159564019005692  0.145001336794492 0.908735
1.550000  0.142309201589287  0.129271225460586 0.908383
1.600000  0.124785548739687  0.113299605842658 0.907955
1.650000  0.107169517735642  0.097248930801255 0.907431
1.700000  0.089621874898555  0.081266377251627 0.906769
1.750000  0.072287328538747  0.065478840876100 0.905814
1.800000  0.055294481725684  0.049997636149922 0.904207
1.850000  0.038756050910171  0.034919598031209 0.90101
1.900000  0.022769301364269  0.020345248950306 0.893539
1.950000  0.007416655397371  0.006502081123283 0.876686
2.000000 -0.007174857090821 -0.005413632094540 0.754528
2.050000 -0.019728322924132 -0.014158321337471 0.717665
2.100000 -0.028514731176193 -0.018856551374075 0.661292
2.150000 -0.032694951995562 -0.019265015847469 0.589235
2.200000 -0.032104885630612 -0.015604658786913 0.486052
2.250000 -0.027037525692698 -0.008378972870179 0.309902
2.300000 -0.018076267561840  0.001747138776671 -0.0966537
2.350000 -0.005969371182870  0.014035953049969 -2.35133
2.400000  0.008462744008673  0.027740722198215 3.27798
2.450000  0.024394210987331  0.042149766231497 1.72786
2.500000  0.041040031513552  0.056614829953155 1.3795
2.550000  0.057686558357177  0.070567561490096 1.22329
2.600000  0.073709841898763  0.083527589700434 1.13319
2.650000  0.088584823247413  0.095105151355680 1.07361
2.700000  0.101887763061603  0.104999890513601 1.03054
2.750000  0.113293806146426  0.112996034210842 0.997372
2.800000  0.122571179954584  0.118955510957507 0.970501
2.850000  0.129573196178512  0.122810449242418 0.947808
2.900000  0.134228956677142  0.124554774517404 0.927928
2.950000  0.136533447863896  0.124234330917971 0.909919
3.000000  0.136537532796526  0.121936215156734 0.89306
3.050000  0.134338210301656  0.117779179818315 0.876736
3.100000  0.130069399429772  0.111907024656954 0.860364
3.150000  0.123893420237590  0.104483049701850 0.84333
3.200000  0.115993274031071  0.095684517319878 0.824914
3.250000  0.106565774174654  0.085697984871656 0.804179
3.300000  0.095815539378345  0.074715819630687 0.779788
3.350000  0.083949832516738  0.062930989382738 0.749626
3.400000  0.071174207442400  0.050528643659692 0.709929
3.450000  0.057688912219343  0.037680521832944 0.653167
3.500000  0.043685988312429  0.024546563822386 0.561886
3.550000  0.029347000371370  0.011277671161827 0.384287
3.600000  0.014841329402162 -0.001982903431959 -0.133607
3.650000  0.000324962560893 -0.015103670422092 -46.4782
3.700000 -0.014060285080676 -0.027980426204257 1.99003
3.750000 -0.028187178154043 -0.040533814848328 1.43802
3.800000 -0.041943155270298 -0.052690282054560 1.25623
3.850000 -0.055230162661291 -0.064336751142172 1.16488
3.900000 -0.067964275083521 -0.075151115266625 1.10574
3.950000 -0.080075147011073 -0.084089823004599 1.05014
4.000000 -0.091446623655272 -0.089987512081483 0.984044
4.050000 -0.100811528219298 -0.091982729105652 0.912423
4.100000 -0.106449511036422 -0.089785321609722 0.843455
4.150000 -0.107529092072272 -0.083571700463368 0.777201
4.200000 -0.103892873169700 -0.073822764731491 0.710566
4.250000 -0.095839663628939 -0.061192091150842 0.638484
4.300000 -0.083957849651056 -0.046414261229827 0.552828
4.350000 -0.068999916579559 -0.030238219746527 0.438236
4.400000 -0.051789801423257 -0.013380059666423 0.258353
4.450000 -0.033156236498767  0.003507103401622 -0.105775
4.500000 -0.013886486384754  0.019849282061735 -1.4294
4.550000  0.005304083303860  0.035159112469239 6.62869
4.600000  0.023790303935295  0.049039087116746 2.06131
4.650000  0.041046350864674  0.061181613542231 1.49055
4.700000  0.056648128633415  0.071364230551871 1.25978
4.750000  0.070270794438860  0.079442531195895 1.13052
4.800000  0.081682917982392  0.085343630152680 1.04482
4.850000  0.090738446847173  0.089059231726934 0.981494
4.900000  0.097367378598336  0.090635559001752 0.930862
4.950000  0.101565823669605  0.090160381644019 0.887704
5.000000  0.103385968204633  0.087751884060124 0.848779
5.050000  0.102926306105864  0.083552638491765 0.811771
5.100000  0.100322398500681  0.077724775077129 0.77475
5.150000  0.095738331531337  0.070444774491403 0.735805
5.200000  0.089358975508535  0.061899757445676 0.692709
5.250000  0.081383096438939  0.052284873251618 0.642454
5.300000  0.072017331742188  0.041797614038400 0.580383
5.350000  0.061471013115502  0.030628287965969 0.498256
5.400000  0.049951798913176  0.018952713419105 0.37942
5.450000  0.037662064373031  0.006932489505567 0.184071
5.500000  0.024795989134062 -0.005279771410238 -0.212928
5.550000  0.011537276594758 -0.017535844110359 -1.51993
5.600000 -0.001942562181373 -0.029698737118035 15.2884
5.650000 -0.015485426861403 -0.041663825118202 2.69052
5.700000 -0.028947413270202 -0.053363794859574 1.84347
5.750000 -0.042199227282042 -0.064739594132724 1.53414
5.800000 -0.055126284522338 -0.075657798119063 1.37245
5.850000 -0.067628548656197 -0.085728271710989 1.26763
5.900000 -0.079620156227279 -0.093986809452401 1.18044
5.950000 -0.091028871135205 -0.099326711819109 1.09116
6.000000 -0.101736698347533 -0.100902938075831 0.991805
6.050000 -0.110474673309342 -0.098381776349896 0.890537
6.100000 -0.115520712750386 -0.091892061235988 0.79546
6.150000 -0.116041658418201 -0.081880715512172 0.705615
6.200000 -0.111878490160442 -0.068981695329099 0.616577
6.250000 -0.103328451990671 -0.053919384483268 0.521825
6.300000 -0.090978421704180 -0.037439234128224 0.411518
6.350000 -0.075579433014361 -0.020257384989563 0.268028
6.400000 -0.057954027725652 -0.003027967214208 0.0522477
6.450000 -0.038929598811764  0.013673366224281 -0.351233
6.500000 -0.019292126619133  0.029355771698754 -1.52165
6.550000  0.000244253270647  0.043616285764693 178.57
6.600000  0.019055549109685  0.056141347023648 2.94619
6.650000  0.036617061153420  0.066703147601102 1.82164
6.700000  0.052505768122990  0.075152417935243 1.43132
6.750000  0.066397852017396  0.081411694722590 1.22612
6.800000  0.078062859367933  0.085469279988111 1.09488
6.850000  0.087355668071728  0.087369730505782 1.00016
6.900000  0.094207160984435  0.087200330492192 0.925623
6.950000  0.098614290324620  0.085079112218108 0.862746
7.000000  0.100630042047920  0.081148595833530 0.806405
7.050000  0.100353669434746  0.075571096593853 0.753048
7.100000  0.097921454093292  0.068522949929760 0.699775
7.150000  0.093498165277377  0.060190496043803 0.643761
7.200000  0.087269320552819  0.050768845909880 0.581749
7.250000  0.079434298817363  0.040457543132292 0.509321
7.300000  0.070200317485163  0.029450144401189 0.419516
7.350000  0.059777256790033  0.017924583418026 0.299856
7.400000  0.048373293571493  0.006041985026329 0.124903
7.450000  0.036191292872991 -0.006046252478203 -0.167064
7.500000  0.023425896794305 -0.018190689236661 -0.776521
7.550000  0.010261245145881 -0.030250065734135 -2.94799
7.600000 -0.003130739389746 -0.042116021452996 13.4524
7.650000 -0.016591568438717 -0.053726246814782 3.23817
7.700000 -0.029976972190017 -0.065031177287632 2.16937
7.750000 -0.043157312156130 -0.075887713930591 1.7584
7.800000 -0.056017679786112 -0.085872837946884 1.53296
7.850000 -0.068457733707620 -0.094077570525975 1.37424
7.900000 -0.080391323561126 -0.099445409646171 1.23702
7.950000 -0.091745943514096 -0.101146033485221 1.10246
8.000000 -0.102403345050549 -0.098814904290125 0.964958
8.050000 -0.111094325498301 -0.092538156595605 0.832969
8.100000 -0.116096577993042 -0.082729965665516 0.712596
8.150000 -0.116576734406700 -0.070003896126457 0.600496
8.200000 -0.112375577662376 -0.055074095107175 0.49009
8.250000 -0.103790167069032 -0.038683045877750 0.372704
8.300000 -0.091407207241420 -0.021548424974780 0.235741
8.350000 -0.075977569574636 -0.004327490955091 0.0569575
8.400000 -0.058323643788172  0.012400946371715 -0.212623
8.450000 -0.039272680407017  0.028142376738367 -0.716589
8.500000 -0.019610526398568  0.042488439631022 -2.16661
8.550000 -0.000051192497934  0.055118791903081 -1076.7
8.600000  0.018781446369811  0.065799094486812 3.50341
8.650000  0.036362799741056  0.074374882041098 2.04536
8.700000  0.052269948531871  0.080764661079127 1.54515
8.750000  0.066179170281219  0.084953235373591 1.28369
8.800000  0.077860100812705  0.086981980481154 1.11716
8.850000  0.087167701452801  0.086935190786678 0.997333
8.900000  0.094032932986647  0.084928176471661 0.903175
8.950000  0.098452820404958  0.081101558376874 0.823761
9.000000  0.100480417601154  0.075617254819806 0.752557
9.050000  0.100215041263408  0.068652246346287 0.685049
9.100000  0.097793032164317  0.060393193065395 0.617561
9.150000  0.093379214748614  0.051034985690075 0.546535
9.200000  0.087159158053494  0.040777981212040 0.467857
9.250000  0.079332288967382  0.029818662639286 0.37587
9.300000  0.070105869638969  0.018338288885828 0.26158
9.350000  0.059689821991469  0.006498612588108 0.108873
9.400000  0.048292361706868 -0.005551147217452 -0.114949
9.450000  0.036116390010245 -0.017664060252050 -0.489087
9.500000  0.023356582696836 -0.029699949811714 -1.27159
9.550000  0.010197110950233 -0.041548992906291 -4.07458
9.600000 -0.003190073342517 -0.053147880260484 16.6604
9.650000 -0.016646454627627 -0.064446580081890 3.87149
9.700000 -0.030027737803722 -0.075292419829295 2.50743
9.750000 -0.043204260856034 -0.085249871632589 1.97318
9.800000 -0.056061093351040 -0.093457084527436 1.66706
9.850000 -0.068497873567621 -0.098901378962053 1.44386
9.900000 -0.080428432227525 -0.100766151650838 1.25287
9.950000 -0.091780245912482 -0.098661111018122 1.07497
10.000000 -0.102435049762985 -0.092634290634046 0.904322
10.050000 -0.111123625920667 -0.083067411913561 0.747523
10.100000 -0.116123653413055 -0.070552702358582 0.607565
10.150000 -0.116601751007820 -0.055792317112447 0.478486
10.200000 -0.112398689458478 -0.039524105983999 0.351642
10.250000 -0.103811516774431 -0.022466505762956 0.216416
10.300000 -0.091426927080541 -0.005280530206762 0.0577568
10.350000 -0.075995782035353  0.011450529805590 -0.150673
10.400000 -0.058340462322596  0.027227771680553 -0.466705
10.450000 -0.039288210083251  0.041637677778604 -1.0598
10.500000 -0.019624864506749  0.054353175477054 -2.76961
10.550000 -0.000064429113638  0.065132597098100 -1010.92
10.600000  0.018769227861879  0.073815362787223 3.93279
10.650000  0.036351522160406  0.080316001545899 2.20943
10.700000  0.052259540450066  0.084616956275559 1.61917
10.750000  0.066169565601832  0.086757743080109 1.31114
10.800000  0.077851238381202  0.086820491788697 1.11521
10.850000  0.087159524694268  0.084917766216826 0.97428
10.900000  0.094025389569445  0.081187258912340 0.863461
10.950000  0.098445861928506  0.075788988679878 0.769854
11.000000  0.100473999306150  0.068899819201210 0.685748
11.050000  0.100209121762931  0.060707157337434 0.605805
11.100000  0.097787573194344  0.051406035490791 0.525691
11.150000  0.093374180936594  0.041196670830091 0.4412
11.200000  0.087154516703692  0.030276900131029 0.347393
11.250000  0.079328009861836  0.018831348821772 0.237386
11.300000  0.070101924852925  0.007025073113444 0.100212
11.350000  0.059686185722292 -0.004991912129046 -0.083636
11.400000  0.048289010115453 -0.017074888073971 -0.353598
11.450000  0.036113301074052 -0.029087733803421 -0.805458
11.500000  0.023353736073703 -0.040923704834806 -1.75234
11.550000  0.010194487852203 -0.052519194493025 -5.15172
11.600000 -0.003192490266072 -0.063818417206109 19.9902
11.650000 -0.016648681398258 -0.074656330472292 4.48422
11.700000 -0.030029789214152 -0.084592408323298 2.81695
11.750000 -0.043206150562984 -0.092806763261078 2.148
11.800000 -0.056062833961167 -0.098327635334528 1.75388
11.850000 -0.068499476717068 -0.100351375829993 1.46499
11.900000 -0.080429908655552 -0.098466210050011 1.22425
11.950000 -0.091781605529603 -0.092684981819339 1.00984
12.000000 -0.102436301714016 -0.083358400294771 0.813758
12.050000 -0.111124778643062 -0.071057429485970 0.639438
12.100000 -0.116124714690864 -0.056471768030218 0.486303
12.150000 -0.116602728021600 -0.040333298043819 0.345904
12.200000 -0.112399588831452 -0.023359611450276 0.207826
12.250000 -0.103812344615176 -0.006214563625678 0.0598634
12.300000 -0.091427689022448  0.010514004667046 -0.114998
12.350000 -0.075996483273118  0.026322536445181 -0.346365
12.400000 -0.058341107645941  0.040792792358768 -0.699212
12.450000 -0.039288803908099  0.053591869241992 -1.36405
12.500000 -0.019625410904033  0.064471013846884 -3.28508
12.550000 -0.000064931835918  0.073262554494808 -1128.3
12.600000  0.018768765355819  0.079875468134763 4.25577
12.650000  0.036351096682839  0.084288718652606 2.31874
12.700000  0.052259149063328  0.086539891447913 1.65598
12.750000  0.066169205598941  0.086709789843397 1.31043
12.800000  0.077850907267951  0.084909349490330 1.09067
12.850000  0.087159220172694  0.081273929125889 0.932477
12.900000  0.094025109522564  0.075961323614414 0.807883
12.950000  0.098445604406220  0.069147640911794 0.702394
13.000000  0.100473762512236  0.061021142622783 0.607334
13.050000  0.100208904043033  0.051777832217157 0.516699
13.100000  0.097787373024892  0.041617942422200 0.425596
13.150000  0.093373996914571  0.030739239595466 0.329206
13.200000  0.087154347537201  0.019327806775407 0.221765
13.250000  0.079327854361389  0.007551903321918 0.0951986
13.300000  0.070101781923411 -0.004435462005598 -0.0632717
13.350000  0.059686054355564 -0.016489345657276 -0.276268
13.400000  0.048288889383494 -0.028477019809714 -0.589722
13.450000  0.036113190122668 -0.040296523108368 -1.11584
13.500000  0.023353634116710 -0.051885988468869 -2.22175
13.550000  0.010194394166067 -0.063184139058498 -6.19793
13.600000 -0.003192576347182 -0.074014236377550 23.1832
13.650000 -0.016648760487026 -0.083933642552106 5.04143
13.700000 -0.030029861874317 -0.092158514960275 3.0689
13.750000 -0.043206217313213 -0.097755518587855 2.26253
13.800000 -0.056062895278625 -0.099934208004717 1.78254
13.850000 -0.068499533040709 -0.098264199697894 1.43452
13.900000 -0.080429960389149 -0.092725069421842 1.15287
13.950000 -0.091781653044544 -0.083636579509191 0.911256
14.000000 -0.102436345351879 -0.071548279178592 0.698466
14.050000 -0.111124818717983 -0.057137448131253 0.514174
14.100000 -0.116124751491726 -0.041129970308235 0.354188
14.150000 -0.116602761814044 -0.024242059368134 0.207903
14.200000 -0.112399619859731 -0.007139834743265 0.0635219
14.250000 -0.103812373103860  0.009584244954170 -0.0923228
14.300000 -0.091427715178001  0.025421298881603 -0.278048
14.350000 -0.075996507285343  0.039948029624648 -0.525656
14.400000 -0.058341129689314  0.052826405572471 -0.905475
14.450000 -0.039288824142997  0.063801981794856 -1.62392
14.500000 -0.019625429477862  0.072701005157230 -3.70443
14.550000 -0.000064948884158  0.079426753545464 -1222.91
14.600000  0.018768749708663  0.083953637900910 4.47305
14.650000  0.036351082322349  0.086316200906759 2.37452
14.700000  0.052259135884366  0.086593558539680 1.657
14.750000  0.066169193504900  0.084895487966252 1.28301
14.800000  0.077850896170069  0.081355668916646 1.04502
14.850000  0.087159209989423  0.076129712792320 0.873456
14.900000  0.094025100178985  0.069392337294608 0.738019
14.950000  0.098445595833510  0.061332230843950 0.623006
15.000000  0.100473754647177  0.052146921750829 0.51901
15.050000  0.100208896827557  0.042037674969420 0.4195
15.100000  0.097787366405663  0.031202276223495 0.319083
15.150000  0.093373990842607  0.019826866676317 0.212338
15.200000  0.087154341967516  0.008081197134915 0.0927228
15.250000  0.079327849252673 -0.003879084643411 -0.0488994
15.300000  0.070101777237730 -0.015907520464779 -0.22692
15.350000  0.059686050058084 -0.027872849854885 -0.466991
15.400000  0.048288885442235 -0.039676661713504 -0.821652
15.450000  0.036113186508265 -0.051258641029317 -1.41939
15.500000  0.023353630802207 -0.062552739523867 -2.6785
15.550000  0.010194391126716 -0.073373083424589 -7.1974
15.600000 -0.003192579134099 -0.083277610136531 26.0847
15.650000 -0.016648763042361 -0.091513437109858 5.49671
15.700000 -0.030029864217212 -0.097182851979809 3.23621
15.750000 -0.043206219461235 -0.099509775632166 2.30314
15.800000 -0.056062897247898 -0.098048901399126 1.74891
15.850000 -0.068499534846029 -0.092748852487718 1.35401
15.900000 -0.080429962044097 -0.083898455986297 1.04312
15.950000 -0.091781654561580 -0.072024694819619 0.78474
16.000000 -0.102436346742437 -0.057791567118884 0.564171
16.050000 -0.111124819992553 -0.041918523173200 0.37722
16.100000 -0.116124752659935 -0.025119929164469 0.216318
16.150000 -0.116602762884723 -0.008063416725814 0.0691529
16.200000 -0.112399620840983  0.008654504761116 -0.0769976
16.250000 -0.103812374003117  0.024519410631520 -0.23619
16.300000 -0.091427716002082  0.039102059421055 -0.427683
16.350000 -0.075996508040501  0.052058577991980 -0.685013
16.400000 -0.058341130381286  0.063128929883119 -1.08207
16.450000 -0.039288824777045  0.072134065607348 -1.83599
16.500000 -0.019625430058811  0.078972272967389 -4.02398
16.550000 -0.000064949416435  0.083613384241497 -1287.36
16.600000  0.018768749221001  0.086088179772828 4.58678
16.650000  0.036351081875579  0.086473339646495 2.37884
16.700000  0.052259135475074  0.084877382824508 1.62416
16.750000  0.066169193129958  0.081432874862770 1.23068
16.800000  0.077850895826605  0.076293746006168 0.979998
16.850000  0.087159209674807  0.069633074759039 0.798918
16.900000  0.094025099890806  0.061639206878413 0.655561
16.950000  0.098445595569556  0.052510930151481 0.533401
17.000000  0.100473754405420  0.042451371224953 0.422512
17.050000  0.100208896606139  0.031659603442305 0.315936
17.100000  0.097787366202880  0.020322260494520 0.207821
17.150000  0.093373990656898  0.008609656231669 0.0922062
17.200000  0.087154341797449 -0.003321461677760 -0.0381101
17.250000  0.079327849096936 -0.015324054099211 -0.193174
17.300000  0.070101777095121 -0.027267990570181 -0.388977
17.350000  0.059686049927501 -0.039057184538756 -0.654377
17.400000  0.048288885322668 -0.050631777578923 -1.04852
17.450000  0.036113186398789 -0.061921070950921 -1.71464
17.500000  0.023353630701973 -0.072732235369986 -3.11439
17.550000  0.010194391034948 -0.082625834290896 -8.10503
17.600000 -0.003192579218114 -0.090875670560859 28.4647
17.650000 -0.016648763119276 -0.096615921668631 5.80319
17.700000 -0.030029864287623 -0.099084955080790 3.29955
17.750000 -0.043206219525691 -0.097825914012109 2.26416
17.800000 -0.056062897306899 -0.092759535354054 1.65456
17.850000 -0.068499534900037 -0.084144685628669 1.2284
17.900000 -0.080429962093531 -0.072485207756610 0.901221
17.950000 -0.091781654606827 -0.058430930501256 0.63663
18.000000 -0.102436346783850 -0.042694458474150 0.41679
18.050000 -0.111124820030456 -0.025988199486420 0.233865
18.100000 -0.116124752694624 -0.008980980854593 0.0773391
18.150000 -0.116602762916470  0.007727328150819 -0.0662705
18.200000 -0.112399620870035  0.023617389538442 -0.21012
18.250000 -0.103812374029703  0.038254079789229 -0.368492
18.300000 -0.091427716026411  0.051287227987707 -0.560959
18.350000 -0.075996508062763  0.062450751835265 -0.821758
18.400000 -0.058341130401656  0.071560324452194 -1.22658
18.450000 -0.039288824795684  0.078509725979935 -1.99827
18.500000 -0.019625430075865  0.083264702154911 -4.24269
18.550000 -0.000064949432038  0.085852301703801 -1321.83
18.600000  0.018768749206725  0.086346298108131 4.60054
18.650000  0.036351081862518  0.084853456282745 2.33428
18.700000  0.052259135463125  0.081505237064580 1.55964
18.750000  0.066169193119026  0.076454321669147 1.15544
18.800000  0.077850895816605  0.069872309977335 0.897515
18.850000  0.087159209665660  0.061946571212357 0.710729
18.900000  0.094025099882438  0.052876087233857 0.562361
18.950000  0.098445595561902  0.042865313669683 0.435421
19.000000  0.100473754398419  0.032115182886946 0.319638
19.050000  0.100208896599735  0.020814052606142 0.207707
19.100000  0.097787366197023  0.009133639722359 0.0934031
19.150000  0.093373990651541 -0.002768338920055 -0.0296479
19.200000  0.087154341792550 -0.014744978389250 -0.169182
19.250000  0.079327849092455 -0.026667645188909 -0.33617
19.300000  0.070101777091022 -0.038442011594894 -0.548374
19.350000  0.059686049923753 -0.050007726758162 -0.837846
19.400000  0.048288885319240 -0.061289530752249 -1.26923
19.450000  0.036113186395655 -0.072089740241951 -1.99622
19.500000  0.023353630699107 -0.081973749541064 -3.51011
19.550000  0.010194391032326 -0.090239461685157 -8.85187
19.600000 -0.003192579220510 -0.096049714594597 30.0853
19.650000 -0.016648763121467 -0.098656623654676 5.92576
19.700000 -0.030029864289626 -0.097593980121656 3.2499
19.750000 -0.043206219527523 -0.092757263233621 2.14685
19.800000 -0.056062897308575 -0.084376565385916 1.50503
19.850000 -0.068499534901568 -0.072932199176985 1.06471
19.900000 -0.080429962094931 -0.059058758240022 0.734288
19.950000 -0.091781654608106 -0.043461175708811 0.473528
