0.000000  0.000058708691043  0.000112926889428 1.92351
0.050000  0.001397978033584  0.001401568150680 1.00257
0.100000  0.005704107297886  0.005387111349220 0.944427
0.150000  0.013784910217552  0.012807620074731 0.929104
0.200000  0.025783590234212  0.023795629345469 0.922898
0.250000  0.041395698152761  0.038071629614790 0.9197
0.300000  0.060034856479254  0.055098037692580 0.917767
0.350000  0.080957353521531  0.074194457062797 0.916463
0.400000  0.103353939313936  0.094621925765140 0.915513
0.450000  0.126415669900266  0.115642964772758 0.914783
0.500000  0.149379403262958  0.136562756403419 0.914201
0.550000  0.171557512236712  0.156755795105533 0.913722
0.600000  0.192355515470098  0.175681667762133 0.913318
0.650000  0.211280609894948  0.192892667670533 0.912969
0.700000  0.227943494197110  0.208035348089203 0.912662
0.750000  0.242055382832307  0.220847845011039 0.912386
0.800000  0.253421707505383  0.231154061712256 0.912132
0.850000  0.261933673550549  0.238855887698343 0.911895
0.900000  0.267558570286890  0.243924474336559 0.911668
0.950000  0.270329516992232  0.246391080805102 0.911447
1.000000  0.270335151028771  0.246337821680751 0.911231
1.050000  0.267709624599691  0.243888375596039 0.911018
1.100000  0.262623165497653  0.239198839194248 0.910806
1.150000  0.255273369880676  0.232449624741689 0.910591
1.200000  0.245877327265623  0.223838465012463 0.910366
1.250000  0.234664625956914  0.213574538508306 0.910127
1.300000  0.221871248018386  0.201873647065460 0.909868
1.350000  0.207734334145820  0.188953996461940 0.909594
1.400000  0.192487778330313  0.175031869444410 0.909314
1.450000  0.176358598302848  0.160315646107366 0.909032
1.500000  0.159564019005692  0.145000776421835 0.908731
1.550000  0.142309201589287  0.129270679152622 0.908379
1.600000  0.124785548739687  0.113299070144014 0.90795
1.650000  0.107169517735642  0.097248410606903 0.907426
1.700000  0.089621874898555  0.081265875682574 0.906764
1.750000  0.072287328538747  0.065478367970092 0.905807
1.800000  0.055294481725684  0.049997197792412 0.904199
1.850000  0.038756050910171  0.034919193951885 0.901
1.900000  0.022769301364269  0.020344892929310 0.893523
1.950000  0.007416655397371  0.006501794337311 0.876648
2.000000 -0.007174857090821 -0.005413782195005 0.754549
2.050000 -0.019728322924132 -0.014158261899606 0.717662
2.100000 -0.028514731176193 -0.018856246109607 0.661281
2.150000 -0.032694951995562 -0.019264485499001 0.589219
2.200000 -0.032104885630612 -0.015603981306978 0.486031
2.250000 -0.027037525692698 -0.008378241618119 0.309875
2.300000 -0.018076267561840  0.001747842773534 -0.0966927
2.350000 -0.005969371182870  0.014036580641043 -2.35143
2.400000  0.008462744008673  0.027741274199165 3.27805
2.450000  0.024394210987331  0.042150263480721 1.72788
2.500000  0.041040031513552  0.056615296270313 1.37951
2.550000  0.057686558357177  0.070568010600177 1.2233
2.600000  0.073709841898763  0.083528028002672 1.1332
2.650000  0.088584823247413  0.095105567567511 1.07361
2.700000  0.101887763061603  0.105000265993070 1.03055
2.750000  0.113293806146426  0.112996340350509 0.997374
2.800000  0.122571179954584  0.118955723249380 0.970503
2.850000  0.129573196178512  0.122810550074245 0.947808
2.900000  0.134228956677142  0.124554754066712 0.927928
2.950000  0.136533447863896  0.124234189862066 0.909918
3.000000  0.136537532796526  0.121935957104955 0.893058
3.050000  0.134338210301656  0.117778816581927 0.876734
3.100000  0.130069399429772  0.111906573432848 0.86036
3.150000  0.123893420237590  0.104482521635682 0.843326
3.200000  0.115993274031071  0.095683927073516 0.824909
3.250000  0.106565774174654  0.085697344124952 0.804173
3.300000  0.095815539378345  0.074715139740648 0.779781
3.350000  0.083949832516738  0.062930272441738 0.749618
3.400000  0.071174207442400  0.050527907491072 0.709919
3.450000  0.057688912219343  0.037679783515651 0.653155
3.500000  0.043685988312429  0.024545830898020 0.56187
3.550000  0.029347000371370  0.011276940367940 0.384262
3.600000  0.014841329402162 -0.001983625400154 -0.133656
3.650000  0.000324962560893 -0.015104374592496 -46.4804
3.700000 -0.014060285080676 -0.027981096129190 1.99008
3.750000 -0.028187178154043 -0.040534438215831 1.43805
3.800000 -0.041943155270298 -0.052690852924428 1.25624
3.850000 -0.055230162661291 -0.064337245224929 1.16489
3.900000 -0.067964275083521 -0.075151495556531 1.10575
3.950000 -0.080075147011073 -0.084089999439931 1.05014
4.000000 -0.091446623655272 -0.089987383890045 0.984043
4.050000 -0.100811528219298 -0.091982239862071 0.912418
4.100000 -0.106449511036422 -0.089784493327944 0.843447
4.150000 -0.107529092072272 -0.083570634764312 0.777191
4.200000 -0.103892873169700 -0.073821599321417 0.710555
4.250000 -0.095839663628939 -0.061190954472610 0.638472
4.300000 -0.083957849651056 -0.046413229159700 0.552816
4.350000 -0.068999916579559 -0.030237293702786 0.438222
4.400000 -0.051789801423257 -0.013379208902271 0.258337
4.450000 -0.033156236498767  0.003507914159579 -0.1058
4.500000 -0.013886486384754  0.019850073453496 -1.42945
4.550000  0.005304083303860  0.035159892018314 6.62883
4.600000  0.023790303935295  0.049039840285287 2.06134
4.650000  0.041046350864674  0.061182311897357 1.49057
4.700000  0.056648128633415  0.071364833337008 1.25979
4.750000  0.070270794438860  0.079443000974768 1.13053
4.800000  0.081682917982392  0.085343938687237 1.04482
4.850000  0.090738446847173  0.089059362195379 0.981495
4.900000  0.097367378598336  0.090635508264952 0.930861
4.950000  0.101565823669605  0.090160153675692 0.887702
5.000000  0.103385968204633  0.087751494405536 0.848776
5.050000  0.102926306105864  0.083552109892629 0.811766
5.100000  0.100322398500681  0.077724126665495 0.774744
5.150000  0.095738331531337  0.070444027889643 0.735798
5.200000  0.089358975508535  0.061898930948368 0.6927
5.250000  0.081383096438939  0.052283981761969 0.642443
5.300000  0.072017331742188  0.041796662699313 0.580369
5.350000  0.061471013115502  0.030627298730906 0.49824
5.400000  0.049951798913176  0.018951708928086 0.3794
5.450000  0.037662064373031  0.006931480089593 0.184044
5.500000  0.024795989134062 -0.005280787026557 -0.212969
5.550000  0.011537276594758 -0.017536858303341 -1.52002
5.600000 -0.001942562181373 -0.029699735625140 15.2889
5.650000 -0.015485426861403 -0.041664785864527 2.69058
5.700000 -0.028947413270202 -0.053364698184343 1.8435
5.750000 -0.042199227282042 -0.064740424576006 1.53416
5.800000 -0.055126284522338 -0.075658517871871 1.37246
5.850000 -0.067628548656197 -0.085728825308937 1.26764
5.900000 -0.079620156227279 -0.093987086175530 1.18044
5.950000 -0.091028871135205 -0.099326589404497 1.09115
6.000000 -0.101736698347533 -0.100902344784188 0.991799
6.050000 -0.110474673309342 -0.098380735912682 0.890528
6.100000 -0.115520712750386 -0.091890694548756 0.795448
6.150000 -0.116041658418201 -0.081879195591969 0.705602
6.200000 -0.111878490160442 -0.068980192091991 0.616563
6.250000 -0.103328451990671 -0.053918003530810 0.521812
6.300000 -0.090978421704180 -0.037437986448283 0.411504
6.350000 -0.075579433014361 -0.020256233462597 0.268013
6.400000 -0.057954027725652 -0.003026865268022 0.0522287
6.450000 -0.038929598811764  0.013674447985144 -0.351261
6.500000 -0.019292126619133  0.029356841711227 -1.5217
6.550000  0.000244253270647  0.043617326303387 178.574
6.600000  0.019055549109685  0.056142320737741 2.94625
6.650000  0.036617061153420  0.066704002821431 1.82166
6.700000  0.052505768122990  0.075153105182242 1.43133
6.750000  0.066397852017396  0.081412175442938 1.22613
6.800000  0.078062859367933  0.085469530359522 1.09488
6.850000  0.087355668071728  0.087369743348065 1.00016
6.900000  0.094207160984435  0.087200109538399 0.925621
6.950000  0.098614290324620  0.085078675161354 0.862742
7.000000  0.100630042047920  0.081147968883153 0.806399
7.050000  0.100353669434746  0.075570305090452 0.75304
7.100000  0.097921454093292  0.068522021744056 0.699765
7.150000  0.093498165277377  0.060189456080989 0.64375
7.200000  0.087269320552819  0.050767714506806 0.581736
7.250000  0.079434298817363  0.040456331628552 0.509306
7.300000  0.070200317485163  0.029448879001687 0.419498
7.350000  0.059777256790033  0.017923291630509 0.299835
7.400000  0.048373293571493  0.006040680823545 0.124876
7.450000  0.036191292872991 -0.006047567416348 -0.1671
7.500000  0.023425896794305 -0.018192006392972 -0.776577
7.550000  0.010261245145881 -0.030251367730768 -2.94812
7.600000 -0.003130739389746 -0.042117282801293 13.4528
7.650000 -0.016591568438717 -0.053727442491341 3.23824
7.700000 -0.029976972190017 -0.065032282565252 2.16941
7.750000 -0.043157312156130 -0.075888677350983 1.75842
7.800000 -0.056017679786112 -0.085873583451452 1.53297
7.850000 -0.068457733707620 -0.094077966314118 1.37425
7.900000 -0.080391323561126 -0.099445312690460 1.23702
7.950000 -0.091745943514096 -0.101145358463651 1.10245
8.000000 -0.102403345050549 -0.098813676086356 0.964946
8.050000 -0.111094325498301 -0.092536514468404 0.832954
8.100000 -0.116096577993042 -0.082728114391532 0.71258
8.150000 -0.116576734406700 -0.070002041002820 0.60048
8.200000 -0.112375577662376 -0.055072370461304 0.490074
8.250000 -0.103790167069032 -0.038681477110458 0.372689
8.300000 -0.091407207241420 -0.021546973061204 0.235725
8.350000 -0.075977569574636 -0.004326100183918 0.0569392
8.400000 -0.058323643788172  0.012402314587214 -0.212646
8.450000 -0.039272680407017  0.028143733429038 -0.716624
8.500000 -0.019610526398568  0.042489763592466 -2.16668
8.550000 -0.000051192497934  0.055120037085279 -1076.72
8.600000  0.018781446369811  0.065800198270878 3.50347
8.650000  0.036362799741056  0.074375783084016 2.04538
8.700000  0.052269948531871  0.080765310586751 1.54516
8.750000  0.066179170281219  0.084953602563983 1.28369
8.800000  0.077860100812705  0.086982054580674 1.11716
8.850000  0.087167701452801  0.086934976004869 0.99733
8.900000  0.094032932986647  0.084927693143627 0.90317
8.950000  0.098452820404958  0.081100836621758 0.823753
9.000000  0.100480417601154  0.075616325624965 0.752548
9.050000  0.100215041263408  0.068651142672373 0.685038
9.100000  0.097793032164317  0.060391944942222 0.617549
9.150000  0.093379214748614  0.051033618355513 0.54652
9.200000  0.087159158053494  0.040776512519959 0.46784
9.250000  0.079332288967382  0.029817122739881 0.375851
9.300000  0.070105869638969  0.018336709064140 0.261557
9.350000  0.059689821991469  0.006497010542803 0.108846
9.400000  0.048292361706868 -0.005552765736801 -0.114982
9.450000  0.036116390010245 -0.017665684025989 -0.489132
9.500000  0.023356582696836 -0.029701557714514 -1.27166
9.550000  0.010197110950233 -0.041550555842491 -4.07474
9.600000 -0.003190073342517 -0.053149368279826 16.6609
9.650000 -0.016646454627627 -0.064447960356564 3.87157
9.700000 -0.030027737803722 -0.075293628547517 2.50747
9.750000 -0.043204260856034 -0.085250812015886 1.9732
9.800000 -0.056061093351040 -0.093457604116438 1.66707
9.850000 -0.068497873567621 -0.098901314797043 1.44386
9.900000 -0.080428432227525 -0.100765405440136 1.25286
9.950000 -0.091780245912482 -0.098659708046476 1.07496
10.000000 -0.102435049762985 -0.092632386534554 0.904304
10.050000 -0.111123625920667 -0.083065240997997 0.747503
10.100000 -0.116123653413055 -0.070550502265533 0.607546
10.150000 -0.116601751007820 -0.055790249512470 0.478468
10.200000 -0.112398689458478 -0.039522213522528 0.351625
10.250000 -0.103811516774431 -0.022464751280205 0.216399
10.300000 -0.091426927080541 -0.005278850813834 0.0577385
10.350000 -0.075995782035353  0.011452181727618 -0.150695
10.400000 -0.058340462322596  0.027229411594252 -0.466733
10.450000 -0.039288210083251  0.041639282893728 -1.05984
10.500000 -0.019624864506749  0.054354692105913 -2.76968
10.550000 -0.000064429113638  0.065133952120717 -1010.94
10.600000  0.018769227861879  0.073816482824125 3.93285
10.650000  0.036351522160406  0.080316826823506 2.20945
10.700000  0.052259540450066  0.084617447933992 1.61918
10.750000  0.066169565601832  0.086757885701585 1.31114
10.800000  0.077851238381202  0.086820289183299 1.11521
10.850000  0.087159524694268  0.084917240872718 0.974274
10.900000  0.094025389569445  0.081186445037741 0.863452
10.950000  0.098445861928506  0.075787923274224 0.769844
11.000000  0.100473999306150  0.068898540902957 0.685735
11.050000  0.100209121762931  0.060705701682962 0.60579
11.100000  0.097787573194344  0.051404433276161 0.525674
11.150000  0.093374180936594  0.041194947041204 0.441181
11.200000  0.087154516703692  0.030275089178101 0.347373
11.250000  0.079328009861836  0.018829485223715 0.237362
11.300000  0.070101924852925  0.007023177706138 0.100185
11.350000  0.059686185722292 -0.004993830272165 -0.0836681
11.400000  0.048289010115453 -0.017076815377538 -0.353638
11.450000  0.036113301074052 -0.029089645889652 -0.805511
11.500000  0.023353736073703 -0.040925568774023 -1.75242
11.550000  0.010194487852203 -0.052520974725448 -5.1519
11.600000 -0.003192490266072 -0.063820072425120 19.9907
11.650000 -0.016648681398258 -0.074657785471140 4.48431
11.700000 -0.030029789214152 -0.084593546861904 2.81699
11.750000 -0.043206150562984 -0.092807412994533 2.14801
11.800000 -0.056062833961167 -0.098327614149317 1.75388
11.850000 -0.068499476717068 -0.100350572167310 1.46498
11.900000 -0.080429908655552 -0.098464647927839 1.22423
11.950000 -0.091781605529603 -0.092682830679183 1.00982
12.000000 -0.102436301714016 -0.083355921093124 0.813734
12.050000 -0.111124778643062 -0.071054889872364 0.639415
12.100000 -0.116124714690864 -0.056469356022227 0.486282
12.150000 -0.116602728021600 -0.040331075264842 0.345884
12.200000 -0.112399588831452 -0.023357546454726 0.207808
12.250000 -0.103812344615176 -0.006212589466460 0.0598444
12.300000 -0.091427689022448  0.010515943012868 -0.115019
12.350000 -0.075996483273118  0.026324458930731 -0.34639
12.400000 -0.058341107645941  0.040794675685481 -0.699244
12.450000 -0.039288803908099  0.053593653672607 -1.36409
12.500000 -0.019625410904033  0.064472616983458 -3.28516
12.550000 -0.000064931835918  0.073263892057641 -1128.32
12.600000  0.018768765355819  0.079876470105783 4.25582
12.650000  0.036351096682839  0.084289338283197 2.31876
12.700000  0.052259149063328  0.086540108439192 1.65598
12.750000  0.066169205598941  0.086709606897606 1.31042
12.800000  0.077850907267951  0.084908790388629 1.09066
12.850000  0.087159220172694  0.081273031387001 0.932466
12.900000  0.094025109522564  0.075960129429944 0.807871
12.950000  0.098445604406220  0.069146194125850 0.70238
13.000000  0.100473762512236  0.061019484004584 0.607318
13.050000  0.100208904043033  0.051775998201909 0.516681
13.100000  0.097787373024892  0.041615965231556 0.425576
13.150000  0.093373996914571  0.030737158419942 0.329183
13.200000  0.087154347537201  0.019325659649802 0.221741
13.250000  0.079327854361389  0.007549714633862 0.095171
13.300000  0.070101781923411 -0.004437679529664 -0.0633034
13.350000  0.059686054355564 -0.016491575843150 -0.276305
13.400000  0.048288889383494 -0.028479235496345 -0.589768
13.450000  0.036113190122668 -0.040298687940034 -1.1159
13.500000  0.023353634116710 -0.051888061212922 -2.22184
13.550000  0.010194394166067 -0.063186069274461 -6.19812
13.600000 -0.003192576347182 -0.074015937111016 23.1838
13.650000 -0.016648760487026 -0.083934979149669 5.04152
13.700000 -0.030029861874317 -0.092159296502058 3.06892
13.750000 -0.043206217313213 -0.097755545638275 2.26253
13.800000 -0.056062895278625 -0.099933356612133 1.78252
13.850000 -0.068499533040709 -0.098262491616955 1.4345
13.900000 -0.080429960389149 -0.092722685447647 1.15284
13.950000 -0.091781653044544 -0.083633804480201 0.911226
14.000000 -0.102436345351879 -0.071545408912859 0.698438
14.050000 -0.111124818717983 -0.057134696127147 0.514149
14.100000 -0.116124751491726 -0.041127417459032 0.354166
14.150000 -0.116602761814044 -0.024239681733857 0.207883
14.200000 -0.112399619859731 -0.007137563097107 0.0635017
14.250000 -0.103812373103860  0.009586472016026 -0.0923442
14.300000 -0.091427715178001  0.025423505734670 -0.278072
14.350000 -0.075996507285343  0.039950192813467 -0.525685
14.400000 -0.058341129689314  0.052828459864184 -0.90551
14.450000 -0.039288824142997  0.063803835732114 -1.62397
14.500000 -0.019625429477862  0.072702563496897 -3.70451
14.550000 -0.000064948884158  0.079427935855164 -1222.93
14.600000  0.018768749708663  0.083954389389195 4.47309
14.650000  0.036351082322349  0.086316496335978 2.37452
14.700000  0.052259135884366  0.086593399333281 1.657
14.750000  0.066169193504900  0.084894899078716 1.283
14.800000  0.077850896170069  0.081354691108578 1.04501
14.850000  0.087159209989423  0.076128393312379 0.873441
14.900000  0.094025100178985  0.069390725291858 0.738002
14.950000  0.098445595833510  0.061330372511023 0.622987
15.000000  0.100473754647177  0.052144859329629 0.51899
15.050000  0.100208896827557  0.042035447721569 0.419478
15.100000  0.097787366405663  0.031199928279129 0.319059
15.150000  0.093373990842607  0.019824439594226 0.212312
15.200000  0.087154341967516  0.008078718743918 0.0926944
15.250000  0.079327849252673 -0.003881598185022 -0.0489311
15.300000  0.070101777237730 -0.015910050523636 -0.226956
15.350000  0.059686050058084 -0.027875366920145 -0.467033
15.400000  0.048288885442235 -0.039679126450924 -0.821703
15.450000  0.036113186508265 -0.051261006916795 -1.41945
15.500000  0.023353630802207 -0.062554946946947 -2.6786
15.550000  0.010194391126716 -0.073375033235798 -7.19759
15.600000 -0.003192579134099 -0.083279149524984 26.0852
15.650000 -0.016648763042361 -0.091514356646537 5.49677
15.700000 -0.030029864217212 -0.097182935537367 3.23621
15.750000 -0.043206219461235 -0.099508887288422 2.30311
15.800000 -0.056062897247898 -0.098047059841433 1.74888
15.850000 -0.068499534846029 -0.092746247589525 1.35397
15.900000 -0.080429962044097 -0.083895393685581 1.04309
15.950000 -0.091781654561580 -0.072021497784340 0.784705
16.000000 -0.102436346742437 -0.057788474717690 0.56414
16.050000 -0.111124819992553 -0.041915636980944 0.377194
16.100000 -0.116124752659935 -0.025117235086054 0.216295
16.150000 -0.116602762884723 -0.008060845182091 0.0691308
16.200000 -0.112399620840983  0.008657020684606 -0.07702
16.250000 -0.103812374003117  0.024521900025496 -0.236214
16.300000 -0.091427716002082  0.039104499644832 -0.427709
16.350000 -0.075996508040501  0.052060899628685 -0.685043
16.400000 -0.058341130381286  0.063131033508596 -1.0821
16.450000 -0.039288824777045  0.072135845718636 -1.83604
16.500000 -0.019625430058811  0.078973638848269 -4.02405
16.550000 -0.000064949416435  0.083614272758460 -1287.38
16.600000  0.018768749221001  0.086088560257552 4.5868
16.650000  0.036351081875579  0.086473211569514 2.37883
16.700000  0.052259135475074  0.084876771695874 1.62415
16.750000  0.066169193129958  0.081431824100760 1.23066
16.800000  0.077850895826605  0.076292307331299 0.97998
16.850000  0.087159209674807  0.069631302375711 0.798898
16.900000  0.094025099890806  0.061637152468996 0.655539
16.950000  0.098445595569556  0.052508641954233 0.533377
17.000000  0.100473754405420  0.042448895400619 0.422487
17.050000  0.100208896606139  0.031656989292162 0.31591
17.100000  0.097787366202880  0.020319553473716 0.207793
17.150000  0.093373990656898  0.008606888054141 0.0921765
17.200000  0.087154341797449 -0.003324271000828 -0.0381423
17.250000  0.079327849096936 -0.015326883103435 -0.193209
17.300000  0.070101777095121 -0.027270807390130 -0.389017
17.350000  0.059686049927501 -0.039059947024562 -0.654423
17.400000  0.048288885322668 -0.050634434294548 -1.04857
17.450000  0.036113186398789 -0.061923553549099 -1.71471
17.500000  0.023353630701973 -0.072734432884655 -3.11448
17.550000  0.010194391034948 -0.082627577018547 -8.1052
17.600000 -0.003192579218114 -0.090876731507741 28.465
17.650000 -0.016648763119276 -0.096616068883084 5.8032
17.700000 -0.030029864287623 -0.099084041046197 3.29952
17.750000 -0.043206219525691 -0.097823953551181 2.26412
17.800000 -0.056062897306899 -0.092756725133696 1.65451
17.850000 -0.068499534900037 -0.084141349394564 1.22835
17.900000 -0.080429962093531 -0.072481692577412 0.901178
17.950000 -0.091781654606827 -0.058427500947281 0.636592
18.000000 -0.102436346783850 -0.042691237522723 0.416759
18.050000 -0.111124820030456 -0.025985184930300 0.233838
18.100000 -0.116124752694624 -0.008978104931879 0.0773143
18.150000 -0.116602762916470  0.007730136489490 -0.0662946
18.200000 -0.112399620870035  0.023620163737787 -0.210145
18.250000 -0.103812374029703  0.038256798270157 -0.368519
18.300000 -0.091427716026411  0.051289817728316 -0.560988
18.350000 -0.075996508062763  0.062453105970147 -0.821789
18.400000 -0.058341130401656  0.071562327649398 -1.22662
18.450000 -0.039288824795684  0.078511277476354 -1.99831
18.500000 -0.019625430075865  0.083265730514955 -4.24275
18.550000 -0.000064949432038  0.085852770767590 -1321.84
18.600000  0.018768749206725  0.086346205186750 4.60053
18.650000  0.036351081862518  0.084852827285772 2.33426
18.700000  0.052259135463125  0.081504117912748 1.55961
18.750000  0.066169193119026  0.076452768332383 1.15541
18.800000  0.077850895816605  0.069870381650993 0.89749
18.850000  0.087159209665660  0.061944325157379 0.710703
18.900000  0.094025099882438  0.052873577797587 0.562335
18.950000  0.098445595561902  0.042862593664839 0.435394
19.000000  0.100473754398419  0.032112306677906 0.319609
19.050000  0.100208896599735  0.020811069379478 0.207677
19.100000  0.097787366197023  0.009130584786272 0.0933718
19.150000  0.093373990651541 -0.002771441968773 -0.0296811
19.200000  0.087154341792550 -0.014748105310067 -0.169218
19.250000  0.079327849092455 -0.026670761767258 -0.336209
19.300000  0.070101777091022 -0.038445072718264 -0.548418
19.350000  0.059686049923753 -0.050010675891051 -0.837896
19.400000  0.048288885319240 -0.061292290612937 -1.26928
19.450000  0.036113186395655 -0.072092187670938 -1.99628
19.500000  0.023353630699107 -0.081975698410893 -3.51019
19.550000  0.010194391032326 -0.090240668001314 -8.85199
19.600000 -0.003192579220510 -0.096049931280551 30.0854
19.650000 -0.016648763121467 -0.098655692112221 5.92571
19.700000 -0.030029864289626 -0.097591911059855 3.24983
19.750000 -0.043206219527523 -0.092754258798108 2.14678
19.800000 -0.056062897308575 -0.084372964961413 1.50497
19.850000 -0.068499534901568 -0.072928372448161 1.06466
19.900000 -0.080429962094931 -0.059054994435758 0.734241
19.950000 -0.091781654608106 -0.043457619727815 0.473489
