0.000000  0.000058708691043  0.000112926429517 1.9235
0.050000  0.001397978033584  0.001401562653422 1.00256
0.100000  0.005704107297886  0.005387094895671 0.944424
0.150000  0.013784910217552  0.012807590172217 0.929102
0.200000  0.025783590234212  0.023795587862764 0.922897
0.250000  0.041395698152761  0.038071583069170 0.919699
0.300000  0.060034856479254  0.055097992480159 0.917767
0.350000  0.080957353521531  0.074194417439506 0.916463
0.400000  0.103353939313936  0.094621894526237 0.915513
0.450000  0.126415669900266  0.115642941237805 0.914783
0.500000  0.149379403262958  0.136562738709985 0.914201
0.550000  0.171557512236712  0.156755781165049 0.913721
0.600000  0.192355515470098  0.175681656432786 0.913317
0.650000  0.211280609894948  0.192892658684231 0.912969
0.700000  0.227943494197110  0.208035342135317 0.912662
0.750000  0.242055382832307  0.220847843261826 0.912386
0.800000  0.253421707505383  0.231154065010037 0.912132
0.850000  0.261933673550549  0.238855896310144 0.911895
0.900000  0.267558570286890  0.243924488074582 0.911668
0.950000  0.270329516992232  0.246391099902743 0.911447
1.000000  0.270335151028771  0.246337847268962 0.911231
1.050000  0.267709624599691  0.243888406880492 0.911018
1.100000  0.262623165497653  0.239198879150145 0.910806
1.150000  0.255273369880676  0.232449672455271 0.910591
1.200000  0.245877327265623  0.223838521208253 0.910367
1.250000  0.234664625956914  0.213574601442355 0.910127
1.300000  0.221871248018386  0.201873715107909 0.909869
1.350000  0.207734334145820  0.188954068194625 0.909595
1.400000  0.192487778330313  0.175031944683032 0.909315
1.450000  0.176358598302848  0.160315723184230 0.909033
1.500000  0.159564019005692  0.145000853484377 0.908732
1.550000  0.142309201589287  0.129270755057955 0.908379
1.600000  0.124785548739687  0.113299143354725 0.907951
1.650000  0.107169517735642  0.097248480405691 0.907427
1.700000  0.089621874898555  0.081265942368022 0.906765
1.750000  0.072287328538747  0.065478430793592 0.905808
1.800000  0.055294481725684  0.049997256831502 0.9042
1.850000  0.038756050910171  0.034919250905127 0.901001
1.900000  0.022769301364269  0.020344955036646 0.893526
1.950000  0.007416655397371  0.006501865883743 0.876657
2.000000 -0.007174857090821 -0.005413716082049 0.75454
2.050000 -0.019728322924132 -0.014158219236540 0.71766
2.100000 -0.028514731176193 -0.018856239102861 0.661281
2.150000 -0.032694951995562 -0.019264514872573 0.58922
2.200000 -0.032104885630612 -0.015604037830708 0.486033
2.250000 -0.027037525692698 -0.008378313124562 0.309877
2.300000 -0.018076267561840  0.001747766424470 -0.0966885
2.350000 -0.005969371182870  0.014036505373442 -2.35142
2.400000  0.008462744008673  0.027741199908050 3.27804
2.450000  0.024394210987331  0.042150187456350 1.72788
2.500000  0.041040031513552  0.056615215933235 1.37951
2.550000  0.057686558357177  0.070567924655798 1.2233
2.600000  0.073709841898763  0.083527937984647 1.1332
2.650000  0.088584823247413  0.095105476512639 1.07361
2.700000  0.101887763061603  0.105000177920199 1.03055
2.750000  0.113293806146426  0.112996258527611 0.997374
2.800000  0.122571179954584  0.118955649723736 0.970503
2.850000  0.129573196178512  0.122810486087068 0.947808
2.900000  0.134228956677142  0.124554701138374 0.927927
2.950000  0.136533447863896  0.124234150368410 0.909917
3.000000  0.136537532796526  0.121935931409520 0.893058
3.050000  0.134338210301656  0.117778809574817 0.876734
3.100000  0.130069399429772  0.111906585790934 0.860361
3.150000  0.123893420237590  0.104482554448577 0.843326
3.200000  0.115993274031071  0.095683978427057 0.82491
3.250000  0.106565774174654  0.085697410952369 0.804174
3.300000  0.095815539378345  0.074715219453461 0.779782
3.350000  0.083949832516738  0.062930363897264 0.749619
3.400000  0.071174207442400  0.050528008268860 0.70992
3.450000  0.057688912219343  0.037679890018912 0.653157
3.500000  0.043685988312429  0.024545940065991 0.561872
3.550000  0.029347000371370  0.011277049077318 0.384266
3.600000  0.014841329402162 -0.001983518797427 -0.133648
3.650000  0.000324962560893 -0.015104270680563 -46.48
3.700000 -0.014060285080676 -0.027980996419435 1.99007
3.750000 -0.028187178154043 -0.040534342509454 1.43804
3.800000 -0.041943155270298 -0.052690756145116 1.25624
3.850000 -0.055230162661291 -0.064337133973844 1.16489
3.900000 -0.067964275083521 -0.075151364514694 1.10575
3.950000 -0.080075147011073 -0.084089869512901 1.05014
4.000000 -0.091446623655272 -0.089987284780132 0.984042
4.050000 -0.100811528219298 -0.091982193354163 0.912417
4.100000 -0.106449511036422 -0.089784504501535 0.843447
4.150000 -0.107529092072272 -0.083570693757798 0.777191
4.200000 -0.103892873169700 -0.073821689612542 0.710556
4.250000 -0.095839663628939 -0.061191060088581 0.638473
4.300000 -0.083957849651056 -0.046413340374303 0.552817
4.350000 -0.068999916579559 -0.030237409302880 0.438224
4.400000 -0.051789801423257 -0.013379332234789 0.258339
4.450000 -0.033156236498767  0.003507779686620 -0.105795
4.500000 -0.013886486384754  0.019849926376318 -1.42944
4.550000  0.005304083303860  0.035159734934552 6.62881
4.600000  0.023790303935295  0.049039678335313 2.06133
4.650000  0.041046350864674  0.061182151515564 1.49056
4.700000  0.056648128633415  0.071364680237591 1.25979
4.750000  0.070270794438860  0.079442859203550 1.13052
4.800000  0.081682917982392  0.085343811106716 1.04482
4.850000  0.090738446847173  0.089059251723155 0.981494
4.900000  0.097367378598336  0.090635418282285 0.93086
4.950000  0.101565823669605  0.090160085727849 0.887701
5.000000  0.103385968204633  0.087751454310151 0.848775
5.050000  0.102926306105864  0.083552100028596 0.811766
5.100000  0.100322398500681  0.077724148597141 0.774744
5.150000  0.095738331531337  0.070444079525789 0.735798
5.200000  0.089358975508535  0.061899008150923 0.692701
5.250000  0.081383096438939  0.052284080792324 0.642444
5.300000  0.072017331742188  0.041796781214074 0.580371
5.350000  0.061471013115502  0.030627433497086 0.498242
5.400000  0.049951798913176  0.018951855301518 0.379403
5.450000  0.037662064373031  0.006931633487373 0.184048
5.500000  0.024795989134062 -0.005280631186864 -0.212963
5.550000  0.011537276594758 -0.017536702865743 -1.52
5.600000 -0.001942562181373 -0.029699582707047 15.2889
5.650000 -0.015485426861403 -0.041664638127940 2.69057
5.700000 -0.028947413270202 -0.053364555103205 1.8435
5.750000 -0.042199227282042 -0.064740277626901 1.53416
5.800000 -0.055126284522338 -0.075658348935493 1.37246
5.850000 -0.067628548656197 -0.085728629024572 1.26764
5.900000 -0.079620156227279 -0.093986887791674 1.18044
5.950000 -0.091028871135205 -0.099326427909975 1.09115
6.000000 -0.101736698347533 -0.100902250732452 0.991798
6.050000 -0.110474673309342 -0.098380719091989 0.890527
6.100000 -0.115520712750386 -0.091890745479330 0.795448
6.150000 -0.116041658418201 -0.081879294774881 0.705603
6.200000 -0.111878490160442 -0.068980318816213 0.616565
6.250000 -0.103328451990671 -0.053918144034421 0.521813
6.300000 -0.090978421704180 -0.037438137376943 0.411506
6.350000 -0.075579433014361 -0.020256398105662 0.268015
6.400000 -0.057954027725652 -0.003027047725502 0.0522319
6.450000 -0.038929598811764  0.013674245993910 -0.351256
6.500000 -0.019292126619133  0.029356623584104 -1.52169
6.550000  0.000244253270647  0.043617098995282 178.573
6.600000  0.019055549109685  0.056142092882238 2.94623
6.650000  0.036617061153420  0.066703782341755 1.82166
6.700000  0.052505768122990  0.075152898184834 1.43133
6.750000  0.066397852017396  0.081411986650067 1.22612
6.800000  0.078062859367933  0.085469364233324 1.09488
6.850000  0.087355668071728  0.087369604511061 1.00016
6.900000  0.094207160984435  0.087200001065108 0.92562
6.950000  0.098614290324620  0.085078603637185 0.862741
7.000000  0.100630042047920  0.081147938302479 0.806399
7.050000  0.100353669434746  0.075570317632161 0.75304
7.100000  0.097921454093292  0.068522075344158 0.699766
7.150000  0.093498165277377  0.060189545709944 0.643751
7.200000  0.087269320552819  0.050767835056458 0.581737
7.250000  0.079434298817363  0.040456479092278 0.509307
7.300000  0.070200317485163  0.029449048916775 0.4195
7.350000  0.059777256790033  0.017923478224524 0.299838
7.400000  0.048373293571493  0.006040878322556 0.12488
7.450000  0.036191292872991 -0.006047364581972 -0.167094
7.500000  0.023425896794305 -0.018191802168308 -0.776568
7.550000  0.010261245145881 -0.030251165592837 -2.9481
7.600000 -0.003130739389746 -0.042117086319704 13.4528
7.650000 -0.016591568438717 -0.053727250437897 3.23823
7.700000 -0.029976972190017 -0.065032083394621 2.1694
7.750000 -0.043157312156130 -0.075888449751740 1.75841
7.800000 -0.056017679786112 -0.085873322231878 1.53297
7.850000 -0.068457733707620 -0.094077700450121 1.37425
7.900000 -0.080391323561126 -0.099445088837630 1.23701
7.950000 -0.091745943514096 -0.101145215294070 1.10245
8.000000 -0.102403345050549 -0.098813628451951 0.964945
8.050000 -0.111094325498301 -0.092536553808939 0.832955
8.100000 -0.116096577993042 -0.082728218931578 0.712581
8.150000 -0.116576734406700 -0.070002186251123 0.600482
8.200000 -0.112375577662376 -0.055072538973539 0.490076
8.250000 -0.103790167069032 -0.038681663030698 0.372691
8.300000 -0.091407207241420 -0.021547178931128 0.235727
8.350000 -0.075977569574636 -0.004326330367004 0.0569422
8.400000 -0.058323643788172  0.012402058293280 -0.212642
8.450000 -0.039272680407017  0.028143455113010 -0.716617
8.500000 -0.019610526398568  0.042489471926019 -2.16667
8.550000 -0.000051192497934  0.055119742830622 -1076.72
8.600000  0.018781446369811  0.065799911506859 3.50345
8.650000  0.036362799741056  0.074375511858944 2.04537
8.700000  0.052269948531871  0.080765061359626 1.54515
8.750000  0.066179170281219  0.084953381189134 1.28369
8.800000  0.077860100812705  0.086981866849921 1.11716
8.850000  0.087167701452801  0.086934826557923 0.997328
8.900000  0.094032932986647  0.084927589350639 0.903169
8.950000  0.098452820404958  0.081100783830106 0.823753
9.000000  0.100480417601154  0.075616326736858 0.752548
9.050000  0.100215041263408  0.068651195978567 0.685039
9.100000  0.097793032164317  0.060392045093456 0.61755
9.150000  0.093379214748614  0.051033759238031 0.546522
9.200000  0.087159158053494  0.040776688496235 0.467842
9.250000  0.079332288967382  0.029817327784493 0.375854
9.300000  0.070105869638969  0.018336936031353 0.261561
9.350000  0.059689821991469  0.006497252368456 0.10885
9.400000  0.048292361706868 -0.005552515671848 -0.114977
9.450000  0.036116390010245 -0.017665430972464 -0.489125
9.500000  0.023356582696836 -0.029701306557222 -1.27165
9.550000  0.010197110950233 -0.041550310786874 -4.07471
9.600000 -0.003190073342517 -0.053149126980164 16.6608
9.650000 -0.016646454627627 -0.064447708509311 3.87156
9.700000 -0.030027737803722 -0.075293342904914 2.50746
9.750000 -0.043204260856034 -0.085250487658845 1.9732
9.800000 -0.056061093351040 -0.093457272951643 1.66706
9.850000 -0.068497873567621 -0.098901029889071 1.44386
9.900000 -0.080428432227525 -0.100765212853474 1.25286
9.950000 -0.091780245912482 -0.098659627942888 1.07495
10.000000 -0.102435049762985 -0.092632411880201 0.904304
10.050000 -0.111123625920667 -0.083065348219655 0.747504
10.100000 -0.116123653413055 -0.070550663599977 0.607548
10.150000 -0.116601751007820 -0.055790444155522 0.47847
10.200000 -0.112398689458478 -0.039522433077838 0.351627
10.250000 -0.103811516774431 -0.022464997248437 0.216402
10.300000 -0.091426927080541 -0.005279127639749 0.0577415
10.350000 -0.075995782035353  0.011451872150898 -0.150691
10.400000 -0.058340462322596  0.027229073828504 -0.466727
10.450000 -0.039288210083251  0.041638927107011 -1.05983
10.500000 -0.019624864506749  0.054354331194526 -2.76967
10.550000 -0.000064429113638  0.065133598493547 -1010.93
10.600000  0.018769227861879  0.073816146711578 3.93283
10.650000  0.036351522160406  0.080316516537719 2.20944
10.700000  0.052259540450066  0.084617170765692 1.61917
10.750000  0.066169565601832  0.086757648652469 1.31114
10.800000  0.077851238381202  0.086820098446790 1.11521
10.850000  0.087159524694268  0.084917104685198 0.974272
10.900000  0.094025389569445  0.081186369865107 0.863452
10.950000  0.098445861928506  0.075787912530971 0.769844
11.000000  0.100473999306150  0.068898593088582 0.685736
11.050000  0.100209121762931  0.060705811216348 0.605791
11.100000  0.097787573194344  0.051404593241012 0.525676
11.150000  0.093374180936594  0.041195150395274 0.441184
11.200000  0.087154516703692  0.030275328336366 0.347375
11.250000  0.079328009861836  0.018829751622272 0.237366
11.300000  0.070101924852925  0.007023462992691 0.100189
11.350000  0.059686185722292 -0.004993533745145 -0.0836631
11.400000  0.048289010115453 -0.017076514169193 -0.353631
11.450000  0.036113301074052 -0.029089346241100 -0.805502
11.500000  0.023353736073703 -0.040925275322674 -1.75241
11.550000  0.010194487852203 -0.052520683836935 -5.15187
11.600000 -0.003192490266072 -0.063819767303962 19.9906
11.650000 -0.016648681398258 -0.074657441757750 4.48429
11.700000 -0.030029789214152 -0.084593160180302 2.81697
11.750000 -0.043206150562984 -0.092807017630998 2.148
11.800000 -0.056062833961167 -0.098327268573239 1.75388
11.850000 -0.068499476717068 -0.100350329309352 1.46498
11.900000 -0.080429908655552 -0.098464533484666 1.22423
11.950000 -0.091781605529603 -0.092682839823311 1.00982
12.000000 -0.102436301714016 -0.083356029059861 0.813735
12.050000 -0.111124778643062 -0.071055065962120 0.639417
12.100000 -0.116124714690864 -0.056469576159574 0.486284
12.150000 -0.116602728021600 -0.040331328317770 0.345887
12.200000 -0.112399588831452 -0.023357832405968 0.207811
12.250000 -0.103812344615176 -0.006212912418621 0.0598475
12.300000 -0.091427689022448  0.010515581212963 -0.115015
12.350000 -0.075996483273118  0.026324063151407 -0.346385
12.400000 -0.058341107645941  0.040794257214355 -0.699237
12.450000 -0.039288803908099  0.053593227240399 -1.36408
12.500000 -0.019625410904033  0.064472197212112 -3.28514
12.550000 -0.000064931835918  0.073263491365833 -1128.31
12.600000  0.018768765355819  0.079876098674147 4.2558
12.650000  0.036351096682839  0.084289004829095 2.31875
12.700000  0.052259149063328  0.086539821191037 1.65597
12.750000  0.066169205598941  0.086709373623364 1.31042
12.800000  0.077850907267951  0.084908620420154 1.09066
12.850000  0.087159220172694  0.081272932395631 0.932465
12.900000  0.094025109522564  0.075960105477367 0.80787
12.950000  0.098445604406220  0.069146243945221 0.70238
13.000000  0.100473762512236  0.061019601798917 0.607319
13.050000  0.100208904043033  0.051776176271186 0.516682
13.100000  0.097787373024892  0.041616195230368 0.425578
13.150000  0.093373996914571  0.030737431257170 0.329186
13.200000  0.087154347537201  0.019325965334902 0.221744
13.250000  0.079327854361389  0.007550043439857 0.0951752
13.300000  0.070101781923411 -0.004437336493703 -0.0632985
13.350000  0.059686054355564 -0.016491226585512 -0.276299
13.400000  0.048288889383494 -0.028478887592879 -0.589761
13.450000  0.036113190122668 -0.040298346296095 -1.11589
13.500000  0.023353634116710 -0.051887720853586 -2.22183
13.550000  0.010194394166067 -0.063185711204859 -6.19808
13.600000 -0.003192576347182 -0.074015536295934 23.1836
13.650000 -0.016648760487026 -0.083934531854233 5.04149
13.700000 -0.030029861874317 -0.092158838847635 3.06891
13.750000 -0.043206217313213 -0.097755140445771 2.26252
13.800000 -0.056062895278625 -0.099933062966578 1.78252
13.850000 -0.068499533040709 -0.098262340812671 1.4345
13.900000 -0.080429960389149 -0.092722675512472 1.15284
13.950000 -0.091781653044544 -0.083633910224945 0.911227
14.000000 -0.102436345351879 -0.071545597219604 0.69844
14.050000 -0.111124818717983 -0.057134939907815 0.514151
14.100000 -0.116124751491726 -0.041127702916183 0.354168
14.150000 -0.116602761814044 -0.024240007151463 0.207885
14.200000 -0.112399619859731 -0.007137931913558 0.0635049
14.250000 -0.103812373103860  0.009586058244222 -0.0923402
14.300000 -0.091427715178001  0.025423052264302 -0.278067
14.350000 -0.075996507285343  0.039949711944572 -0.525678
14.400000 -0.058341129689314  0.052827968038172 -0.905501
14.450000 -0.039288824142997  0.063803349776383 -1.62396
14.500000 -0.019625429477862  0.072702098124644 -3.70448
14.550000 -0.000064948884158  0.079427503214574 -1222.92
14.600000  0.018768749708663  0.083953999656719 4.47307
14.650000  0.036351082322349  0.086316158885179 2.37451
14.700000  0.052259135884366  0.086593123305622 1.65699
14.750000  0.066169193504900  0.084894694878361 1.28299
14.800000  0.077850896170069  0.081354567567267 1.045
14.850000  0.087159209989423  0.076128355230994 0.87344
14.900000  0.094025100178985  0.069390771711915 0.738003
14.950000  0.098445595833510  0.061330497445253 0.622989
15.000000  0.100473754647177  0.052145054279834 0.518992
15.050000  0.100208896827557  0.042035703066362 0.419481
15.100000  0.097787366405663  0.031200233492751 0.319062
15.150000  0.093373990842607  0.019824783388738 0.212316
15.200000  0.087154341967516  0.008079090158427 0.0926987
15.250000  0.079327849252673 -0.003881209274695 -0.0489262
15.300000  0.070101777237730 -0.015909653585668 -0.226951
15.350000  0.059686050058084 -0.027874970801931 -0.467027
15.400000  0.048288885442235 -0.039678736233591 -0.821695
15.450000  0.036113186508265 -0.051260616387502 -1.41944
15.500000  0.023353630802207 -0.062554535328514 -2.67858
15.550000  0.010194391126716 -0.073374575239020 -7.19754
15.600000 -0.003192579134099 -0.083278642294726 26.0851
15.650000 -0.016648763042361 -0.091513837933273 5.49673
15.700000 -0.030029864217212 -0.097182471755353 3.23619
15.750000 -0.043206219461235 -0.099508542958385 2.30311
15.800000 -0.056062897247898 -0.098046871669849 1.74887
15.850000 -0.068499534846029 -0.092746216838912 1.35397
15.900000 -0.080429962044097 -0.083895495333025 1.04309
15.950000 -0.091781654561580 -0.072021696677320 0.784707
16.000000 -0.102436346742437 -0.057788740849452 0.564143
16.050000 -0.111124819992553 -0.041915953826149 0.377197
16.100000 -0.116124752659935 -0.025117599080252 0.216298
16.150000 -0.116602762884723 -0.008061258925902 0.0691344
16.200000 -0.112399620840983  0.008656556013584 -0.0770159
16.250000 -0.103812374003117  0.024521390056624 -0.236209
16.300000 -0.091427716002082  0.039103957525491 -0.427704
16.350000 -0.075996508040501  0.052060343281868 -0.685036
16.400000 -0.058341130381286  0.063130481787530 -1.08209
16.450000 -0.039288824777045  0.072135315590966 -1.83603
16.500000 -0.019625430058811  0.078973144523720 -4.02402
16.550000 -0.000064949416435  0.083613826041270 -1287.37
16.600000  0.018768749221001  0.086088171791172 4.58678
16.650000  0.036351081875579  0.086472891820790 2.37883
16.700000  0.052259135475074  0.084876532150671 1.62415
16.750000  0.066169193129958  0.081431674747795 1.23066
16.800000  0.077850895826605  0.076292253852648 0.979979
16.850000  0.087159209674807  0.069631344289523 0.798898
16.900000  0.094025099890806  0.061637283701910 0.655541
16.950000  0.098445595569556  0.052508853207355 0.533379
17.000000  0.100473754405420  0.042449175711093 0.42249
17.050000  0.100208896606139  0.031657326600391 0.315913
17.100000  0.097787366202880  0.020319935094339 0.207797
17.150000  0.093373990656898  0.008607301732335 0.0921809
17.200000  0.087154341797449 -0.003323836697614 -0.0381374
17.250000  0.079327849096936 -0.015326439099889 -0.193204
17.300000  0.070101777095121 -0.027270363681426 -0.389011
17.350000  0.059686049927501 -0.039059508710500 -0.654416
17.400000  0.048288885322668 -0.050633993938229 -1.04856
17.450000  0.036113186398789 -0.061923088831884 -1.71469
17.500000  0.023353630701973 -0.072733918382753 -3.11446
17.550000  0.010194391034948 -0.082627010765226 -8.10514
17.600000 -0.003192579218114 -0.090876152695871 28.4648
17.650000 -0.016648763119276 -0.096615546975302 5.80317
17.700000 -0.030029864287623 -0.099083645459687 3.2995
17.750000 -0.043206219525691 -0.097823726284595 2.26411
17.800000 -0.056062897306899 -0.092756671083538 1.65451
17.850000 -0.068499534900037 -0.084141444379982 1.22835
17.900000 -0.080429962093531 -0.072481899947107 0.90118
17.950000 -0.091781654606827 -0.058427787985768 0.636595
18.000000 -0.102436346783850 -0.042691584921540 0.416762
18.050000 -0.111124820030456 -0.025985587069329 0.233841
18.100000 -0.116124752694624 -0.008978563334227 0.0773183
18.150000 -0.116602762916470  0.007729621180485 -0.0662902
18.200000 -0.112399620870035  0.023619597612040 -0.210139
18.250000 -0.103812374029703  0.038256195331949 -0.368513
18.300000 -0.091427716026411  0.051289197336275 -0.560981
18.350000 -0.075996508062763  0.062452488918406 -0.821781
18.400000 -0.058341130401656  0.071561733074840 -1.22661
18.450000 -0.039288824795684  0.078510721614777 -1.9983
18.500000 -0.019625430075865  0.083265226837765 -4.24272
18.550000 -0.000064949432038  0.085852331236962 -1321.83
18.600000  0.018768749206725  0.086345841513404 4.60051
18.650000  0.036351081862518  0.084852551939777 2.33425
18.700000  0.052259135463125  0.081503941895575 1.55961
18.750000  0.066169193119026  0.076452698205178 1.15541
18.800000  0.077850895816605  0.069870417535648 0.89749
18.850000  0.087159209665660  0.061944461082395 0.710705
18.900000  0.094025099882438  0.052873803836537 0.562337
18.950000  0.098445595561902  0.042862897633496 0.435397
19.000000  0.100473754398419  0.032112675051812 0.319613
19.050000  0.100208896599735  0.020811488092218 0.207681
19.100000  0.097787366197023  0.009131040278139 0.0933765
19.150000  0.093373990651541 -0.002770962493648 -0.029676
19.200000  0.087154341792550 -0.014747614260114 -0.169213
19.250000  0.079327849092455 -0.026670270262148 -0.336203
19.300000  0.070101777091022 -0.038444585890988 -0.548411
19.350000  0.059686049923753 -0.050010185272025 -0.837887
19.400000  0.048288885319240 -0.061291772708003 -1.26927
19.450000  0.036113186395655 -0.072091617095530 -1.99627
19.500000  0.023353630699107 -0.081975074073419 -3.51016
19.550000  0.010194391032326 -0.090240030349771 -8.85193
19.600000 -0.003192579220510 -0.096049352323320 30.0852
19.650000 -0.016648763121467 -0.098655245574183 5.92568
19.700000 -0.030029864289626 -0.097591643934194 3.24982
19.750000 -0.043206219527523 -0.092754179778967 2.14678
19.800000 -0.056062897308575 -0.084373051202117 1.50497
19.850000 -0.068499534901568 -0.072928586282886 1.06466
19.900000 -0.080429962094931 -0.059055300697027 0.734245
19.950000 -0.091781654608106 -0.043457996340136 0.473493
