0.000000  0.000058708691043  0.000112926494132 1.92351
0.050000  0.001397978033584  0.001401563421315 1.00256
0.100000  0.005704107297886  0.005387097119371 0.944424
0.150000  0.013784910217552  0.012807594086147 0.929102
0.200000  0.025783590234212  0.023795593188735 0.922897
0.250000  0.041395698152761  0.038071588948543 0.919699
0.300000  0.060034856479254  0.055097998133493 0.917767
0.350000  0.080957353521531  0.074194422341240 0.916463
0.400000  0.103353939313936  0.094621898348548 0.915513
0.450000  0.126415669900266  0.115642944164254 0.914783
0.500000  0.149379403262958  0.136562740919748 0.914201
0.550000  0.171557512236712  0.156755782787047 0.913721
0.600000  0.192355515470098  0.175681657522162 0.913317
0.650000  0.211280609894948  0.192892659080709 0.912969
0.700000  0.227943494197110  0.208035341858420 0.912662
0.750000  0.242055382832307  0.220847842319540 0.912386
0.800000  0.253421707505383  0.231154063436800 0.912132
0.850000  0.261933673550549  0.238855894028201 0.911895
0.900000  0.267558570286890  0.243924484736394 0.911668
0.950000  0.270329516992232  0.246391095533448 0.911447
1.000000  0.270335151028771  0.246337842409945 0.911231
1.050000  0.267709624599691  0.243888401339428 0.911018
1.100000  0.262623165497653  0.239198873759183 0.910806
1.150000  0.255273369880676  0.232449667046255 0.910591
1.200000  0.245877327265623  0.223838516332467 0.910367
1.250000  0.234664625956914  0.213574596819468 0.910127
1.300000  0.221871248018386  0.201873710218011 0.909869
1.350000  0.207734334145820  0.188954062821188 0.909595
1.400000  0.192487778330313  0.175031940135640 0.909315
1.450000  0.176358598302848  0.160315719391154 0.909033
1.500000  0.159564019005692  0.145000850097607 0.908731
1.550000  0.142309201589287  0.129270751601250 0.908379
1.600000  0.124785548739687  0.113299139899328 0.907951
1.650000  0.107169517735642  0.097248476625167 0.907427
1.700000  0.089621874898555  0.081265938133475 0.906765
1.750000  0.072287328538747  0.065478425759133 0.905808
1.800000  0.055294481725684  0.049997251051331 0.9042
1.850000  0.038756050910171  0.034919244650913 0.901001
1.900000  0.022769301364269  0.020344950809916 0.893525
1.950000  0.007416655397371  0.006501865759027 0.876657
2.000000 -0.007174857090821 -0.005413711846700 0.754539
2.050000 -0.019728322924132 -0.014158211052661 0.717659
2.100000 -0.028514731176193 -0.018856228198294 0.66128
2.150000 -0.032694951995562 -0.019264502698283 0.589219
2.200000 -0.032104885630612 -0.015604026404129 0.486033
2.250000 -0.027037525692698 -0.008378304314673 0.309877
2.300000 -0.018076267561840  0.001747771658265 -0.0966887
2.350000 -0.005969371182870  0.014036506858920 -2.35142
2.400000  0.008462744008673  0.027741198447424 3.27804
2.450000  0.024394210987331  0.042150183751097 1.72788
2.500000  0.041040031513552  0.056615210633664 1.37951
2.550000  0.057686558357177  0.070567918123746 1.2233
2.600000  0.073709841898763  0.083527930425821 1.1332
2.650000  0.088584823247413  0.095105468150859 1.07361
2.700000  0.101887763061603  0.105000169052436 1.03055
2.750000  0.113293806146426  0.112996249374916 0.997374
2.800000  0.122571179954584  0.118955640244817 0.970503
2.850000  0.129573196178512  0.122810475871135 0.947808
2.900000  0.134228956677142  0.124554690261367 0.927927
2.950000  0.136533447863896  0.124234139517700 0.909917
3.000000  0.136537532796526  0.121935920528898 0.893058
3.050000  0.134338210301656  0.117778799850994 0.876733
3.100000  0.130069399429772  0.111906577367723 0.860361
3.150000  0.123893420237590  0.104482548016639 0.843326
3.200000  0.115993274031071  0.095683973715234 0.82491
3.250000  0.106565774174654  0.085697406883835 0.804174
3.300000  0.095815539378345  0.074715215618751 0.779782
3.350000  0.083949832516738  0.062930361927185 0.749619
3.400000  0.071174207442400  0.050528008519172 0.70992
3.450000  0.057688912219343  0.037679891686485 0.653157
3.500000  0.043685988312429  0.024545942036510 0.561872
3.550000  0.029347000371370  0.011277051041385 0.384266
3.600000  0.014841329402162 -0.001983517256449 -0.133648
3.650000  0.000324962560893 -0.015104269991218 -46.48
3.700000 -0.014060285080676 -0.027980997206943 1.99007
3.750000 -0.028187178154043 -0.040534344891644 1.43804
3.800000 -0.041943155270298 -0.052690759065615 1.25624
3.850000 -0.055230162661291 -0.064337132987152 1.16489
3.900000 -0.067964275083521 -0.075151356187039 1.10575
3.950000 -0.080075147011073 -0.084089853705517 1.05014
4.000000 -0.091446623655272 -0.089987263071524 0.984041
4.050000 -0.100811528219298 -0.091982168222584 0.912417
4.100000 -0.106449511036422 -0.089784478587363 0.843447
4.150000 -0.107529092072272 -0.083570670126731 0.777191
4.200000 -0.103892873169700 -0.073821671167794 0.710556
4.250000 -0.095839663628939 -0.061191048419528 0.638473
4.300000 -0.083957849651056 -0.046413335616712 0.552817
4.350000 -0.068999916579559 -0.030237410108342 0.438224
4.400000 -0.051789801423257 -0.013379337353516 0.258339
4.450000 -0.033156236498767  0.003507771380958 -0.105795
4.500000 -0.013886486384754  0.019849915633019 -1.42944
4.550000  0.005304083303860  0.035159722325148 6.6288
4.600000  0.023790303935295  0.049039664346371 2.06133
4.650000  0.041046350864674  0.061182136679096 1.49056
4.700000  0.056648128633415  0.071364664975739 1.25979
4.750000  0.070270794438860  0.079442843599403 1.13052
4.800000  0.081682917982392  0.085343794856089 1.04482
4.850000  0.090738446847173  0.089059235009729 0.981494
4.900000  0.097367378598336  0.090635401896761 0.93086
4.950000  0.101565823669605  0.090160069741911 0.887701
5.000000  0.103385968204633  0.087751440018567 0.848775
5.050000  0.102926306105864  0.083552087961469 0.811766
5.100000  0.100322398500681  0.077724139622394 0.774744
5.150000  0.095738331531337  0.070444073400623 0.735798
5.200000  0.089358975508535  0.061899003561020 0.6927
5.250000  0.081383096438939  0.052284077246009 0.642444
5.300000  0.072017331742188  0.041796780349199 0.580371
5.350000  0.061471013115502  0.030627436045793 0.498242
5.400000  0.049951798913176  0.018951860385359 0.379403
5.450000  0.037662064373031  0.006931639502033 0.184048
5.500000  0.024795989134062 -0.005280625215540 -0.212963
5.550000  0.011537276594758 -0.017536697554013 -1.52
5.600000 -0.001942562181373 -0.029699578759645 15.2889
5.650000 -0.015485426861403 -0.041664636449709 2.69057
5.700000 -0.028947413270202 -0.053364555844273 1.8435
5.750000 -0.042199227282042 -0.064740278835301 1.53416
5.800000 -0.055126284522338 -0.075658344629061 1.37245
5.850000 -0.067628548656197 -0.085728614531571 1.26764
5.900000 -0.079620156227279 -0.093986862761207 1.18044
5.950000 -0.091028871135205 -0.099326394850127 1.09115
6.000000 -0.101736698347533 -0.100902213355064 0.991798
6.050000 -0.110474673309342 -0.098380681302556 0.890527
6.100000 -0.115520712750386 -0.091890711408542 0.795448
6.150000 -0.116041658418201 -0.081879268212728 0.705602
6.200000 -0.111878490160442 -0.068980301984287 0.616564
6.250000 -0.103328451990671 -0.053918137143730 0.521813
6.300000 -0.090978421704180 -0.037438138686904 0.411506
6.350000 -0.075579433014361 -0.020256405800269 0.268015
6.400000 -0.057954027725652 -0.003027060207150 0.0522321
6.450000 -0.038929598811764  0.013674229849270 -0.351255
6.500000 -0.019292126619133  0.029356604711250 -1.52169
6.550000  0.000244253270647  0.043617078182918 178.573
6.600000  0.019055549109685  0.056142070866085 2.94623
6.650000  0.036617061153420  0.066703759678950 1.82166
6.700000  0.052505768122990  0.075152875082564 1.43133
6.750000  0.066397852017396  0.081411962997675 1.22612
6.800000  0.078062859367933  0.085469340372119 1.09488
6.850000  0.087355668071728  0.087369581365662 1.00016
6.900000  0.094207160984435  0.087199978943331 0.925619
6.950000  0.098614290324620  0.085078583848771 0.862741
7.000000  0.100630042047920  0.081147921692228 0.806399
7.050000  0.100353669434746  0.075570305165016 0.75304
7.100000  0.097921454093292  0.068522066834791 0.699766
7.150000  0.093498165277377  0.060189539768239 0.643751
7.200000  0.087269320552819  0.050767831106356 0.581737
7.250000  0.079434298817363  0.040456478574260 0.509307
7.300000  0.070200317485163  0.029449052762340 0.4195
7.350000  0.059777256790033  0.017923485627644 0.299838
7.400000  0.048373293571493  0.006040887462015 0.124881
7.450000  0.036191292872991 -0.006047355237152 -0.167094
7.500000  0.023425896794305 -0.018191793663018 -0.776568
7.550000  0.010261245145881 -0.030251158944845 -2.9481
7.600000 -0.003130739389746 -0.042117082672108 13.4528
7.650000 -0.016591568438717 -0.053727249841822 3.23823
7.700000 -0.029976972190017 -0.065032083066213 2.1694
7.750000 -0.043157312156130 -0.075888442547854 1.75841
7.800000 -0.056017679786112 -0.085873302375918 1.53297
7.850000 -0.068457733707620 -0.094077667179618 1.37424
7.900000 -0.080391323561126 -0.099445045260550 1.23701
7.950000 -0.091745943514096 -0.101145166270032 1.10245
8.000000 -0.102403345050549 -0.098813579173169 0.964945
8.050000 -0.111094325498301 -0.092536509557610 0.832954
8.100000 -0.116096577993042 -0.082728184395417 0.712581
8.150000 -0.116576734406700 -0.070002164242510 0.600481
8.200000 -0.112375577662376 -0.055072529855785 0.490076
8.250000 -0.103790167069032 -0.038681664813697 0.372691
8.300000 -0.091407207241420 -0.021547189260700 0.235727
8.350000 -0.075977569574636 -0.004326347144013 0.0569424
8.400000 -0.058323643788172  0.012402036623466 -0.212642
8.450000 -0.039272680407017  0.028143429854876 -0.716616
8.500000 -0.019610526398568  0.042489444202775 -2.16667
8.550000 -0.000051192497934  0.055119713604443 -1076.71
8.600000  0.018781446369811  0.065799881442552 3.50345
8.650000  0.036362799741056  0.074375481236679 2.04537
8.700000  0.052269948531871  0.080765030238128 1.54515
8.750000  0.066179170281219  0.084953350043228 1.28369
8.800000  0.077860100812705  0.086981836720591 1.11716
8.850000  0.087167701452801  0.086934798048491 0.997328
8.900000  0.094032932986647  0.084927563840103 0.903168
8.950000  0.098452820404958  0.081100762398961 0.823753
9.000000  0.100480417601154  0.075616310416804 0.752548
9.050000  0.100215041263408  0.068651184672058 0.685039
9.100000  0.097793032164317  0.060392037514537 0.617549
9.150000  0.093379214748614  0.051033754811181 0.546522
9.200000  0.087159158053494  0.040776688394126 0.467842
9.250000  0.079332288967382  0.029817332905101 0.375854
9.300000  0.070105869638969  0.018336945583896 0.261561
9.350000  0.059689821991469  0.006497264416558 0.10885
9.400000  0.048292361706868 -0.005552503051015 -0.114977
9.450000  0.036116390010245 -0.017665419310432 -0.489125
9.500000  0.023356582696836 -0.029701297266960 -1.27165
9.550000  0.010197110950233 -0.041550305204203 -4.07471
9.600000 -0.003190073342517 -0.053149124931420 16.6608
9.650000 -0.016646454627627 -0.064447706421207 3.87156
9.700000 -0.030027737803722 -0.075293332786474 2.50746
9.750000 -0.043204260856034 -0.085250462787858 1.9732
9.800000 -0.056061093351040 -0.093457232051934 1.66706
9.850000 -0.068497873567621 -0.098900976406265 1.44385
9.900000 -0.080428432227525 -0.100765152615488 1.25285
9.950000 -0.091780245912482 -0.098659567384460 1.07495
10.000000 -0.102435049762985 -0.092632357443510 0.904303
10.050000 -0.111123625920667 -0.083065305517038 0.747504
10.100000 -0.116123653413055 -0.070550636050213 0.607548
10.150000 -0.116601751007820 -0.055790432323324 0.47847
10.200000 -0.112398689458478 -0.039522434850971 0.351627
10.250000 -0.103811516774431 -0.022465009823449 0.216402
10.300000 -0.091426927080541 -0.005279148447621 0.0577417
10.350000 -0.075995782035353  0.011451845097705 -0.150691
10.400000 -0.058340462322596  0.027229042210039 -0.466727
10.450000 -0.039288210083251  0.041638892399326 -1.05983
10.500000 -0.019624864506749  0.054354294640686 -2.76966
10.550000 -0.000064429113638  0.065133560932722 -1010.93
10.600000  0.018769227861879  0.073816108532239 3.93283
10.650000  0.036351522160406  0.080316477946634 2.20944
10.700000  0.052259540450066  0.084617132350837 1.61917
10.750000  0.066169565601832  0.086757611554071 1.31114
10.800000  0.077851238381202  0.086820063556448 1.1152
10.850000  0.087159524694268  0.084917073491833 0.974272
10.900000  0.094025389569445  0.081186343638686 0.863451
10.950000  0.098445861928506  0.075787892302728 0.769843
11.000000  0.100473999306150  0.068898578810620 0.685735
11.050000  0.100209121762931  0.060705801774982 0.605791
11.100000  0.097787573194344  0.051404588156874 0.525676
11.150000  0.093374180936594  0.041195150641226 0.441184
11.200000  0.087154516703692  0.030275334682259 0.347375
11.250000  0.079328009861836  0.018829763231588 0.237366
11.300000  0.070101924852925  0.007023477810000 0.10019
11.350000  0.059686185722292 -0.004993517948663 -0.0836629
11.400000  0.048289010115453 -0.017076499391813 -0.353631
11.450000  0.036113301074052 -0.029089334339148 -0.805502
11.500000  0.023353736073703 -0.040925267807715 -1.75241
11.550000  0.010194487852203 -0.052520680231507 -5.15187
11.600000 -0.003192490266072 -0.063819763249934 19.9906
11.650000 -0.016648681398258 -0.074657428579426 4.48428
11.700000 -0.030029789214152 -0.084593130388412 2.81697
11.750000 -0.043206150562984 -0.092806969424911 2.148
11.800000 -0.056062833961167 -0.098327205584825 1.75388
11.850000 -0.068499476717068 -0.100350258199742 1.46498
11.900000 -0.080429908655552 -0.098464461863353 1.22423
11.950000 -0.091781605529603 -0.092682775279179 1.00982
12.000000 -0.102436301714016 -0.083355978128604 0.813735
12.050000 -0.111124778643062 -0.071055032679168 0.639417
12.100000 -0.116124714690864 -0.056469561327295 0.486284
12.150000 -0.116602728021600 -0.040331329759337 0.345887
12.200000 -0.112399588831452 -0.023357846915941 0.207811
12.250000 -0.103812344615176 -0.006212936957245 0.0598478
12.300000 -0.091427689022448  0.010515549065367 -0.115015
12.350000 -0.075996483273118  0.026324025423545 -0.346385
12.400000 -0.058341107645941  0.040794215691973 -0.699236
12.450000 -0.039288803908099  0.053593183433920 -1.36408
12.500000 -0.019625410904033  0.064472152169233 -3.28514
12.550000 -0.000064931835918  0.073263445629249 -1128.31
12.600000  0.018768765355819  0.079876052600250 4.2558
12.650000  0.036351096682839  0.084288959102262 2.31875
12.700000  0.052259149063328  0.086539777041140 1.65597
12.750000  0.066169205598941  0.086709332227622 1.31042
12.800000  0.077850907267951  0.084908583434017 1.09066
12.850000  0.087159220172694  0.081272901278230 0.932465
12.900000  0.094025109522564  0.075960081260796 0.80787
12.950000  0.098445604406220  0.069146226594435 0.70238
13.000000  0.100473762512236  0.061019590361384 0.607319
13.050000  0.100208904043033  0.051776170386946 0.516682
13.100000  0.097787373024892  0.041616195745972 0.425578
13.150000  0.093373996914571  0.030737438800359 0.329186
13.200000  0.087154347537201  0.019325978988414 0.221744
13.250000  0.079327854361389  0.007550061010732 0.0951754
13.300000  0.070101781923411 -0.004437317526245 -0.0632982
13.350000  0.059686054355564 -0.016491208665532 -0.276299
13.400000  0.048288889383494 -0.028478873034382 -0.58976
13.450000  0.036113190122668 -0.040298336799813 -1.11589
13.500000  0.023353634116710 -0.051887715644791 -2.22183
13.550000  0.010194394166067 -0.063185705182639 -6.19808
13.600000 -0.003192576347182 -0.074015520146623 23.1836
13.650000 -0.016648760487026 -0.083934497393549 5.04149
13.700000 -0.030029861874317 -0.092158783726583 3.0689
13.750000 -0.043206217313213 -0.097755068351538 2.26252
13.800000 -0.056062895278625 -0.099932981274463 1.78252
13.850000 -0.068499533040709 -0.098262258246569 1.4345
13.900000 -0.080429960389149 -0.092722600798421 1.15284
13.950000 -0.091781653044544 -0.083633850840781 0.911226
14.000000 -0.102436345351879 -0.071545557858242 0.698439
14.050000 -0.111124818717983 -0.057134921679382 0.514151
14.100000 -0.116124751491726 -0.041127703660775 0.354168
14.150000 -0.116602761814044 -0.024240023327978 0.207885
14.200000 -0.112399619859731 -0.007137960006001 0.0635052
14.250000 -0.103812373103860  0.009586021127698 -0.0923399
14.300000 -0.091427715178001  0.025423008528237 -0.278067
14.350000 -0.075996507285343  0.039949663674883 -0.525678
14.400000 -0.058341129689314  0.052827916997604 -0.9055
14.450000 -0.039288824142997  0.063803297238911 -1.62396
14.500000 -0.019625429477862  0.072702044831957 -3.70448
14.550000 -0.000064948884158  0.079427449690541 -1222.92
14.600000  0.018768749708663  0.083953946674235 4.47307
14.650000  0.036351082322349  0.086316107731196 2.37451
14.700000  0.052259135884366  0.086593075391634 1.65699
14.750000  0.066169193504900  0.084894652046706 1.28299
14.800000  0.077850896170069  0.081354531476959 1.045
14.850000  0.087159209989423  0.076128326952277 0.87344
14.900000  0.094025100178985  0.069390751224133 0.738002
14.950000  0.098445595833510  0.061330483919008 0.622989
15.000000  0.100473754647177  0.052145047446294 0.518992
15.050000  0.100208896827557  0.042035703683455 0.419481
15.100000  0.097787366405663  0.031200242069674 0.319062
15.150000  0.093373990842607  0.019824798937743 0.212316
15.200000  0.087154341967516  0.008079110355424 0.0926989
15.250000  0.079327849252673 -0.003881187229617 -0.0489259
15.300000  0.070101777237730 -0.015909632551975 -0.22695
15.350000  0.059686050058084 -0.027874953518545 -0.467026
15.400000  0.048288885442235 -0.039678724578328 -0.821695
15.450000  0.036113186508265 -0.051260609336389 -1.41944
15.500000  0.023353630802207 -0.062554527155935 -2.67858
15.550000  0.010194391126716 -0.073374556075896 -7.19754
15.600000 -0.003192579134099 -0.083278603331640 26.0851
15.650000 -0.016648763042361 -0.091513776259544 5.49673
15.700000 -0.030029864217212 -0.097182390999637 3.23619
15.750000 -0.043206219461235 -0.099508451083834 2.3031
15.800000 -0.056062897247898 -0.098046778431342 1.74887
15.850000 -0.068499534846029 -0.092746132061212 1.35397
15.900000 -0.080429962044097 -0.083895427420141 1.04309
15.950000 -0.091781654561580 -0.072021650992288 0.784706
16.000000 -0.102436346742437 -0.057788718861225 0.564143
16.050000 -0.111124819992553 -0.041915953463108 0.377197
16.100000 -0.116124752659935 -0.025117616551623 0.216299
16.150000 -0.116602762884723 -0.008061290275680 0.0691346
16.200000 -0.112399620840983  0.008656514158455 -0.0770155
16.250000 -0.103812374003117  0.024521340501337 -0.236208
16.300000 -0.091427716002082  0.039103902657528 -0.427703
16.350000 -0.075996508040501  0.052060285095580 -0.685035
16.400000 -0.058341130381286  0.063130421771525 -1.08209
16.450000 -0.039288824777045  0.072135254706306 -1.83602
16.500000 -0.019625430058811  0.078973083493206 -4.02402
16.550000 -0.000064949416435  0.083613765758441 -1287.37
16.600000  0.018768749221001  0.086088113606713 4.58678
16.650000  0.036351081875579  0.086472837330448 2.37882
16.700000  0.052259135475074  0.084876483367667 1.62415
16.750000  0.066169193129958  0.081431633529050 1.23066
16.800000  0.077850895826605  0.076292221363425 0.979979
16.850000  0.087159209674807  0.069631320574501 0.798898
16.900000  0.094025099890806  0.061637268050819 0.655541
16.950000  0.098445595569556  0.052508845402898 0.533379
17.000000  0.100473754405420  0.042449176411172 0.42249
17.050000  0.100208896606139  0.031657336188065 0.315913
17.100000  0.097787366202880  0.020319952502371 0.207797
17.150000  0.093373990656898  0.008607324499562 0.0921812
17.200000  0.087154341797449 -0.003323811660764 -0.0381371
17.250000  0.079327849096936 -0.015326415058036 -0.193203
17.300000  0.070101777095121 -0.027270343752491 -0.389011
17.350000  0.059686049927501 -0.039059494895863 -0.654416
17.400000  0.048288885322668 -0.050633984965473 -1.04856
17.450000  0.036113186398789 -0.061923078435253 -1.71469
17.500000  0.023353630701973 -0.072733896203947 -3.11446
17.550000  0.010194391034948 -0.082626967433233 -8.10514
17.600000 -0.003192579218114 -0.090876084743189 28.4648
17.650000 -0.016648763119276 -0.096615457886207 5.80316
17.700000 -0.030029864287623 -0.099083543677534 3.2995
17.750000 -0.043206219525691 -0.097823622527412 2.26411
17.800000 -0.056062897306899 -0.092756576260186 1.65451
17.850000 -0.068499534900037 -0.084141367826087 1.22835
17.900000 -0.080429962093531 -0.072481847709295 0.90118
17.950000 -0.091781654606827 -0.058427761927213 0.636595
18.000000 -0.102436346783850 -0.042691583106749 0.416762
18.050000 -0.111124820030456 -0.025985605527342 0.233842
18.100000 -0.116124752694624 -0.008978597712330 0.0773186
18.150000 -0.116602762916470  0.007729574734262 -0.0662898
18.200000 -0.112399620870035  0.023619542333879 -0.210139
18.250000 -0.103812374029703  0.038256133942887 -0.368512
18.300000 -0.091427716026411  0.051289132074263 -0.56098
18.350000 -0.075996508062763  0.062452421478845 -0.82178
18.400000 -0.058341130401656  0.071561664630932 -1.22661
18.450000 -0.039288824795684  0.078510653092839 -1.99829
18.500000 -0.019625430075865  0.083265159276927 -4.24272
18.550000 -0.000064949432038  0.085852266073019 -1321.83
18.600000  0.018768749206725  0.086345780492327 4.60051
18.650000  0.036351081862518  0.084852497206347 2.33425
18.700000  0.052259135463125  0.081503895461346 1.55961
18.750000  0.066169193119026  0.076452661346787 1.15541
18.800000  0.077850895816605  0.069870390410726 0.89749
18.850000  0.087159209665660  0.061944443128291 0.710705
18.900000  0.094025099882438  0.052873794891946 0.562337
18.950000  0.098445595561902  0.042862898266419 0.435397
19.000000  0.100473754398419  0.032112685530294 0.319613
19.050000  0.100208896599735  0.020811507277966 0.207681
19.100000  0.097787366197023  0.009131065581496 0.0933767
19.150000  0.093373990651541 -0.002770934457786 -0.0296757
19.200000  0.087154341792550 -0.014747587176922 -0.169212
19.250000  0.079327849092455 -0.026670247625525 -0.336203
19.300000  0.070101777091022 -0.038444569810069 -0.548411
19.350000  0.059686049923753 -0.050010174240297 -0.837887
19.400000  0.048288885319240 -0.061291759993019 -1.26927
19.450000  0.036113186395655 -0.072091591906295 -1.99627
19.500000  0.023353630699107 -0.081975026531707 -3.51016
19.550000  0.010194391032326 -0.090239956444046 -8.85192
19.600000 -0.003192579220510 -0.096049255317264 30.0852
19.650000 -0.016648763121467 -0.098655134267561 5.92567
19.700000 -0.030029864289626 -0.097591529906679 3.24982
19.750000 -0.043206219527523 -0.092754074986397 2.14678
19.800000 -0.056062897308575 -0.084372965921590 1.50497
19.850000 -0.068499534901568 -0.072928527270673 1.06466
19.900000 -0.080429962094931 -0.059055270246308 0.734245
19.950000 -0.091781654608106 -0.043457992688268 0.473493
