0.000000  0.000058708691043  0.000112926485211 1.92351
0.050000  0.001397978033584  0.001401563315655 1.00256
0.100000  0.005704107297886  0.005387096822550 0.944424
0.150000  0.013784910217552  0.012807593577705 0.929102
0.200000  0.025783590234212  0.023795592500781 0.922897
0.250000  0.041395698152761  0.038071588169782 0.919699
0.300000  0.060034856479254  0.055097997405304 0.917767
0.350000  0.080957353521531  0.074194421726874 0.916463
0.400000  0.103353939313936  0.094621897890991 0.915513
0.450000  0.126415669900266  0.115642943842140 0.914783
0.500000  0.149379403262958  0.136562740708874 0.914201
0.550000  0.171557512236712  0.156755782678915 0.913721
0.600000  0.192355515470098  0.175681657537149 0.913317
0.650000  0.211280609894948  0.192892659234452 0.912969
0.700000  0.227943494197110  0.208035342153078 0.912662
0.750000  0.242055382832307  0.220847842916018 0.912386
0.800000  0.253421707505383  0.231154064320211 0.912132
0.850000  0.261933673550549  0.238855895130818 0.911895
0.900000  0.267558570286890  0.243924485912212 0.911668
0.950000  0.270329516992232  0.246391096728758 0.911447
1.000000  0.270335151028771  0.246337843814594 0.911231
1.050000  0.267709624599691  0.243888402929150 0.911018
1.100000  0.262623165497653  0.239198875817732 0.910806
1.150000  0.255273369880676  0.232449669379978 0.910591
1.200000  0.245877327265623  0.223838519160880 0.910367
1.250000  0.234664625956914  0.213574599892206 0.910127
1.300000  0.221871248018386  0.201873713259315 0.909869
1.350000  0.207734334145820  0.188954065608144 0.909595
1.400000  0.192487778330313  0.175031943798282 0.909315
1.450000  0.176358598302848  0.160315723728950 0.909033
1.500000  0.159564019005692  0.145000854800698 0.908732
1.550000  0.142309201589287  0.129270756236801 0.908379
1.600000  0.124785548739687  0.113299144636390 0.907951
1.650000  0.107169517735642  0.097248481106932 0.907427
1.700000  0.089621874898555  0.081265942181666 0.906765
1.750000  0.072287328538747  0.065478428951335 0.905808
1.800000  0.055294481725684  0.049997253261257 0.9042
1.850000  0.038756050910171  0.034919245930292 0.901001
1.900000  0.022769301364269  0.020344952179359 0.893526
1.950000  0.007416655397371  0.006501868046929 0.876658
2.000000 -0.007174857090821 -0.005413709279003 0.754539
2.050000 -0.019728322924132 -0.014158209127442 0.717659
2.100000 -0.028514731176193 -0.018856227682146 0.66128
2.150000 -0.032694951995562 -0.019264503892375 0.58922
2.200000 -0.032104885630612 -0.015604029308427 0.486033
2.250000 -0.027037525692698 -0.008378308702497 0.309877
2.300000 -0.018076267561840  0.001747766096942 -0.0966884
2.350000 -0.005969371182870  0.014036500402438 -2.35142
2.400000  0.008462744008673  0.027741191289155 3.27804
2.450000  0.024394210987331  0.042150176025423 1.72788
2.500000  0.041040031513552  0.056615202523806 1.37951
2.550000  0.057686558357177  0.070567909852016 1.2233
2.600000  0.073709841898763  0.083527922234774 1.1332
2.650000  0.088584823247413  0.095105460299637 1.07361
2.700000  0.101887763061603  0.105000161972392 1.03055
2.750000  0.113293806146426  0.112996243174946 0.997374
2.800000  0.122571179954584  0.118955634885872 0.970502
2.850000  0.129573196178512  0.122810471184636 0.947808
2.900000  0.134228956677142  0.124554686273675 0.927927
2.950000  0.136533447863896  0.124234136482399 0.909917
3.000000  0.136537532796526  0.121935918503700 0.893058
3.050000  0.134338210301656  0.117778799221005 0.876733
3.100000  0.130069399429772  0.111906578032178 0.860361
3.150000  0.123893420237590  0.104482550211894 0.843326
3.200000  0.115993274031071  0.095683977143376 0.82491
3.250000  0.106565774174654  0.085697410957828 0.804174
3.300000  0.095815539378345  0.074715220109724 0.779782
3.350000  0.083949832516738  0.062930368361275 0.749619
3.400000  0.071174207442400  0.050528016933858 0.70992
3.450000  0.057688912219343  0.037679901368868 0.653157
3.500000  0.043685988312429  0.024545952098252 0.561872
3.550000  0.029347000371370  0.011277061438865 0.384266
3.600000  0.014841329402162 -0.001983506974967 -0.133648
3.650000  0.000324962560893 -0.015104260333326 -46.48
3.700000 -0.014060285080676 -0.027980988875629 1.99007
3.750000 -0.028187178154043 -0.040534338295057 1.43804
3.800000 -0.041943155270298 -0.052690753939352 1.25624
3.850000 -0.055230162661291 -0.064337127555552 1.16489
3.900000 -0.067964275083521 -0.075151349087040 1.10575
3.950000 -0.080075147011073 -0.084089845853151 1.05014
4.000000 -0.091446623655272 -0.089987256194934 0.984041
4.050000 -0.100811528219298 -0.091982163815651 0.912417
4.100000 -0.106449511036422 -0.089784477363537 0.843447
4.150000 -0.107529092072272 -0.083570672232021 0.777191
4.200000 -0.103892873169700 -0.073821676364285 0.710556
4.250000 -0.095839663628939 -0.061191056212135 0.638473
4.300000 -0.083957849651056 -0.046413345482114 0.552817
4.350000 -0.068999916579559 -0.030237421608745 0.438224
4.400000 -0.051789801423257 -0.013379350186447 0.258339
4.450000 -0.033156236498767  0.003507757561405 -0.105795
4.500000 -0.013886486384754  0.019849901211338 -1.42944
4.550000  0.005304083303860  0.035159707770322 6.6288
4.600000  0.023790303935295  0.049039650172106 2.06133
4.650000  0.041046350864674  0.061182123537913 1.49056
4.700000  0.056648128633415  0.071364653144119 1.25979
4.750000  0.070270794438860  0.079442833106427 1.13052
4.800000  0.081682917982392  0.085343785581716 1.04482
4.850000  0.090738446847173  0.089059227063633 0.981494
4.900000  0.097367378598336  0.090635395619142 0.93086
4.950000  0.101565823669605  0.090160065223125 0.887701
5.000000  0.103385968204633  0.087751437645702 0.848775
5.050000  0.102926306105864  0.083552087740486 0.811766
5.100000  0.100322398500681  0.077724141800464 0.774744
5.150000  0.095738331531337  0.070444077636307 0.735798
5.200000  0.089358975508535  0.061899009098024 0.692701
5.250000  0.081383096438939  0.052284083923841 0.642444
5.300000  0.072017331742188  0.041796789797367 0.580371
5.350000  0.061471013115502  0.030627448607780 0.498242
5.400000  0.049951798913176  0.018951875212150 0.379403
5.450000  0.037662064373031  0.006931655354141 0.184049
5.500000  0.024795989134062 -0.005280608863482 -0.212962
5.550000  0.011537276594758 -0.017536681278941 -1.52
5.600000 -0.001942562181373 -0.029699563340989 15.2889
5.650000 -0.015485426861403 -0.041664622867807 2.69057
5.700000 -0.028947413270202 -0.053364544704643 1.8435
5.750000 -0.042199227282042 -0.064740269629929 1.53416
5.800000 -0.055126284522338 -0.075658335055484 1.37245
5.850000 -0.067628548656197 -0.085728602811303 1.26764
5.900000 -0.079620156227279 -0.093986849890509 1.18044
5.950000 -0.091028871135205 -0.099326383188103 1.09115
6.000000 -0.101736698347533 -0.100902205092849 0.991798
6.050000 -0.110474673309342 -0.098380677617439 0.890527
6.100000 -0.115520712750386 -0.091890712633820 0.795448
6.150000 -0.116041658418201 -0.081879274121057 0.705602
6.200000 -0.111878490160442 -0.068980311953335 0.616565
6.250000 -0.103328451990671 -0.053918150419935 0.521813
6.300000 -0.090978421704180 -0.037438154571116 0.411506
6.350000 -0.075579433014361 -0.020256423777430 0.268015
6.400000 -0.057954027725652 -0.003027079763915 0.0522324
6.450000 -0.038929598811764  0.013674209258440 -0.351255
6.500000 -0.019292126619133  0.029356583756522 -1.52169
6.550000  0.000244253270647  0.043617057625085 178.573
6.600000  0.019055549109685  0.056142051543032 2.94623
6.650000  0.036617061153420  0.066703742018238 1.82166
6.700000  0.052505768122990  0.075152859194606 1.43133
6.750000  0.066397852017396  0.081411948847699 1.22612
6.800000  0.078062859367933  0.085469328161869 1.09488
6.850000  0.087355668071728  0.087369571539693 1.00016
6.900000  0.094207160984435  0.087199971685142 0.925619
6.950000  0.098614290324620  0.085078579522010 0.862741
7.000000  0.100630042047920  0.081147920391791 0.806399
7.050000  0.100353669434746  0.075570307114496 0.75304
7.100000  0.097921454093292  0.068522071677734 0.699766
7.150000  0.093498165277377  0.060189546683945 0.643751
7.200000  0.087269320552819  0.050767839961874 0.581738
7.250000  0.079434298817363  0.040456490908415 0.509308
7.300000  0.070200317485163  0.029449069129861 0.419501
7.350000  0.059777256790033  0.017923505197519 0.299838
7.400000  0.048373293571493  0.006040908816585 0.124881
7.450000  0.036191292872991 -0.006047333068894 -0.167094
7.500000  0.023425896794305 -0.018191771550189 -0.776567
7.550000  0.010261245145881 -0.030251137922868 -2.9481
7.600000 -0.003130739389746 -0.042117063962639 13.4528
7.650000 -0.016591568438717 -0.053727234163586 3.23823
7.700000 -0.029976972190017 -0.065032069695001 2.1694
7.750000 -0.043157312156130 -0.075888428824671 1.75841
7.800000 -0.056017679786112 -0.085873286218222 1.53297
7.850000 -0.068457733707620 -0.094077649557774 1.37424
7.900000 -0.080391323561126 -0.099445028986449 1.23701
7.950000 -0.091745943514096 -0.101145154170530 1.10245
8.000000 -0.102403345050549 -0.098813572933534 0.964945
8.050000 -0.111094325498301 -0.092536509755316 0.832954
8.100000 -0.116096577993042 -0.082728190843988 0.712581
8.150000 -0.116576734406700 -0.070002176228166 0.600482
8.200000 -0.112375577662376 -0.055072546437011 0.490076
8.250000 -0.103790167069032 -0.038681685049986 0.372691
8.300000 -0.091407207241420 -0.021547212405311 0.235728
8.350000 -0.075977569574636 -0.004326372490362 0.0569428
8.400000 -0.058323643788172  0.012402009812321 -0.212641
8.450000 -0.039272680407017  0.028143402464766 -0.716615
8.500000 -0.019610526398568  0.042489417237193 -2.16666
8.550000 -0.000051192497934  0.055119688086050 -1076.71
8.600000  0.018781446369811  0.065799857945987 3.50345
8.650000  0.036362799741056  0.074375459950304 2.04537
8.700000  0.052269948531871  0.080765011210020 1.54515
8.750000  0.066179170281219  0.084953333541398 1.28369
8.800000  0.077860100812705  0.086981823264123 1.11716
8.850000  0.087167701452801  0.086934787938354 0.997328
8.900000  0.094032932986647  0.084927557451062 0.903168
8.950000  0.098452820404958  0.081100759869793 0.823753
9.000000  0.100480417601154  0.075616311927282 0.752548
9.050000  0.100215041263408  0.068651189877585 0.685039
9.100000  0.097793032164317  0.060392045653470 0.61755
9.150000  0.093379214748614  0.051033765815236 0.546522
9.200000  0.087159158053494  0.040776703635981 0.467842
9.250000  0.079332288967382  0.029817353005270 0.375854
9.300000  0.070105869638969  0.018336969739811 0.261561
9.350000  0.059689821991469  0.006497291114856 0.108851
9.400000  0.048292361706868 -0.005552475120901 -0.114976
9.450000  0.036116390010245 -0.017665391372171 -0.489124
9.500000  0.023356582696836 -0.029701270665731 -1.27164
9.550000  0.010197110950233 -0.041550281377142 -4.07471
9.600000 -0.003190073342517 -0.053149104639434 16.6608
9.650000 -0.016646454627627 -0.064447688732080 3.87156
9.700000 -0.030027737803722 -0.075293314823846 2.50746
9.750000 -0.043204260856034 -0.085250442268963 1.9732
9.800000 -0.056061093351040 -0.093457209872992 1.66706
9.850000 -0.068497873567621 -0.098900955694366 1.44385
9.900000 -0.080428432227525 -0.100765136735198 1.25285
9.950000 -0.091780245912482 -0.098659558530304 1.07495
10.000000 -0.102435049762985 -0.092632356480751 0.904303
10.050000 -0.111123625920667 -0.083065312326003 0.747504
10.100000 -0.116123653413055 -0.070550649841003 0.607548
10.150000 -0.116601751007820 -0.055790451985002 0.47847
10.200000 -0.112398689458478 -0.039522459229997 0.351627
10.250000 -0.103811516774431 -0.022465037956205 0.216402
10.300000 -0.091426927080541 -0.005279179448576 0.0577421
10.350000 -0.075995782035353  0.011451812147833 -0.15069
10.400000 -0.058340462322596  0.027229008407746 -0.466726
10.450000 -0.039288210083251  0.041638858988071 -1.05983
10.500000 -0.019624864506749  0.054354262841219 -2.76966
10.550000 -0.000064429113638  0.065133531495038 -1010.93
10.600000  0.018769227861879  0.073816081756295 3.93282
10.650000  0.036351522160406  0.080316453972458 2.20944
10.700000  0.052259540450066  0.084617111508695 1.61917
10.750000  0.066169565601832  0.086757594420801 1.31114
10.800000  0.077851238381202  0.086820050544956 1.1152
10.850000  0.087159524694268  0.084917065013992 0.974272
10.900000  0.094025389569445  0.081186339864227 0.863451
10.950000  0.098445861928506  0.075787893326650 0.769843
11.000000  0.100473999306150  0.068898584275798 0.685735
11.050000  0.100209121762931  0.060705811023886 0.605791
11.100000  0.097787573194344  0.051404601224636 0.525676
11.150000  0.093374180936594  0.041195168756435 0.441184
11.200000  0.087154516703692  0.030275358450362 0.347376
11.250000  0.079328009861836  0.018829791858326 0.237366
11.300000  0.070101924852925  0.007023509698209 0.10019
11.350000  0.059686185722292 -0.004993484374784 -0.0836623
11.400000  0.048289010115453 -0.017076465697308 -0.35363
11.450000  0.036113301074052 -0.029089302206089 -0.805501
11.500000  0.023353736073703 -0.040925238886649 -1.75241
11.550000  0.010194487852203 -0.052520655283853 -5.15187
11.600000 -0.003192490266072 -0.063819741134334 19.9906
11.650000 -0.016648681398258 -0.074657406265079 4.48428
11.700000 -0.030029789214152 -0.084593105478908 2.81697
11.750000 -0.043206150562984 -0.092806942740698 2.148
11.800000 -0.056062833961167 -0.098327180484142 1.75387
11.850000 -0.068499476717068 -0.100350238516555 1.46498
11.900000 -0.080429908655552 -0.098464450291612 1.22423
11.950000 -0.091781605529603 -0.092682773011894 1.00982
12.000000 -0.102436301714016 -0.083355985153269 0.813735
12.050000 -0.111124778643062 -0.071055048149296 0.639417
12.100000 -0.116124714690864 -0.056469583968315 0.486284
12.150000 -0.116602728021600 -0.040331358200569 0.345887
12.200000 -0.112399588831452 -0.023357879960347 0.207811
12.250000 -0.103812344615176 -0.006212973520791 0.0598481
12.300000 -0.091427689022448  0.010515510086443 -0.115015
12.350000 -0.075996483273118  0.026323985316945 -0.346384
12.400000 -0.058341107645941  0.040794175909894 -0.699236
12.450000 -0.039288803908099  0.053593145383334 -1.36408
12.500000 -0.019625410904033  0.064472116781497 -3.28513
12.550000 -0.000064931835918  0.073263413338329 -1128.31
12.600000  0.018768765355819  0.079876023643932 4.2558
12.650000  0.036351096682839  0.084288933866398 2.31875
12.700000  0.052259149063328  0.086539756150799 1.65597
12.750000  0.066169205598941  0.086709316208030 1.31042
12.800000  0.077850907267951  0.084908572761002 1.09066
12.850000  0.087159220172694  0.081272896161610 0.932465
12.900000  0.094025109522564  0.075960081715896 0.80787
12.950000  0.098445604406220  0.069146232227523 0.70238
13.000000  0.100473762512236  0.061019600613097 0.607319
13.050000  0.100208904043033  0.051776185402942 0.516682
13.100000  0.097787373024892  0.041616216658081 0.425579
13.150000  0.093373996914571  0.030737466176808 0.329187
13.200000  0.087154347537201  0.019326012028036 0.221745
13.250000  0.079327854361389  0.007550098027802 0.0951759
13.300000  0.070101781923411 -0.004437278350710 -0.0632977
13.350000  0.059686054355564 -0.016491169224817 -0.276299
13.400000  0.048288889383494 -0.028478835355072 -0.58976
13.450000  0.036113190122668 -0.040298302756606 -1.11589
13.500000  0.023353634116710 -0.051887686003451 -2.22182
13.550000  0.010194394166067 -0.063185678615216 -6.19808
13.600000 -0.003192576347182 -0.074015493489206 23.1836
13.650000 -0.016648760487026 -0.083934468163597 5.04148
13.700000 -0.030029861874317 -0.092158752660608 3.0689
13.750000 -0.043206217313213 -0.097755038963106 2.26252
13.800000 -0.056062895278625 -0.099932957797665 1.78252
13.850000 -0.068499533040709 -0.098262243853399 1.4345
13.900000 -0.080429960389149 -0.092722597035062 1.15284
13.950000 -0.091781653044544 -0.083633857846625 0.911226
14.000000 -0.102436345351879 -0.071545574770653 0.698439
14.050000 -0.111124818717983 -0.057134947091481 0.514151
14.100000 -0.116124751491726 -0.041127736007090 0.354169
14.150000 -0.116602761814044 -0.024240061182356 0.207886
14.200000 -0.112399619859731 -0.007138002069301 0.0635056
14.250000 -0.103812373103860  0.009585976163231 -0.0923394
14.300000 -0.091427715178001  0.025422962146799 -0.278066
14.350000 -0.075996507285343  0.039949617523868 -0.525677
14.400000 -0.058341129689314  0.052827872662755 -0.9055
14.450000 -0.039288824142997  0.063803255841536 -1.62395
14.500000 -0.019625429477862  0.072702006968715 -3.70448
14.550000 -0.000064948884158  0.079427415713949 -1222.92
14.600000  0.018768749708663  0.083953917023555 4.47307
14.650000  0.036351082322349  0.086316083059066 2.37451
14.700000  0.052259135884366  0.086593056312229 1.65699
14.750000  0.066169193504900  0.084894639109148 1.28299
14.800000  0.077850896170069  0.081354524944253 1.045
14.850000  0.087159209989423  0.076128326787036 0.87344
14.900000  0.094025100178985  0.069390756992739 0.738002
14.950000  0.098445595833510  0.061330495127121 0.622989
15.000000  0.100473754647177  0.052145064318218 0.518992
15.050000  0.100208896827557  0.042035727279692 0.419481
15.100000  0.097787366405663  0.031200272923935 0.319062
15.150000  0.093373990842607  0.019824836247587 0.212316
15.200000  0.087154341967516  0.008079152356160 0.0926994
15.250000  0.079327849252673 -0.003881142576760 -0.0489253
15.300000  0.070101777237730 -0.015909587442596 -0.22695
15.350000  0.059686050058084 -0.027874910300274 -0.467026
15.400000  0.048288885442235 -0.039678685342947 -0.821694
15.450000  0.036113186508265 -0.051260574875661 -1.41944
15.500000  0.023353630802207 -0.062554496013007 -2.67858
15.550000  0.010194391126716 -0.073374524995471 -7.19754
15.600000 -0.003192579134099 -0.083278569771272 26.085
15.650000 -0.016648763042361 -0.091513740874470 5.49673
15.700000 -0.030029864217212 -0.097182357406692 3.23619
15.750000 -0.043206219461235 -0.099508423856905 2.3031
15.800000 -0.056062897247898 -0.098046761189448 1.74887
15.850000 -0.068499534846029 -0.092746126708158 1.35397
15.900000 -0.080429962044097 -0.083895434268041 1.04309
15.950000 -0.091781654561580 -0.072021669184687 0.784707
16.000000 -0.102436346742437 -0.057788746879147 0.564143
16.050000 -0.111124819992553 -0.041915989563506 0.377197
16.100000 -0.116124752659935 -0.025117659090429 0.216299
16.150000 -0.116602762884723 -0.008061337734596 0.069135
16.200000 -0.112399620840983  0.008656463300802 -0.0770151
16.250000 -0.103812374003117  0.024521287929976 -0.236208
16.300000 -0.091427716002082  0.039103850204670 -0.427702
16.350000 -0.075996508040501  0.052060234510421 -0.685035
16.400000 -0.058341130381286  0.063130374353332 -1.08209
16.450000 -0.039288824777045  0.072135211224425 -1.83602
16.500000 -0.019625430058811  0.078973044434144 -4.02402
16.550000 -0.000064949416435  0.083613731631824 -1287.37
16.600000  0.018768749221001  0.086088085092408 4.58678
16.650000  0.036351081875579  0.086472815107706 2.37882
16.700000  0.052259135475074  0.084876468049594 1.62415
16.750000  0.066169193129958  0.081431625438304 1.23066
16.800000  0.077850895826605  0.076292220451413 0.979979
16.850000  0.087159209674807  0.069631326399017 0.798898
16.900000  0.094025099890806  0.061637280173212 0.655541
16.950000  0.098445595569556  0.052508864091298 0.53338
17.000000  0.100473754405420  0.042449202654849 0.42249
17.050000  0.100208896606139  0.031657370478490 0.315914
17.100000  0.097787366202880  0.020319994029829 0.207798
17.150000  0.093373990656898  0.008607371417933 0.0921817
17.200000  0.087154341797449 -0.003323761610487 -0.0381365
17.250000  0.079327849096936 -0.015326364366645 -0.193203
17.300000  0.070101777095121 -0.027270295061966 -0.38901
17.350000  0.059686049927501 -0.039059450486827 -0.654415
17.400000  0.048288885322668 -0.050633945654827 -1.04856
17.450000  0.036113186398789 -0.061923042677304 -1.71469
17.500000  0.023353630701973 -0.072733860683347 -3.11446
17.550000  0.010194391034948 -0.082626929560777 -8.10514
17.600000 -0.003192579218114 -0.090876045090251 28.4648
17.650000 -0.016648763119276 -0.096615420129960 5.80316
17.700000 -0.030029864287623 -0.099083512684328 3.2995
17.750000 -0.043206219525691 -0.097823602344907 2.26411
17.800000 -0.056062897306899 -0.092756569165767 1.65451
17.850000 -0.068499534900037 -0.084141374333615 1.22835
17.900000 -0.080429962093531 -0.072481866992686 0.90118
17.950000 -0.091781654606827 -0.058427792373411 0.636596
18.000000 -0.102436346783850 -0.042691622809617 0.416762
18.050000 -0.111124820030456 -0.025985652637360 0.233842
18.100000 -0.116124752694624 -0.008978650493725 0.077319
18.150000 -0.116602762916470  0.007729518023464 -0.0662893
18.200000 -0.112399620870035  0.023619483589905 -0.210138
18.250000 -0.103812374029703  0.038256075190159 -0.368512
18.300000 -0.091427716026411  0.051289075229866 -0.56098
18.350000 -0.075996508062763  0.062452368016667 -0.821779
18.400000 -0.058341130401656  0.071561615494779 -1.22661
18.450000 -0.039288824795684  0.078510608912731 -1.99829
18.500000 -0.019625430075865  0.083265120648127 -4.24272
18.550000 -0.000064949432038  0.085852233710153 -1321.83
18.600000  0.018768749206725  0.086345755120776 4.60051
18.650000  0.036351081862518  0.084852479478108 2.33425
18.700000  0.052259135463125  0.081503885737414 1.55961
18.750000  0.066169193119026  0.076452659582103 1.15541
18.800000  0.077850895816605  0.069870396181370 0.89749
18.850000  0.087159209665660  0.061944456058158 0.710705
18.900000  0.094025099882438  0.052873815280657 0.562337
18.950000  0.098445595561902  0.042862927038661 0.435397
19.000000  0.100473754398419  0.032112723139179 0.319613
19.050000  0.100208896599735  0.020811552913673 0.207682
19.100000  0.097787366197023  0.009131117329383 0.0933773
19.150000  0.093373990651541 -0.002770879068765 -0.0296751
19.200000  0.087154341792550 -0.014747530935252 -0.169212
19.250000  0.079327849092455 -0.026670193460966 -0.336202
19.300000  0.070101777091022 -0.038444520180289 -0.54841
19.350000  0.059686049923753 -0.050010129993853 -0.837886
19.400000  0.048288885319240 -0.061291719534843 -1.26927
19.450000  0.036113186395655 -0.072091551897396 -1.99627
19.500000  0.023353630699107 -0.081974984355580 -3.51016
19.550000  0.010194391032326 -0.090239912590633 -8.85192
19.600000 -0.003192579220510 -0.096049213484001 30.0851
19.650000 -0.016648763121467 -0.098655099555737 5.92567
19.700000 -0.030029864289626 -0.097591506756920 3.24982
19.750000 -0.043206219527523 -0.092754066053162 2.14678
19.800000 -0.056062897308575 -0.084372971946866 1.50497
19.850000 -0.068499534901568 -0.072928547483729 1.06466
19.900000 -0.080429962094931 -0.059055302954518 0.734245
19.950000 -0.091781654608106 -0.043458035829231 0.473494
