0.000000  0.000058708691043  0.000112926486394 1.92351
0.050000  0.001397978033584  0.001401563329609 1.00256
0.100000  0.005704107297886  0.005387096860527 0.944424
0.150000  0.013784910217552  0.012807593641221 0.929102
0.200000  0.025783590234212  0.023795592587929 0.922897
0.250000  0.041395698152761  0.038071588263211 0.919699
0.300000  0.060034856479254  0.055097997514910 0.917767
0.350000  0.080957353521531  0.074194421840351 0.916463
0.400000  0.103353939313936  0.094621897999253 0.915513
0.450000  0.126415669900266  0.115642943937379 0.914783
0.500000  0.149379403262958  0.136562740785292 0.914201
0.550000  0.171557512236712  0.156755782731388 0.913721
0.600000  0.192355515470098  0.175681657567897 0.913317
0.650000  0.211280609894948  0.192892659238533 0.912969
0.700000  0.227943494197110  0.208035342133164 0.912662
0.750000  0.242055382832307  0.220847842894346 0.912386
0.800000  0.253421707505383  0.231154064299397 0.912132
0.850000  0.261933673550549  0.238855895102443 0.911895
0.900000  0.267558570286890  0.243924485775667 0.911668
0.950000  0.270329516992232  0.246391096493584 0.911447
1.000000  0.270335151028771  0.246337843565141 0.911231
1.050000  0.267709624599691  0.243888402637201 0.911018
1.100000  0.262623165497653  0.239198875453040 0.910806
1.150000  0.255273369880676  0.232449668949313 0.910591
1.200000  0.245877327265623  0.223838518748200 0.910367
1.250000  0.234664625956914  0.213574599534759 0.910127
1.300000  0.221871248018386  0.201873712904716 0.909869
1.350000  0.207734334145820  0.188954065258010 0.909595
1.400000  0.192487778330313  0.175031943918663 0.909315
1.450000  0.176358598302848  0.160315724280252 0.909033
1.500000  0.159564019005692  0.145000855684857 0.908732
1.550000  0.142309201589287  0.129270757219944 0.908379
1.600000  0.124785548739687  0.113299145983925 0.907951
1.650000  0.107169517735642  0.097248482663079 0.907427
1.700000  0.089621874898555  0.081265943846071 0.906765
1.750000  0.072287328538747  0.065478430486353 0.905808
1.800000  0.055294481725684  0.049997254542767 0.9042
1.850000  0.038756050910171  0.034919246885672 0.901001
1.900000  0.022769301364269  0.020344953111289 0.893526
1.950000  0.007416655397371  0.006501869162598 0.876658
2.000000 -0.007174857090821 -0.005413708073656 0.754539
2.050000 -0.019728322924132 -0.014158208016094 0.717659
2.100000 -0.028514731176193 -0.018856226840038 0.66128
2.150000 -0.032694951995562 -0.019264503418843 0.58922
2.200000 -0.032104885630612 -0.015604029274046 0.486033
2.250000 -0.027037525692698 -0.008378309113051 0.309877
2.300000 -0.018076267561840  0.001747765292957 -0.0966884
2.350000 -0.005969371182870  0.014036499255163 -2.35142
2.400000  0.008462744008673  0.027741189861257 3.27804
2.450000  0.024394210987331  0.042150174357097 1.72788
2.500000  0.041040031513552  0.056615200662966 1.37951
2.550000  0.057686558357177  0.070567907849190 1.2233
2.600000  0.073709841898763  0.083527920148626 1.1332
2.650000  0.088584823247413  0.095105458192237 1.07361
2.700000  0.101887763061603  0.105000159937635 1.03055
2.750000  0.113293806146426  0.112996241252368 0.997374
2.800000  0.122571179954584  0.118955633059987 0.970502
2.850000  0.129573196178512  0.122810469335003 0.947808
2.900000  0.134228956677142  0.124554684415456 0.927927
2.950000  0.136533447863896  0.124234134721666 0.909917
3.000000  0.136537532796526  0.121935916801469 0.893058
3.050000  0.134338210301656  0.117778797542060 0.876733
3.100000  0.130069399429772  0.111906576397956 0.860361
3.150000  0.123893420237590  0.104482548769409 0.843326
3.200000  0.115993274031071  0.095683975992923 0.82491
3.250000  0.106565774174654  0.085697410014679 0.804174
3.300000  0.095815539378345  0.074715219420848 0.779782
3.350000  0.083949832516738  0.062930368579788 0.749619
3.400000  0.071174207442400  0.050528018181658 0.70992
3.450000  0.057688912219343  0.037679903412346 0.653157
3.500000  0.043685988312429  0.024545954542725 0.561872
3.550000  0.029347000371370  0.011277064514890 0.384266
3.600000  0.014841329402162 -0.001983503384964 -0.133647
3.650000  0.000324962560893 -0.015104256462567 -46.48
3.700000 -0.014060285080676 -0.027980985120993 1.99007
3.750000 -0.028187178154043 -0.040534334970686 1.43804
3.800000 -0.041943155270298 -0.052690751145528 1.25624
3.850000 -0.055230162661291 -0.064337124825240 1.16489
3.900000 -0.067964275083521 -0.075151346049802 1.10575
3.950000 -0.080075147011073 -0.084089842654291 1.05014
4.000000 -0.091446623655272 -0.089987253196451 0.984041
4.050000 -0.100811528219298 -0.091982161363236 0.912417
4.100000 -0.106449511036422 -0.089784475663794 0.843447
4.150000 -0.107529092072272 -0.083570671411634 0.777191
4.200000 -0.103892873169700 -0.073821676466244 0.710556
4.250000 -0.095839663628939 -0.061191057153574 0.638473
4.300000 -0.083957849651056 -0.046413347146289 0.552817
4.350000 -0.068999916579559 -0.030237423864302 0.438224
4.400000 -0.051789801423257 -0.013379352944300 0.25834
4.450000 -0.033156236498767  0.003507754393657 -0.105795
4.500000 -0.013886486384754  0.019849897734364 -1.42944
4.550000  0.005304083303860  0.035159704103677 6.6288
4.600000  0.023790303935295  0.049039646440247 2.06133
4.650000  0.041046350864674  0.061182119889653 1.49056
4.700000  0.056648128633415  0.071364649658760 1.25979
4.750000  0.070270794438860  0.079442829776884 1.13052
4.800000  0.081682917982392  0.085343782307262 1.04482
4.850000  0.090738446847173  0.089059223871487 0.981494
4.900000  0.097367378598336  0.090635392625274 0.93086
4.950000  0.101565823669605  0.090160062361291 0.887701
5.000000  0.103385968204633  0.087751434859514 0.848775
5.050000  0.102926306105864  0.083552085060275 0.811766
5.100000  0.100322398500681  0.077724139434696 0.774744
5.150000  0.095738331531337  0.070444075736515 0.735798
5.200000  0.089358975508535  0.061899007601728 0.692701
5.250000  0.081383096438939  0.052284082952807 0.642444
5.300000  0.072017331742188  0.041796790077430 0.580371
5.350000  0.061471013115502  0.030627450430447 0.498242
5.400000  0.049951798913176  0.018951878339042 0.379403
5.450000  0.037662064373031  0.006931659303756 0.184049
5.500000  0.024795989134062 -0.005280604067167 -0.212962
5.550000  0.011537276594758 -0.017536675740149 -1.52
5.600000 -0.001942562181373 -0.029699557383509 15.2889
5.650000 -0.015485426861403 -0.041664617007286 2.69057
5.700000 -0.028947413270202 -0.053364539406476 1.8435
5.750000 -0.042199227282042 -0.064740265002963 1.53416
5.800000 -0.055126284522338 -0.075658330559753 1.37245
5.850000 -0.067628548656197 -0.085728597955381 1.26764
5.900000 -0.079620156227279 -0.093986844823207 1.18044
5.950000 -0.091028871135205 -0.099326378410411 1.09115
6.000000 -0.101736698347533 -0.100902201113131 0.991797
6.050000 -0.110474673309342 -0.098380674763671 0.890527
6.100000 -0.115520712750386 -0.091890711092796 0.795448
6.150000 -0.116041658418201 -0.081879273962222 0.705602
6.200000 -0.111878490160442 -0.068980313082890 0.616565
6.250000 -0.103328451990671 -0.053918152661264 0.521813
6.300000 -0.090978421704180 -0.037438157721143 0.411506
6.350000 -0.075579433014361 -0.020256427688138 0.268015
6.400000 -0.057954027725652 -0.003027084298169 0.0522325
6.450000 -0.038929598811764  0.013674204248060 -0.351255
6.500000 -0.019292126619133  0.029356578450626 -1.52169
6.550000  0.000244253270647  0.043617052213770 178.573
6.600000  0.019055549109685  0.056142046218623 2.94623
6.650000  0.036617061153420  0.066703736885596 1.82166
6.700000  0.052505768122990  0.075152854254474 1.43133
6.750000  0.066397852017396  0.081411944030182 1.22612
6.800000  0.078062859367933  0.085469323518461 1.09488
6.850000  0.087355668071728  0.087369567200354 1.00016
6.900000  0.094207160984435  0.087199967576200 0.925619
6.950000  0.098614290324620  0.085078575561164 0.862741
7.000000  0.100630042047920  0.081147916611747 0.806399
7.050000  0.100353669434746  0.075570303758162 0.75304
7.100000  0.097921454093292  0.068522068955679 0.699766
7.150000  0.093498165277377  0.060189544595792 0.643751
7.200000  0.087269320552819  0.050767838696289 0.581738
7.250000  0.079434298817363  0.040456491193839 0.509308
7.300000  0.070200317485163  0.029449071373974 0.419501
7.350000  0.059777256790033  0.017923509223983 0.299838
7.400000  0.048373293571493  0.006040914150427 0.124881
7.450000  0.036191292872991 -0.006047326590464 -0.167093
7.500000  0.023425896794305 -0.018191764125746 -0.776566
7.550000  0.010261245145881 -0.030251129961048 -2.9481
7.600000 -0.003130739389746 -0.042117056084160 13.4528
7.650000 -0.016591568438717 -0.053727226934743 3.23822
7.700000 -0.029976972190017 -0.065032063237479 2.1694
7.750000 -0.043157312156130 -0.075888422566233 1.75841
7.800000 -0.056017679786112 -0.085873279592843 1.53297
7.850000 -0.068457733707620 -0.094077642692028 1.37424
7.900000 -0.080391323561126 -0.099445022475468 1.23701
7.950000 -0.091745943514096 -0.101145148671549 1.10245
8.000000 -0.102403345050549 -0.098813568905787 0.964945
8.050000 -0.111094325498301 -0.092536507461816 0.832954
8.100000 -0.116096577993042 -0.082728190383963 0.712581
8.150000 -0.116576734406700 -0.070002177503554 0.600482
8.200000 -0.112375577662376 -0.055072549226377 0.490076
8.250000 -0.103790167069032 -0.038681689085245 0.372691
8.300000 -0.091407207241420 -0.021547217474819 0.235728
8.350000 -0.075977569574636 -0.004326378406041 0.0569428
8.400000 -0.058323643788172  0.012402003250388 -0.212641
8.450000 -0.039272680407017  0.028143395499864 -0.716615
8.500000 -0.019610526398568  0.042489410130328 -2.16666
8.550000 -0.000051192497934  0.055119681079931 -1076.71
8.600000  0.018781446369811  0.065799851169509 3.50345
8.650000  0.036362799741056  0.074375453408287 2.04537
8.700000  0.052269948531871  0.080765004856039 1.54515
8.750000  0.066179170281219  0.084953327441317 1.28369
8.800000  0.077860100812705  0.086981817554698 1.11716
8.850000  0.087167701452801  0.086934782558560 0.997328
8.900000  0.094032932986647  0.084927552306102 0.903168
8.950000  0.098452820404958  0.081100754981695 0.823752
9.000000  0.100480417601154  0.075616307549245 0.752548
9.050000  0.100215041263408  0.068651186276480 0.685039
9.100000  0.097793032164317  0.060392042931468 0.61755
9.150000  0.093379214748614  0.051033764250021 0.546522
9.200000  0.087159158053494  0.040776703938744 0.467842
9.250000  0.079332288967382  0.029817355635414 0.375854
9.300000  0.070105869638969  0.018336974579786 0.261561
9.350000  0.059689821991469  0.006497297732081 0.108851
9.400000  0.048292361706868 -0.005552467004211 -0.114976
9.450000  0.036116390010245 -0.017665382081164 -0.489124
9.500000  0.023356582696836 -0.029701260724072 -1.27164
9.550000  0.010197110950233 -0.041550271505305 -4.07471
9.600000 -0.003190073342517 -0.053149095475837 16.6608
9.650000 -0.016646454627627 -0.064447680405782 3.87156
9.700000 -0.030027737803722 -0.075293306766046 2.50746
9.750000 -0.043204260856034 -0.085250433878132 1.9732
9.800000 -0.056061093351040 -0.093457201248525 1.66706
9.850000 -0.068497873567621 -0.098900947491997 1.44385
9.900000 -0.080428432227525 -0.100765129733936 1.25285
9.950000 -0.091780245912482 -0.098659553317458 1.07495
10.000000 -0.102435049762985 -0.092632353403944 0.904303
10.050000 -0.111123625920667 -0.083065311518988 0.747504
10.100000 -0.116123653413055 -0.070550651205066 0.607548
10.150000 -0.116601751007820 -0.055790455260267 0.47847
10.200000 -0.112398689458478 -0.039522464091097 0.351627
10.250000 -0.103811516774431 -0.022465044130068 0.216402
10.300000 -0.091426927080541 -0.005279186699317 0.0577421
10.350000 -0.075995782035353  0.011451804066813 -0.15069
10.400000 -0.058340462322596  0.027228999796369 -0.466726
10.450000 -0.039288210083251  0.041638850175453 -1.05983
10.500000 -0.019624864506749  0.054354254127332 -2.76966
10.550000 -0.000064429113638  0.065133523047455 -1010.93
10.600000  0.018769227861879  0.073816073597702 3.93282
10.650000  0.036351522160406  0.080316446077188 2.20944
10.700000  0.052259540450066  0.084617103948954 1.61917
10.750000  0.066169565601832  0.086757587331579 1.31114
10.800000  0.077851238381202  0.086820043883991 1.1152
10.850000  0.087159524694268  0.084917058688959 0.974272
10.900000  0.094025389569445  0.081186333888663 0.863451
10.950000  0.098445861928506  0.075787887939798 0.769843
11.000000  0.100473999306150  0.068898579781969 0.685735
11.050000  0.100209121762931  0.060705807637150 0.605791
11.100000  0.097787573194344  0.051404599331821 0.525676
11.150000  0.093374180936594  0.041195169069984 0.441184
11.200000  0.087154516703692  0.030275361450896 0.347376
11.250000  0.079328009861836  0.018829797470419 0.237366
11.300000  0.070101924852925  0.007023517521048 0.10019
11.350000  0.059686185722292 -0.004993474689562 -0.0836622
11.400000  0.048289010115453 -0.017076454587145 -0.35363
11.450000  0.036113301074052 -0.029089290322216 -0.805501
11.500000  0.023353736073703 -0.040925227053885 -1.75241
11.550000  0.010194487852203 -0.052520644196405 -5.15187
11.600000 -0.003192490266072 -0.063819730922502 19.9906
11.650000 -0.016648681398258 -0.074657396372550 4.48428
11.700000 -0.030029789214152 -0.084593095299871 2.81697
11.750000 -0.043206150562984 -0.092806932355214 2.148
11.800000 -0.056062833961167 -0.098327170592843 1.75387
11.850000 -0.068499476717068 -0.100350230003427 1.46498
11.900000 -0.080429908655552 -0.098464443865826 1.22423
11.950000 -0.091781605529603 -0.092682769111613 1.00982
12.000000 -0.102436301714016 -0.083355983954932 0.813735
12.050000 -0.111124778643062 -0.071055049559985 0.639417
12.100000 -0.116124714690864 -0.056469587697050 0.486284
12.150000 -0.116602728021600 -0.040331363866204 0.345887
12.200000 -0.112399588831452 -0.023357887221438 0.207811
12.250000 -0.103812344615176 -0.006212982083110 0.0598482
12.300000 -0.091427689022448  0.010515500519046 -0.115014
12.350000 -0.075996483273118  0.026323975093461 -0.346384
12.400000 -0.058341107645941  0.040794165415139 -0.699235
12.450000 -0.039288803908099  0.053593134969254 -1.36408
12.500000 -0.019625410904033  0.064472106660033 -3.28513
12.550000 -0.000064931835918  0.073263403562623 -1128.31
12.600000  0.018768765355819  0.079876014210437 4.25579
12.650000  0.036351096682839  0.084288924846768 2.31875
12.700000  0.052259149063328  0.086539747670364 1.65597
12.750000  0.066169205598941  0.086709308245545 1.31042
12.800000  0.077850907267951  0.084908565240422 1.09066
12.850000  0.087159220172694  0.081272889097847 0.932465
12.900000  0.094025109522564  0.075960075328505 0.80787
12.950000  0.098445604406220  0.069146226838136 0.70238
13.000000  0.100473762512236  0.061019596534936 0.607319
13.050000  0.100208904043033  0.051776183135494 0.516682
13.100000  0.097787373024892  0.041616216943323 0.425579
13.150000  0.093373996914571  0.030737469518073 0.329187
13.200000  0.087154347537201  0.019326018385080 0.221745
13.250000  0.079327854361389  0.007550107016561 0.095176
13.300000  0.070101781923411 -0.004437267139130 -0.0632975
13.350000  0.059686054355564 -0.016491156326940 -0.276298
13.400000  0.048288889383494 -0.028478821546521 -0.589759
13.450000  0.036113190122668 -0.040298288972025 -1.11589
13.500000  0.023353634116710 -0.051887672995104 -2.22182
13.550000  0.010194394166067 -0.063185666519666 -6.19808
13.600000 -0.003192576347182 -0.074015481762891 23.1836
13.650000 -0.016648760487026 -0.083934456205069 5.04148
13.700000 -0.030029861874317 -0.092158740534249 3.0689
13.750000 -0.043206217313213 -0.097755027400894 2.26252
13.800000 -0.056062895278625 -0.099932947774236 1.78251
13.850000 -0.068499533040709 -0.098262236192754 1.43449
13.900000 -0.080429960389149 -0.092722592266821 1.15284
13.950000 -0.091781653044544 -0.083633856195807 0.911226
14.000000 -0.102436345351879 -0.071545576158074 0.698439
14.050000 -0.111124818717983 -0.057134951207128 0.514151
14.100000 -0.116124751491726 -0.041127742426201 0.354169
14.150000 -0.116602761814044 -0.024240069499169 0.207886
14.200000 -0.112399619859731 -0.007138011924212 0.0635057
14.250000 -0.103812373103860  0.009585965125311 -0.0923393
14.300000 -0.091427715178001  0.025422950326375 -0.278066
14.350000 -0.075996507285343  0.039949605354733 -0.525677
14.400000 -0.058341129689314  0.052827860542608 -0.905499
14.450000 -0.039288824142997  0.063803244029452 -1.62395
14.500000 -0.019625429477862  0.072701995560911 -3.70448
14.550000 -0.000064948884158  0.079427404737007 -1222.92
14.600000  0.018768749708663  0.083953906547682 4.47307
14.650000  0.036351082322349  0.086316073190264 2.37451
14.700000  0.052259135884366  0.086593047040894 1.65699
14.750000  0.066169193504900  0.084894630380547 1.28299
14.800000  0.077850896170069  0.081354516787399 1.045
14.850000  0.087159209989423  0.076128319411562 0.87344
14.900000  0.094025100178985  0.069390750729763 0.738002
14.950000  0.098445595833510  0.061330490365527 0.622989
15.000000  0.100473754647177  0.052145061652435 0.518992
15.050000  0.100208896827557  0.042035727493516 0.419481
15.100000  0.097787366405663  0.031200276554033 0.319062
15.150000  0.093373990842607  0.019824843294661 0.212317
15.200000  0.087154341967516  0.008079162448597 0.0926995
15.250000  0.079327849252673 -0.003881129903620 -0.0489252
15.300000  0.070101777237730 -0.015909572814163 -0.22695
15.350000  0.059686050058084 -0.027874894602121 -0.467025
15.400000  0.048288885442235 -0.039678669611955 -0.821694
15.450000  0.036113186508265 -0.051260559926919 -1.41944
15.500000  0.023353630802207 -0.062554482006534 -2.67858
15.550000  0.010194391126716 -0.073374511411270 -7.19754
15.600000 -0.003192579134099 -0.083278556020488 26.085
15.650000 -0.016648763042361 -0.091513727009192 5.49673
15.700000 -0.030029864217212 -0.097182344181098 3.23619
15.750000 -0.043206219461235 -0.099508412325043 2.3031
15.800000 -0.056062897247898 -0.098046752284461 1.74887
15.850000 -0.068499534846029 -0.092746121050395 1.35397
15.900000 -0.080429962044097 -0.083895432131649 1.04309
15.950000 -0.091781654561580 -0.072021670505151 0.784707
16.000000 -0.102436346742437 -0.057788751332234 0.564143
16.050000 -0.111124819992553 -0.041915996688973 0.377197
16.100000 -0.116124752659935 -0.025117668425915 0.216299
16.150000 -0.116602762884723 -0.008061348855133 0.0691351
16.200000 -0.112399620840983  0.008656450815046 -0.0770149
16.250000 -0.103812374003117  0.024521274536437 -0.236208
16.300000 -0.091427716002082  0.039103836384563 -0.427702
16.350000 -0.075996508040501  0.052060220700419 -0.685034
16.400000 -0.058341130381286  0.063130360854102 -1.08209
16.450000 -0.039288824777045  0.072135198177885 -1.83602
16.500000 -0.019625430058811  0.078973031903948 -4.02402
16.550000 -0.000064949416435  0.083613719694352 -1287.37
16.600000  0.018768749221001  0.086088073834550 4.58678
16.650000  0.036351081875579  0.086472804520616 2.37882
16.700000  0.052259135475074  0.084876458093186 1.62415
16.750000  0.066169193129958  0.081431616159830 1.23066
16.800000  0.077850895826605  0.076292212066302 0.979979
16.850000  0.087159209674807  0.069631319257790 0.798898
16.900000  0.094025099890806  0.061637274730727 0.655541
16.950000  0.098445595569556  0.052508861018554 0.533379
17.000000  0.100473754405420  0.042449202776640 0.42249
17.050000  0.100208896606139  0.031657374369157 0.315914
17.100000  0.097787366202880  0.020320001735378 0.207798
17.150000  0.093373990656898  0.008607382578437 0.0921818
17.200000  0.087154341797449 -0.003323747517466 -0.0381363
17.250000  0.079327849096936 -0.015326348056403 -0.193203
17.300000  0.070101777095121 -0.027270277520242 -0.38901
17.350000  0.059686049927501 -0.039059432838904 -0.654415
17.400000  0.048288885322668 -0.050633928773587 -1.04856
17.450000  0.036113186398789 -0.061923026756684 -1.71469
17.500000  0.023353630701973 -0.072733845237203 -3.11446
17.550000  0.010194391034948 -0.082626914019165 -8.10513
17.600000 -0.003192579218114 -0.090876029494052 28.4648
17.650000 -0.016648763119276 -0.096615405245208 5.80316
17.700000 -0.030029864287623 -0.099083499633222 3.2995
17.750000 -0.043206219525691 -0.097823592166742 2.26411
17.800000 -0.056062897306899 -0.092756562576926 1.65451
17.850000 -0.068499534900037 -0.084141371663741 1.22835
17.900000 -0.080429962093531 -0.072481868194679 0.90118
17.950000 -0.091781654606827 -0.058427797110993 0.636596
18.000000 -0.102436346783850 -0.042691630591210 0.416763
18.050000 -0.111124820030456 -0.025985662950854 0.233842
18.100000 -0.116124752694624 -0.008978662853132 0.0773191
18.150000 -0.116602762916470  0.007729504103383 -0.0662892
18.200000 -0.112399620870035  0.023619468628185 -0.210138
18.250000 -0.103812374029703  0.038256059720178 -0.368512
18.300000 -0.091427716026411  0.051289059729289 -0.560979
18.350000 -0.075996508062763  0.062452352826207 -0.821779
18.400000 -0.058341130401656  0.071561600801163 -1.22661
18.450000 -0.039288824795684  0.078510594819106 -1.99829
18.500000 -0.019625430075865  0.083265107244932 -4.24272
18.550000 -0.000064949432038  0.085852221072027 -1321.83
18.600000  0.018768749206725  0.086345743234279 4.60051
18.650000  0.036351081862518  0.084852468306498 2.33425
18.700000  0.052259135463125  0.081503875337090 1.55961
18.750000  0.066169193119026  0.076452650177630 1.15541
18.800000  0.077850895816605  0.069870388150981 0.89749
18.850000  0.087159209665660  0.061944449921282 0.710705
18.900000  0.094025099882438  0.052873811775505 0.562337
18.950000  0.098445595561902  0.042862927029449 0.435397
19.000000  0.100473754398419  0.032112727240991 0.319613
19.050000  0.100208896599735  0.020811561223711 0.207682
19.100000  0.097787366197023  0.009131129506896 0.0933774
19.150000  0.093373990651541 -0.002770863598211 -0.0296749
19.200000  0.087154341792550 -0.014747512979115 -0.169211
19.250000  0.079327849092455 -0.026670174103703 -0.336202
19.300000  0.070101777091022 -0.038444500628309 -0.54841
19.350000  0.059686049923753 -0.050010111173833 -0.837886
19.400000  0.048288885319240 -0.061291701682027 -1.26927
19.450000  0.036113186395655 -0.072091534570884 -1.99627
19.500000  0.023353630699107 -0.081974967014758 -3.51016
19.550000  0.010194391032326 -0.090239895270940 -8.85192
19.600000 -0.003192579220510 -0.096049196955277 30.0851
19.650000 -0.016648763121467 -0.098655084992865 5.92567
19.700000 -0.030029864289626 -0.097591495294948 3.24981
19.750000 -0.043206219527523 -0.092754058505455 2.14678
19.800000 -0.056062897308575 -0.084372968706154 1.50497
19.850000 -0.068499534901568 -0.072928548526113 1.06466
19.900000 -0.080429962094931 -0.059055307933517 0.734245
19.950000 -0.091781654608106 -0.043458044221662 0.473494
