0 1 2 
2 3 4 
2 1 3 
1 5 3 
6 7 8 
6 8 2 
4 6 2 
2 8 0 
0 8 9 
9 10 11 
9 8 10 
8 7 10 
12 13 14 
12 14 9 
11 12 9 
9 14 0 
0 14 15 
15 16 17 
15 14 16 
14 13 16 
18 19 20 
18 20 15 
17 18 15 
15 20 0 
0 20 21 
21 22 23 
21 20 22 
20 19 22 
24 5 1 
24 1 21 
23 24 21 
21 1 0 
25 26 27 
27 28 29 
27 26 28 
26 30 28 
31 32 33 
31 33 27 
29 31 27 
27 33 25 
25 33 34 
34 35 36 
34 33 35 
33 32 35 
37 13 38 
37 38 34 
36 37 34 
34 38 25 
25 38 39 
39 12 11 
39 38 12 
38 13 12 
10 7 40 
10 40 39 
11 10 39 
39 40 25 
25 40 41 
41 42 43 
41 40 42 
40 7 42 
44 30 26 
44 26 41 
43 44 41 
41 26 25 
45 46 47 
47 48 49 
47 46 48 
46 32 48 
50 51 52 
50 52 47 
49 50 47 
47 52 45 
45 52 53 
53 54 55 
53 52 54 
52 51 54 
56 19 57 
56 57 53 
55 56 53 
53 57 45 
45 57 58 
58 18 17 
58 57 18 
57 19 18 
16 13 59 
16 59 58 
17 16 58 
58 59 45 
45 59 60 
60 37 36 
60 59 37 
59 13 37 
35 32 46 
35 46 60 
36 35 60 
60 46 45 
61 62 63 
63 64 65 
63 62 64 
62 51 64 
66 67 68 
66 68 63 
65 66 63 
63 68 61 
61 68 69 
69 70 71 
69 68 70 
68 67 70 
72 5 73 
72 73 69 
71 72 69 
69 73 61 
61 73 74 
74 24 23 
74 73 24 
73 5 24 
22 19 75 
22 75 74 
23 22 74 
74 75 61 
61 75 76 
76 56 55 
76 75 56 
75 19 56 
54 51 62 
54 62 76 
55 54 76 
76 62 61 
77 78 79 
79 80 81 
79 78 80 
78 67 80 
82 30 83 
82 83 79 
81 82 79 
79 83 77 
77 83 84 
84 44 43 
84 83 44 
83 30 44 
42 7 85 
42 85 84 
43 42 84 
84 85 77 
77 85 86 
86 6 4 
86 85 6 
85 7 6 
3 5 87 
3 87 86 
4 3 86 
86 87 77 
77 87 88 
88 72 71 
88 87 72 
87 5 72 
70 67 78 
70 78 88 
71 70 88 
88 78 77 
89 90 91 
91 82 81 
91 90 82 
90 30 82 
80 67 92 
80 92 91 
81 80 91 
91 92 89 
89 92 93 
93 66 65 
93 92 66 
92 67 66 
64 51 94 
64 94 93 
65 64 93 
93 94 89 
89 94 95 
95 50 49 
95 94 50 
94 51 50 
48 32 96 
48 96 95 
49 48 95 
95 96 89 
89 96 97 
97 31 29 
97 96 31 
96 32 31 
28 30 90 
28 90 97 
29 28 97 
97 90 89 
