0 1 2 
2 3 4 
2 1 3 
1 5 3 
4 6 7 
4 3 6 
3 8 6 
3 5 8 
5 9 8 
7 10 11 
7 6 10 
6 12 10 
6 8 12 
8 13 12 
8 9 13 
9 14 13 
11 15 16 
11 10 15 
10 17 15 
10 12 17 
12 18 17 
12 13 18 
13 19 18 
13 14 19 
14 20 19 
16 21 22 
16 15 21 
15 23 21 
15 17 23 
17 24 23 
17 18 24 
18 25 24 
18 19 25 
19 26 25 
19 20 26 
20 27 26 
22 28 29 
22 21 28 
21 30 28 
21 23 30 
23 31 30 
23 24 31 
24 32 31 
24 25 32 
25 33 32 
25 26 33 
26 34 33 
26 27 34 
27 35 34 
29 36 37 
29 28 36 
28 38 36 
28 30 38 
30 39 38 
30 31 39 
31 40 39 
31 32 40 
32 41 40 
32 33 41 
33 42 41 
33 34 42 
34 43 42 
34 35 43 
35 44 43 
45 46 47 
45 47 48 
49 45 48 
49 48 50 
51 49 50 
51 50 52 
53 51 52 
53 52 54 
55 53 54 
55 54 56 
57 55 56 
57 56 58 
59 57 58 
59 58 29 
37 59 29 
48 47 60 
48 60 61 
50 48 61 
50 61 62 
52 50 62 
52 62 63 
54 52 63 
54 63 64 
56 54 64 
56 64 65 
58 56 65 
58 65 22 
29 58 22 
61 60 66 
61 66 67 
62 61 67 
62 67 68 
63 62 68 
63 68 69 
64 63 69 
64 69 70 
65 64 70 
65 70 16 
22 65 16 
67 66 71 
67 71 72 
68 67 72 
68 72 73 
69 68 73 
69 73 74 
70 69 74 
70 74 11 
16 70 11 
72 71 75 
72 75 76 
73 72 76 
73 76 77 
74 73 77 
74 77 7 
11 74 7 
76 75 78 
76 78 79 
77 76 79 
77 79 4 
7 77 4 
79 78 80 
79 80 2 
4 79 2 
2 80 0 
0 80 81 
81 82 83 
81 80 82 
80 78 82 
83 84 85 
83 82 84 
82 86 84 
82 78 86 
78 75 86 
85 87 88 
85 84 87 
84 89 87 
84 86 89 
86 90 89 
86 75 90 
75 71 90 
88 91 92 
88 87 91 
87 93 91 
87 89 93 
89 94 93 
89 90 94 
90 95 94 
90 71 95 
71 66 95 
92 96 97 
92 91 96 
91 98 96 
91 93 98 
93 99 98 
93 94 99 
94 100 99 
94 95 100 
95 101 100 
95 66 101 
66 60 101 
97 102 103 
97 96 102 
96 104 102 
96 98 104 
98 105 104 
98 99 105 
99 106 105 
99 100 106 
100 107 106 
100 101 107 
101 108 107 
101 60 108 
60 47 108 
103 109 110 
103 102 109 
102 111 109 
102 104 111 
104 112 111 
104 105 112 
105 113 112 
105 106 113 
106 114 113 
106 107 114 
107 115 114 
107 108 115 
108 116 115 
108 47 116 
47 46 116 
117 118 119 
117 119 120 
121 117 120 
121 120 122 
123 121 122 
123 122 124 
125 123 124 
125 124 126 
127 125 126 
127 126 128 
129 127 128 
129 128 130 
131 129 130 
131 130 103 
110 131 103 
120 119 132 
120 132 133 
122 120 133 
122 133 134 
124 122 134 
124 134 135 
126 124 135 
126 135 136 
128 126 136 
128 136 137 
130 128 137 
130 137 97 
103 130 97 
133 132 138 
133 138 139 
134 133 139 
134 139 140 
135 134 140 
135 140 141 
136 135 141 
136 141 142 
137 136 142 
137 142 92 
97 137 92 
139 138 143 
139 143 144 
140 139 144 
140 144 145 
141 140 145 
141 145 146 
142 141 146 
142 146 88 
92 142 88 
144 143 147 
144 147 148 
145 144 148 
145 148 149 
146 145 149 
146 149 85 
88 146 85 
148 147 150 
148 150 151 
149 148 151 
149 151 83 
85 149 83 
151 150 152 
151 152 81 
83 151 81 
81 152 0 
0 152 153 
153 154 155 
153 152 154 
152 150 154 
155 156 157 
155 154 156 
154 158 156 
154 150 158 
150 147 158 
157 159 160 
157 156 159 
156 161 159 
156 158 161 
158 162 161 
158 147 162 
147 143 162 
160 163 164 
160 159 163 
159 165 163 
159 161 165 
161 166 165 
161 162 166 
162 167 166 
162 143 167 
143 138 167 
164 168 169 
164 163 168 
163 170 168 
163 165 170 
165 171 170 
165 166 171 
166 172 171 
166 167 172 
167 173 172 
167 138 173 
138 132 173 
169 174 175 
169 168 174 
168 176 174 
168 170 176 
170 177 176 
170 171 177 
171 178 177 
171 172 178 
172 179 178 
172 173 179 
173 180 179 
173 132 180 
132 119 180 
175 181 182 
175 174 181 
174 183 181 
174 176 183 
176 184 183 
176 177 184 
177 185 184 
177 178 185 
178 186 185 
178 179 186 
179 187 186 
179 180 187 
180 188 187 
180 119 188 
119 118 188 
189 190 191 
189 191 192 
193 189 192 
193 192 194 
195 193 194 
195 194 196 
197 195 196 
197 196 198 
199 197 198 
199 198 200 
201 199 200 
201 200 202 
203 201 202 
203 202 175 
182 203 175 
192 191 204 
192 204 205 
194 192 205 
194 205 206 
196 194 206 
196 206 207 
198 196 207 
198 207 208 
200 198 208 
200 208 209 
202 200 209 
202 209 169 
175 202 169 
205 204 210 
205 210 211 
206 205 211 
206 211 212 
207 206 212 
207 212 213 
208 207 213 
208 213 214 
209 208 214 
209 214 164 
169 209 164 
211 210 215 
211 215 216 
212 211 216 
212 216 217 
213 212 217 
213 217 218 
214 213 218 
214 218 160 
164 214 160 
216 215 219 
216 219 220 
217 216 220 
217 220 221 
218 217 221 
218 221 157 
160 218 157 
220 219 222 
220 222 223 
221 220 223 
221 223 155 
157 221 155 
223 222 224 
223 224 153 
155 223 153 
153 224 0 
0 224 225 
225 226 227 
225 224 226 
224 222 226 
227 228 229 
227 226 228 
226 230 228 
226 222 230 
222 219 230 
229 231 232 
229 228 231 
228 233 231 
228 230 233 
230 234 233 
230 219 234 
219 215 234 
232 235 236 
232 231 235 
231 237 235 
231 233 237 
233 238 237 
233 234 238 
234 239 238 
234 215 239 
215 210 239 
236 240 241 
236 235 240 
235 242 240 
235 237 242 
237 243 242 
237 238 243 
238 244 243 
238 239 244 
239 245 244 
239 210 245 
210 204 245 
241 246 247 
241 240 246 
240 248 246 
240 242 248 
242 249 248 
242 243 249 
243 250 249 
243 244 250 
244 251 250 
244 245 251 
245 252 251 
245 204 252 
204 191 252 
247 253 254 
247 246 253 
246 255 253 
246 248 255 
248 256 255 
248 249 256 
249 257 256 
249 250 257 
250 258 257 
250 251 258 
251 259 258 
251 252 259 
252 260 259 
252 191 260 
191 190 260 
261 44 35 
261 35 262 
263 261 262 
263 262 264 
265 263 264 
265 264 266 
267 265 266 
267 266 268 
269 267 268 
269 268 270 
271 269 270 
271 270 272 
273 271 272 
273 272 247 
254 273 247 
262 35 27 
262 27 274 
264 262 274 
264 274 275 
266 264 275 
266 275 276 
268 266 276 
268 276 277 
270 268 277 
270 277 278 
272 270 278 
272 278 241 
247 272 241 
274 27 20 
274 20 279 
275 274 279 
275 279 280 
276 275 280 
276 280 281 
277 276 281 
277 281 282 
278 277 282 
278 282 236 
241 278 236 
279 20 14 
279 14 283 
280 279 283 
280 283 284 
281 280 284 
281 284 285 
282 281 285 
282 285 232 
236 282 232 
283 14 9 
283 9 286 
284 283 286 
284 286 287 
285 284 287 
285 287 229 
232 285 229 
286 9 5 
286 5 288 
287 286 288 
287 288 227 
229 287 227 
288 5 1 
288 1 225 
227 288 225 
225 1 0 
289 290 291 
291 292 293 
291 290 292 
290 294 292 
293 295 296 
293 292 295 
292 297 295 
292 294 297 
294 298 297 
296 299 300 
296 295 299 
295 301 299 
295 297 301 
297 302 301 
297 298 302 
298 303 302 
300 304 305 
300 299 304 
299 306 304 
299 301 306 
301 307 306 
301 302 307 
302 308 307 
302 303 308 
303 309 308 
305 310 311 
305 304 310 
304 312 310 
304 306 312 
306 313 312 
306 307 313 
307 314 313 
307 308 314 
308 315 314 
308 309 315 
309 316 315 
311 317 318 
311 310 317 
310 319 317 
310 312 319 
312 320 319 
312 313 320 
313 321 320 
313 314 321 
314 322 321 
314 315 322 
315 323 322 
315 316 323 
316 324 323 
318 325 326 
318 317 325 
317 327 325 
317 319 327 
319 328 327 
319 320 328 
320 329 328 
320 321 329 
321 330 329 
321 322 330 
322 331 330 
322 323 331 
323 332 331 
323 324 332 
324 333 332 
334 335 336 
334 336 337 
338 334 337 
338 337 339 
340 338 339 
340 339 341 
342 340 341 
342 341 343 
344 342 343 
344 343 345 
346 344 345 
346 345 347 
348 346 347 
348 347 318 
326 348 318 
337 336 349 
337 349 350 
339 337 350 
339 350 351 
341 339 351 
341 351 352 
343 341 352 
343 352 353 
345 343 353 
345 353 354 
347 345 354 
347 354 311 
318 347 311 
350 349 355 
350 355 356 
351 350 356 
351 356 357 
352 351 357 
352 357 358 
353 352 358 
353 358 359 
354 353 359 
354 359 305 
311 354 305 
356 355 360 
356 360 361 
357 356 361 
357 361 362 
358 357 362 
358 362 363 
359 358 363 
359 363 300 
305 359 300 
361 360 364 
361 364 365 
362 361 365 
362 365 366 
363 362 366 
363 366 296 
300 363 296 
365 364 367 
365 367 368 
366 365 368 
366 368 293 
296 366 293 
368 367 369 
368 369 291 
293 368 291 
291 369 289 
289 369 370 
370 371 372 
370 369 371 
369 367 371 
372 373 374 
372 371 373 
371 375 373 
371 367 375 
367 364 375 
374 376 377 
374 373 376 
373 378 376 
373 375 378 
375 379 378 
375 364 379 
364 360 379 
377 380 381 
377 376 380 
376 382 380 
376 378 382 
378 383 382 
378 379 383 
379 384 383 
379 360 384 
360 355 384 
381 385 386 
381 380 385 
380 387 385 
380 382 387 
382 388 387 
382 383 388 
383 389 388 
383 384 389 
384 390 389 
384 355 390 
355 349 390 
386 391 392 
386 385 391 
385 393 391 
385 387 393 
387 394 393 
387 388 394 
388 395 394 
388 389 395 
389 396 395 
389 390 396 
390 397 396 
390 349 397 
349 336 397 
392 398 399 
392 391 398 
391 400 398 
391 393 400 
393 401 400 
393 394 401 
394 402 401 
394 395 402 
395 403 402 
395 396 403 
396 404 403 
396 397 404 
397 405 404 
397 336 405 
336 335 405 
406 118 407 
406 407 408 
409 406 408 
409 408 410 
411 409 410 
411 410 412 
413 411 412 
413 412 414 
415 413 414 
415 414 416 
417 415 416 
417 416 418 
419 417 418 
419 418 392 
399 419 392 
408 407 420 
408 420 421 
410 408 421 
410 421 422 
412 410 422 
412 422 423 
414 412 423 
414 423 424 
416 414 424 
416 424 425 
418 416 425 
418 425 386 
392 418 386 
421 420 426 
421 426 427 
422 421 427 
422 427 428 
423 422 428 
423 428 429 
424 423 429 
424 429 430 
425 424 430 
425 430 381 
386 425 381 
427 426 431 
427 431 432 
428 427 432 
428 432 433 
429 428 433 
429 433 434 
430 429 434 
430 434 377 
381 430 377 
432 431 435 
432 435 436 
433 432 436 
433 436 437 
434 433 437 
434 437 374 
377 434 374 
436 435 438 
436 438 439 
437 436 439 
437 439 372 
374 437 372 
439 438 440 
439 440 370 
372 439 370 
370 440 289 
289 440 441 
441 442 443 
441 440 442 
440 438 442 
443 444 445 
443 442 444 
442 446 444 
442 438 446 
438 435 446 
445 447 448 
445 444 447 
444 449 447 
444 446 449 
446 450 449 
446 435 450 
435 431 450 
448 451 452 
448 447 451 
447 453 451 
447 449 453 
449 454 453 
449 450 454 
450 455 454 
450 431 455 
431 426 455 
452 456 457 
452 451 456 
451 458 456 
451 453 458 
453 459 458 
453 454 459 
454 460 459 
454 455 460 
455 461 460 
455 426 461 
426 420 461 
457 462 463 
457 456 462 
456 464 462 
456 458 464 
458 465 464 
458 459 465 
459 466 465 
459 460 466 
460 467 466 
460 461 467 
461 468 467 
461 420 468 
420 407 468 
463 131 110 
463 462 131 
462 129 131 
462 464 129 
464 127 129 
464 465 127 
465 125 127 
465 466 125 
466 123 125 
466 467 123 
467 121 123 
467 468 121 
468 117 121 
468 407 117 
407 118 117 
116 46 469 
116 469 470 
115 116 470 
115 470 471 
114 115 471 
114 471 472 
113 114 472 
113 472 473 
112 113 473 
112 473 474 
111 112 474 
111 474 475 
109 111 475 
109 475 463 
110 109 463 
470 469 476 
470 476 477 
471 470 477 
471 477 478 
472 471 478 
472 478 479 
473 472 479 
473 479 480 
474 473 480 
474 480 481 
475 474 481 
475 481 457 
463 475 457 
477 476 482 
477 482 483 
478 477 483 
478 483 484 
479 478 484 
479 484 485 
480 479 485 
480 485 486 
481 480 486 
481 486 452 
457 481 452 
483 482 487 
483 487 488 
484 483 488 
484 488 489 
485 484 489 
485 489 490 
486 485 490 
486 490 448 
452 486 448 
488 487 491 
488 491 492 
489 488 492 
489 492 493 
490 489 493 
490 493 445 
448 490 445 
492 491 494 
492 494 495 
493 492 495 
493 495 443 
445 493 443 
495 494 496 
495 496 441 
443 495 441 
441 496 289 
289 496 497 
497 498 499 
497 496 498 
496 494 498 
499 500 501 
499 498 500 
498 502 500 
498 494 502 
494 491 502 
501 503 504 
501 500 503 
500 505 503 
500 502 505 
502 506 505 
502 491 506 
491 487 506 
504 507 508 
504 503 507 
503 509 507 
503 505 509 
505 510 509 
505 506 510 
506 511 510 
506 487 511 
487 482 511 
508 512 513 
508 507 512 
507 514 512 
507 509 514 
509 515 514 
509 510 515 
510 516 515 
510 511 516 
511 517 516 
511 482 517 
482 476 517 
513 518 519 
513 512 518 
512 520 518 
512 514 520 
514 521 520 
514 515 521 
515 522 521 
515 516 522 
516 523 522 
516 517 523 
517 524 523 
517 476 524 
476 469 524 
519 525 526 
519 518 525 
518 527 525 
518 520 527 
520 528 527 
520 521 528 
521 529 528 
521 522 529 
522 530 529 
522 523 530 
523 531 530 
523 524 531 
524 532 531 
524 469 532 
469 46 532 
533 333 324 
533 324 534 
535 533 534 
535 534 536 
537 535 536 
537 536 538 
539 537 538 
539 538 540 
541 539 540 
541 540 542 
543 541 542 
543 542 544 
545 543 544 
545 544 519 
526 545 519 
534 324 316 
534 316 546 
536 534 546 
536 546 547 
538 536 547 
538 547 548 
540 538 548 
540 548 549 
542 540 549 
542 549 550 
544 542 550 
544 550 513 
519 544 513 
546 316 309 
546 309 551 
547 546 551 
547 551 552 
548 547 552 
548 552 553 
549 548 553 
549 553 554 
550 549 554 
550 554 508 
513 550 508 
551 309 303 
551 303 555 
552 551 555 
552 555 556 
553 552 556 
553 556 557 
554 553 557 
554 557 504 
508 554 504 
555 303 298 
555 298 558 
556 555 558 
556 558 559 
557 556 559 
557 559 501 
504 557 501 
558 298 294 
558 294 560 
559 558 560 
559 560 499 
501 559 499 
560 294 290 
560 290 497 
499 560 497 
497 290 289 
561 562 563 
563 564 565 
563 562 564 
562 566 564 
565 567 568 
565 564 567 
564 569 567 
564 566 569 
566 570 569 
568 571 572 
568 567 571 
567 573 571 
567 569 573 
569 574 573 
569 570 574 
570 575 574 
572 576 577 
572 571 576 
571 578 576 
571 573 578 
573 579 578 
573 574 579 
574 580 579 
574 575 580 
575 581 580 
577 582 583 
577 576 582 
576 584 582 
576 578 584 
578 585 584 
578 579 585 
579 586 585 
579 580 586 
580 587 586 
580 581 587 
581 588 587 
583 589 590 
583 582 589 
582 591 589 
582 584 591 
584 592 591 
584 585 592 
585 593 592 
585 586 593 
586 594 593 
586 587 594 
587 595 594 
587 588 595 
588 596 595 
590 597 598 
590 589 597 
589 599 597 
589 591 599 
591 600 599 
591 592 600 
592 601 600 
592 593 601 
593 602 601 
593 594 602 
594 603 602 
594 595 603 
595 604 603 
595 596 604 
596 335 604 
605 606 607 
605 607 608 
609 605 608 
609 608 610 
611 609 610 
611 610 612 
613 611 612 
613 612 614 
615 613 614 
615 614 616 
617 615 616 
617 616 618 
619 617 618 
619 618 590 
598 619 590 
608 607 620 
608 620 621 
610 608 621 
610 621 622 
612 610 622 
612 622 623 
614 612 623 
614 623 624 
616 614 624 
616 624 625 
618 616 625 
618 625 583 
590 618 583 
621 620 626 
621 626 627 
622 621 627 
622 627 628 
623 622 628 
623 628 629 
624 623 629 
624 629 630 
625 624 630 
625 630 577 
583 625 577 
627 626 631 
627 631 632 
628 627 632 
628 632 633 
629 628 633 
629 633 634 
630 629 634 
630 634 572 
577 630 572 
632 631 635 
632 635 636 
633 632 636 
633 636 637 
634 633 637 
634 637 568 
572 634 568 
636 635 638 
636 638 639 
637 636 639 
637 639 565 
568 637 565 
639 638 640 
639 640 563 
565 639 563 
563 640 561 
561 640 641 
641 642 643 
641 640 642 
640 638 642 
643 644 645 
643 642 644 
642 646 644 
642 638 646 
638 635 646 
645 647 648 
645 644 647 
644 649 647 
644 646 649 
646 650 649 
646 635 650 
635 631 650 
648 651 652 
648 647 651 
647 653 651 
647 649 653 
649 654 653 
649 650 654 
650 655 654 
650 631 655 
631 626 655 
652 656 657 
652 651 656 
651 658 656 
651 653 658 
653 659 658 
653 654 659 
654 660 659 
654 655 660 
655 661 660 
655 626 661 
626 620 661 
657 662 663 
657 656 662 
656 664 662 
656 658 664 
658 665 664 
658 659 665 
659 666 665 
659 660 666 
660 667 666 
660 661 667 
661 668 667 
661 620 668 
620 607 668 
663 669 670 
663 662 669 
662 671 669 
662 664 671 
664 672 671 
664 665 672 
665 673 672 
665 666 673 
666 674 673 
666 667 674 
667 675 674 
667 668 675 
668 676 675 
668 607 676 
607 606 676 
677 190 678 
677 678 679 
680 677 679 
680 679 681 
682 680 681 
682 681 683 
684 682 683 
684 683 685 
686 684 685 
686 685 687 
688 686 687 
688 687 689 
690 688 689 
690 689 663 
670 690 663 
679 678 691 
679 691 692 
681 679 692 
681 692 693 
683 681 693 
683 693 694 
685 683 694 
685 694 695 
687 685 695 
687 695 696 
689 687 696 
689 696 657 
663 689 657 
692 691 697 
692 697 698 
693 692 698 
693 698 699 
694 693 699 
694 699 700 
695 694 700 
695 700 701 
696 695 701 
696 701 652 
657 696 652 
698 697 702 
698 702 703 
699 698 703 
699 703 704 
700 699 704 
700 704 705 
701 700 705 
701 705 648 
652 701 648 
703 702 706 
703 706 707 
704 703 707 
704 707 708 
705 704 708 
705 708 645 
648 705 645 
707 706 709 
707 709 710 
708 707 710 
708 710 643 
645 708 643 
710 709 711 
710 711 641 
643 710 641 
641 711 561 
561 711 712 
712 713 714 
712 711 713 
711 709 713 
714 715 716 
714 713 715 
713 717 715 
713 709 717 
709 706 717 
716 718 719 
716 715 718 
715 720 718 
715 717 720 
717 721 720 
717 706 721 
706 702 721 
719 722 723 
719 718 722 
718 724 722 
718 720 724 
720 725 724 
720 721 725 
721 726 725 
721 702 726 
702 697 726 
723 727 728 
723 722 727 
722 729 727 
722 724 729 
724 730 729 
724 725 730 
725 731 730 
725 726 731 
726 732 731 
726 697 732 
697 691 732 
728 733 734 
728 727 733 
727 735 733 
727 729 735 
729 736 735 
729 730 736 
730 737 736 
730 731 737 
731 738 737 
731 732 738 
732 739 738 
732 691 739 
691 678 739 
734 203 182 
734 733 203 
733 201 203 
733 735 201 
735 199 201 
735 736 199 
736 197 199 
736 737 197 
737 195 197 
737 738 195 
738 193 195 
738 739 193 
739 189 193 
739 678 189 
678 190 189 
188 118 740 
188 740 741 
187 188 741 
187 741 742 
186 187 742 
186 742 743 
185 186 743 
185 743 744 
184 185 744 
184 744 745 
183 184 745 
183 745 746 
181 183 746 
181 746 734 
182 181 734 
741 740 747 
741 747 748 
742 741 748 
742 748 749 
743 742 749 
743 749 750 
744 743 750 
744 750 751 
745 744 751 
745 751 752 
746 745 752 
746 752 728 
734 746 728 
748 747 753 
748 753 754 
749 748 754 
749 754 755 
750 749 755 
750 755 756 
751 750 756 
751 756 757 
752 751 757 
752 757 723 
728 752 723 
754 753 758 
754 758 759 
755 754 759 
755 759 760 
756 755 760 
756 760 761 
757 756 761 
757 761 719 
723 757 719 
759 758 762 
759 762 763 
760 759 763 
760 763 764 
761 760 764 
761 764 716 
719 761 716 
763 762 765 
763 765 766 
764 763 766 
764 766 714 
716 764 714 
766 765 767 
766 767 712 
714 766 712 
712 767 561 
561 767 768 
768 769 770 
768 767 769 
767 765 769 
770 771 772 
770 769 771 
769 773 771 
769 765 773 
765 762 773 
772 774 775 
772 771 774 
771 776 774 
771 773 776 
773 777 776 
773 762 777 
762 758 777 
775 778 779 
775 774 778 
774 780 778 
774 776 780 
776 781 780 
776 777 781 
777 782 781 
777 758 782 
758 753 782 
779 783 784 
779 778 783 
778 785 783 
778 780 785 
780 786 785 
780 781 786 
781 787 786 
781 782 787 
782 788 787 
782 753 788 
753 747 788 
784 789 790 
784 783 789 
783 791 789 
783 785 791 
785 792 791 
785 786 792 
786 793 792 
786 787 793 
787 794 793 
787 788 794 
788 795 794 
788 747 795 
747 740 795 
790 419 399 
790 789 419 
789 417 419 
789 791 417 
791 415 417 
791 792 415 
792 413 415 
792 793 413 
793 411 413 
793 794 411 
794 409 411 
794 795 409 
795 406 409 
795 740 406 
740 118 406 
405 335 596 
405 596 796 
404 405 796 
404 796 797 
403 404 797 
403 797 798 
402 403 798 
402 798 799 
401 402 799 
401 799 800 
400 401 800 
400 800 801 
398 400 801 
398 801 790 
399 398 790 
796 596 588 
796 588 802 
797 796 802 
797 802 803 
798 797 803 
798 803 804 
799 798 804 
799 804 805 
800 799 805 
800 805 806 
801 800 806 
801 806 784 
790 801 784 
802 588 581 
802 581 807 
803 802 807 
803 807 808 
804 803 808 
804 808 809 
805 804 809 
805 809 810 
806 805 810 
806 810 779 
784 806 779 
807 581 575 
807 575 811 
808 807 811 
808 811 812 
809 808 812 
809 812 813 
810 809 813 
810 813 775 
779 810 775 
811 575 570 
811 570 814 
812 811 814 
812 814 815 
813 812 815 
813 815 772 
775 813 772 
814 570 566 
814 566 816 
815 814 816 
815 816 770 
772 815 770 
816 566 562 
816 562 768 
770 816 768 
768 562 561 
817 818 819 
819 820 821 
819 818 820 
818 822 820 
821 823 824 
821 820 823 
820 825 823 
820 822 825 
822 826 825 
824 827 828 
824 823 827 
823 829 827 
823 825 829 
825 830 829 
825 826 830 
826 831 830 
828 832 833 
828 827 832 
827 834 832 
827 829 834 
829 835 834 
829 830 835 
830 836 835 
830 831 836 
831 837 836 
833 838 839 
833 832 838 
832 840 838 
832 834 840 
834 841 840 
834 835 841 
835 842 841 
835 836 842 
836 843 842 
836 837 843 
837 844 843 
839 845 846 
839 838 845 
838 847 845 
838 840 847 
840 848 847 
840 841 848 
841 849 848 
841 842 849 
842 850 849 
842 843 850 
843 851 850 
843 844 851 
844 852 851 
846 853 854 
846 845 853 
845 855 853 
845 847 855 
847 856 855 
847 848 856 
848 857 856 
848 849 857 
849 858 857 
849 850 858 
850 859 858 
850 851 859 
851 860 859 
851 852 860 
852 606 860 
861 862 863 
861 863 864 
865 861 864 
865 864 866 
867 865 866 
867 866 868 
869 867 868 
869 868 870 
871 869 870 
871 870 872 
873 871 872 
873 872 874 
875 873 874 
875 874 846 
854 875 846 
864 863 876 
864 876 877 
866 864 877 
866 877 878 
868 866 878 
868 878 879 
870 868 879 
870 879 880 
872 870 880 
872 880 881 
874 872 881 
874 881 839 
846 874 839 
877 876 882 
877 882 883 
878 877 883 
878 883 884 
879 878 884 
879 884 885 
880 879 885 
880 885 886 
881 880 886 
881 886 833 
839 881 833 
883 882 887 
883 887 888 
884 883 888 
884 888 889 
885 884 889 
885 889 890 
886 885 890 
886 890 828 
833 886 828 
888 887 891 
888 891 892 
889 888 892 
889 892 893 
890 889 893 
890 893 824 
828 890 824 
892 891 894 
892 894 895 
893 892 895 
893 895 821 
824 893 821 
895 894 896 
895 896 819 
821 895 819 
819 896 817 
817 896 897 
897 898 899 
897 896 898 
896 894 898 
899 900 901 
899 898 900 
898 902 900 
898 894 902 
894 891 902 
901 903 904 
901 900 903 
900 905 903 
900 902 905 
902 906 905 
902 891 906 
891 887 906 
904 907 908 
904 903 907 
903 909 907 
903 905 909 
905 910 909 
905 906 910 
906 911 910 
906 887 911 
887 882 911 
908 912 913 
908 907 912 
907 914 912 
907 909 914 
909 915 914 
909 910 915 
910 916 915 
910 911 916 
911 917 916 
911 882 917 
882 876 917 
913 918 919 
913 912 918 
912 920 918 
912 914 920 
914 921 920 
914 915 921 
915 922 921 
915 916 922 
916 923 922 
916 917 923 
917 924 923 
917 876 924 
876 863 924 
919 925 926 
919 918 925 
918 927 925 
918 920 927 
920 928 927 
920 921 928 
921 929 928 
921 922 929 
922 930 929 
922 923 930 
923 931 930 
923 924 931 
924 932 931 
924 863 932 
863 862 932 
933 44 934 
933 934 935 
936 933 935 
936 935 937 
938 936 937 
938 937 939 
940 938 939 
940 939 941 
942 940 941 
942 941 943 
944 942 943 
944 943 945 
946 944 945 
946 945 919 
926 946 919 
935 934 947 
935 947 948 
937 935 948 
937 948 949 
939 937 949 
939 949 950 
941 939 950 
941 950 951 
943 941 951 
943 951 952 
945 943 952 
945 952 913 
919 945 913 
948 947 953 
948 953 954 
949 948 954 
949 954 955 
950 949 955 
950 955 956 
951 950 956 
951 956 957 
952 951 957 
952 957 908 
913 952 908 
954 953 958 
954 958 959 
955 954 959 
955 959 960 
956 955 960 
956 960 961 
957 956 961 
957 961 904 
908 957 904 
959 958 962 
959 962 963 
960 959 963 
960 963 964 
961 960 964 
961 964 901 
904 961 901 
963 962 965 
963 965 966 
964 963 966 
964 966 899 
901 964 899 
966 965 967 
966 967 897 
899 966 897 
897 967 817 
817 967 968 
968 969 970 
968 967 969 
967 965 969 
970 971 972 
970 969 971 
969 973 971 
969 965 973 
965 962 973 
972 974 975 
972 971 974 
971 976 974 
971 973 976 
973 977 976 
973 962 977 
962 958 977 
975 978 979 
975 974 978 
974 980 978 
974 976 980 
976 981 980 
976 977 981 
977 982 981 
977 958 982 
958 953 982 
979 983 984 
979 978 983 
978 985 983 
978 980 985 
980 986 985 
980 981 986 
981 987 986 
981 982 987 
982 988 987 
982 953 988 
953 947 988 
984 989 990 
984 983 989 
983 991 989 
983 985 991 
985 992 991 
985 986 992 
986 993 992 
986 987 993 
987 994 993 
987 988 994 
988 995 994 
988 947 995 
947 934 995 
990 273 254 
990 989 273 
989 271 273 
989 991 271 
991 269 271 
991 992 269 
992 267 269 
992 993 267 
993 265 267 
993 994 265 
994 263 265 
994 995 263 
995 261 263 
995 934 261 
934 44 261 
260 190 996 
260 996 997 
259 260 997 
259 997 998 
258 259 998 
258 998 999 
257 258 999 
257 999 1000 
256 257 1000 
256 1000 1001 
255 256 1001 
255 1001 1002 
253 255 1002 
253 1002 990 
254 253 990 
997 996 1003 
997 1003 1004 
998 997 1004 
998 1004 1005 
999 998 1005 
999 1005 1006 
1000 999 1006 
1000 1006 1007 
1001 1000 1007 
1001 1007 1008 
1002 1001 1008 
1002 1008 984 
990 1002 984 
1004 1003 1009 
1004 1009 1010 
1005 1004 1010 
1005 1010 1011 
1006 1005 1011 
1006 1011 1012 
1007 1006 1012 
1007 1012 1013 
1008 1007 1013 
1008 1013 979 
984 1008 979 
1010 1009 1014 
1010 1014 1015 
1011 1010 1015 
1011 1015 1016 
1012 1011 1016 
1012 1016 1017 
1013 1012 1017 
1013 1017 975 
979 1013 975 
1015 1014 1018 
1015 1018 1019 
1016 1015 1019 
1016 1019 1020 
1017 1016 1020 
1017 1020 972 
975 1017 972 
1019 1018 1021 
1019 1021 1022 
1020 1019 1022 
1020 1022 970 
972 1020 970 
1022 1021 1023 
1022 1023 968 
970 1022 968 
968 1023 817 
817 1023 1024 
1024 1025 1026 
1024 1023 1025 
1023 1021 1025 
1026 1027 1028 
1026 1025 1027 
1025 1029 1027 
1025 1021 1029 
1021 1018 1029 
1028 1030 1031 
1028 1027 1030 
1027 1032 1030 
1027 1029 1032 
1029 1033 1032 
1029 1018 1033 
1018 1014 1033 
1031 1034 1035 
1031 1030 1034 
1030 1036 1034 
1030 1032 1036 
1032 1037 1036 
1032 1033 1037 
1033 1038 1037 
1033 1014 1038 
1014 1009 1038 
1035 1039 1040 
1035 1034 1039 
1034 1041 1039 
1034 1036 1041 
1036 1042 1041 
1036 1037 1042 
1037 1043 1042 
1037 1038 1043 
1038 1044 1043 
1038 1009 1044 
1009 1003 1044 
1040 1045 1046 
1040 1039 1045 
1039 1047 1045 
1039 1041 1047 
1041 1048 1047 
1041 1042 1048 
1042 1049 1048 
1042 1043 1049 
1043 1050 1049 
1043 1044 1050 
1044 1051 1050 
1044 1003 1051 
1003 996 1051 
1046 690 670 
1046 1045 690 
1045 688 690 
1045 1047 688 
1047 686 688 
1047 1048 686 
1048 684 686 
1048 1049 684 
1049 682 684 
1049 1050 682 
1050 680 682 
1050 1051 680 
1051 677 680 
1051 996 677 
996 190 677 
676 606 852 
676 852 1052 
675 676 1052 
675 1052 1053 
674 675 1053 
674 1053 1054 
673 674 1054 
673 1054 1055 
672 673 1055 
672 1055 1056 
671 672 1056 
671 1056 1057 
669 671 1057 
669 1057 1046 
670 669 1046 
1052 852 844 
1052 844 1058 
1053 1052 1058 
1053 1058 1059 
1054 1053 1059 
1054 1059 1060 
1055 1054 1060 
1055 1060 1061 
1056 1055 1061 
1056 1061 1062 
1057 1056 1062 
1057 1062 1040 
1046 1057 1040 
1058 844 837 
1058 837 1063 
1059 1058 1063 
1059 1063 1064 
1060 1059 1064 
1060 1064 1065 
1061 1060 1065 
1061 1065 1066 
1062 1061 1066 
1062 1066 1035 
1040 1062 1035 
1063 837 831 
1063 831 1067 
1064 1063 1067 
1064 1067 1068 
1065 1064 1068 
1065 1068 1069 
1066 1065 1069 
1066 1069 1031 
1035 1066 1031 
1067 831 826 
1067 826 1070 
1068 1067 1070 
1068 1070 1071 
1069 1068 1071 
1069 1071 1028 
1031 1069 1028 
1070 826 822 
1070 822 1072 
1071 1070 1072 
1071 1072 1026 
1028 1071 1026 
1072 822 818 
1072 818 1024 
1026 1072 1024 
1024 818 817 
1073 1074 1075 
1075 1076 1077 
1075 1074 1076 
1074 1078 1076 
1077 1079 1080 
1077 1076 1079 
1076 1081 1079 
1076 1078 1081 
1078 1082 1081 
1080 1083 1084 
1080 1079 1083 
1079 1085 1083 
1079 1081 1085 
1081 1086 1085 
1081 1082 1086 
1082 1087 1086 
1084 1088 1089 
1084 1083 1088 
1083 1090 1088 
1083 1085 1090 
1085 1091 1090 
1085 1086 1091 
1086 1092 1091 
1086 1087 1092 
1087 1093 1092 
1089 1094 1095 
1089 1088 1094 
1088 1096 1094 
1088 1090 1096 
1090 1097 1096 
1090 1091 1097 
1091 1098 1097 
1091 1092 1098 
1092 1099 1098 
1092 1093 1099 
1093 1100 1099 
1095 1101 1102 
1095 1094 1101 
1094 1103 1101 
1094 1096 1103 
1096 1104 1103 
1096 1097 1104 
1097 1105 1104 
1097 1098 1105 
1098 1106 1105 
1098 1099 1106 
1099 1107 1106 
1099 1100 1107 
1100 1108 1107 
1102 1109 1110 
1102 1101 1109 
1101 1111 1109 
1101 1103 1111 
1103 1112 1111 
1103 1104 1112 
1104 1113 1112 
1104 1105 1113 
1105 1114 1113 
1105 1106 1114 
1106 1115 1114 
1106 1107 1115 
1107 1116 1115 
1107 1108 1116 
1108 862 1116 
1117 333 1118 
1117 1118 1119 
1120 1117 1119 
1120 1119 1121 
1122 1120 1121 
1122 1121 1123 
1124 1122 1123 
1124 1123 1125 
1126 1124 1125 
1126 1125 1127 
1128 1126 1127 
1128 1127 1129 
1130 1128 1129 
1130 1129 1102 
1110 1130 1102 
1119 1118 1131 
1119 1131 1132 
1121 1119 1132 
1121 1132 1133 
1123 1121 1133 
1123 1133 1134 
1125 1123 1134 
1125 1134 1135 
1127 1125 1135 
1127 1135 1136 
1129 1127 1136 
1129 1136 1095 
1102 1129 1095 
1132 1131 1137 
1132 1137 1138 
1133 1132 1138 
1133 1138 1139 
1134 1133 1139 
1134 1139 1140 
1135 1134 1140 
1135 1140 1141 
1136 1135 1141 
1136 1141 1089 
1095 1136 1089 
1138 1137 1142 
1138 1142 1143 
1139 1138 1143 
1139 1143 1144 
1140 1139 1144 
1140 1144 1145 
1141 1140 1145 
1141 1145 1084 
1089 1141 1084 
1143 1142 1146 
1143 1146 1147 
1144 1143 1147 
1144 1147 1148 
1145 1144 1148 
1145 1148 1080 
1084 1145 1080 
1147 1146 1149 
1147 1149 1150 
1148 1147 1150 
1148 1150 1077 
1080 1148 1077 
1150 1149 1151 
1150 1151 1075 
1077 1150 1075 
1075 1151 1073 
1073 1151 1152 
1152 1153 1154 
1152 1151 1153 
1151 1149 1153 
1154 1155 1156 
1154 1153 1155 
1153 1157 1155 
1153 1149 1157 
1149 1146 1157 
1156 1158 1159 
1156 1155 1158 
1155 1160 1158 
1155 1157 1160 
1157 1161 1160 
1157 1146 1161 
1146 1142 1161 
1159 1162 1163 
1159 1158 1162 
1158 1164 1162 
1158 1160 1164 
1160 1165 1164 
1160 1161 1165 
1161 1166 1165 
1161 1142 1166 
1142 1137 1166 
1163 1167 1168 
1163 1162 1167 
1162 1169 1167 
1162 1164 1169 
1164 1170 1169 
1164 1165 1170 
1165 1171 1170 
1165 1166 1171 
1166 1172 1171 
1166 1137 1172 
1137 1131 1172 
1168 1173 1174 
1168 1167 1173 
1167 1175 1173 
1167 1169 1175 
1169 1176 1175 
1169 1170 1176 
1170 1177 1176 
1170 1171 1177 
1171 1178 1177 
1171 1172 1178 
1172 1179 1178 
1172 1131 1179 
1131 1118 1179 
1174 545 526 
1174 1173 545 
1173 543 545 
1173 1175 543 
1175 541 543 
1175 1176 541 
1176 539 541 
1176 1177 539 
1177 537 539 
1177 1178 537 
1178 535 537 
1178 1179 535 
1179 533 535 
1179 1118 533 
1118 333 533 
532 46 1180 
532 1180 1181 
531 532 1181 
531 1181 1182 
530 531 1182 
530 1182 1183 
529 530 1183 
529 1183 1184 
528 529 1184 
528 1184 1185 
527 528 1185 
527 1185 1186 
525 527 1186 
525 1186 1174 
526 525 1174 
1181 1180 1187 
1181 1187 1188 
1182 1181 1188 
1182 1188 1189 
1183 1182 1189 
1183 1189 1190 
1184 1183 1190 
1184 1190 1191 
1185 1184 1191 
1185 1191 1192 
1186 1185 1192 
1186 1192 1168 
1174 1186 1168 
1188 1187 1193 
1188 1193 1194 
1189 1188 1194 
1189 1194 1195 
1190 1189 1195 
1190 1195 1196 
1191 1190 1196 
1191 1196 1197 
1192 1191 1197 
1192 1197 1163 
1168 1192 1163 
1194 1193 1198 
1194 1198 1199 
1195 1194 1199 
1195 1199 1200 
1196 1195 1200 
1196 1200 1201 
1197 1196 1201 
1197 1201 1159 
1163 1197 1159 
1199 1198 1202 
1199 1202 1203 
1200 1199 1203 
1200 1203 1204 
1201 1200 1204 
1201 1204 1156 
1159 1201 1156 
1203 1202 1205 
1203 1205 1206 
1204 1203 1206 
1204 1206 1154 
1156 1204 1154 
1206 1205 1207 
1206 1207 1152 
1154 1206 1152 
1152 1207 1073 
1073 1207 1208 
1208 1209 1210 
1208 1207 1209 
1207 1205 1209 
1210 1211 1212 
1210 1209 1211 
1209 1213 1211 
1209 1205 1213 
1205 1202 1213 
1212 1214 1215 
1212 1211 1214 
1211 1216 1214 
1211 1213 1216 
1213 1217 1216 
1213 1202 1217 
1202 1198 1217 
1215 1218 1219 
1215 1214 1218 
1214 1220 1218 
1214 1216 1220 
1216 1221 1220 
1216 1217 1221 
1217 1222 1221 
1217 1198 1222 
1198 1193 1222 
1219 1223 1224 
1219 1218 1223 
1218 1225 1223 
1218 1220 1225 
1220 1226 1225 
1220 1221 1226 
1221 1227 1226 
1221 1222 1227 
1222 1228 1227 
1222 1193 1228 
1193 1187 1228 
1224 1229 1230 
1224 1223 1229 
1223 1231 1229 
1223 1225 1231 
1225 1232 1231 
1225 1226 1232 
1226 1233 1232 
1226 1227 1233 
1227 1234 1233 
1227 1228 1234 
1228 1235 1234 
1228 1187 1235 
1187 1180 1235 
1230 59 37 
1230 1229 59 
1229 57 59 
1229 1231 57 
1231 55 57 
1231 1232 55 
1232 53 55 
1232 1233 53 
1233 51 53 
1233 1234 51 
1234 49 51 
1234 1235 49 
1235 45 49 
1235 1180 45 
1180 46 45 
43 44 1236 
43 1236 1237 
42 43 1237 
42 1237 1238 
41 42 1238 
41 1238 1239 
40 41 1239 
40 1239 1240 
39 40 1240 
39 1240 1241 
38 39 1241 
38 1241 1242 
36 38 1242 
36 1242 1230 
37 36 1230 
1237 1236 1243 
1237 1243 1244 
1238 1237 1244 
1238 1244 1245 
1239 1238 1245 
1239 1245 1246 
1240 1239 1246 
1240 1246 1247 
1241 1240 1247 
1241 1247 1248 
1242 1241 1248 
1242 1248 1224 
1230 1242 1224 
1244 1243 1249 
1244 1249 1250 
1245 1244 1250 
1245 1250 1251 
1246 1245 1251 
1246 1251 1252 
1247 1246 1252 
1247 1252 1253 
1248 1247 1253 
1248 1253 1219 
1224 1248 1219 
1250 1249 1254 
1250 1254 1255 
1251 1250 1255 
1251 1255 1256 
1252 1251 1256 
1252 1256 1257 
1253 1252 1257 
1253 1257 1215 
1219 1253 1215 
1255 1254 1258 
1255 1258 1259 
1256 1255 1259 
1256 1259 1260 
1257 1256 1260 
1257 1260 1212 
1215 1257 1212 
1259 1258 1261 
1259 1261 1262 
1260 1259 1262 
1260 1262 1210 
1212 1260 1210 
1262 1261 1263 
1262 1263 1208 
1210 1262 1208 
1208 1263 1073 
1073 1263 1264 
1264 1265 1266 
1264 1263 1265 
1263 1261 1265 
1266 1267 1268 
1266 1265 1267 
1265 1269 1267 
1265 1261 1269 
1261 1258 1269 
1268 1270 1271 
1268 1267 1270 
1267 1272 1270 
1267 1269 1272 
1269 1273 1272 
1269 1258 1273 
1258 1254 1273 
1271 1274 1275 
1271 1270 1274 
1270 1276 1274 
1270 1272 1276 
1272 1277 1276 
1272 1273 1277 
1273 1278 1277 
1273 1254 1278 
1254 1249 1278 
1275 1279 1280 
1275 1274 1279 
1274 1281 1279 
1274 1276 1281 
1276 1282 1281 
1276 1277 1282 
1277 1283 1282 
1277 1278 1283 
1278 1284 1283 
1278 1249 1284 
1249 1243 1284 
1280 1285 1286 
1280 1279 1285 
1279 1287 1285 
1279 1281 1287 
1281 1288 1287 
1281 1282 1288 
1282 1289 1288 
1282 1283 1289 
1283 1290 1289 
1283 1284 1290 
1284 1291 1290 
1284 1243 1291 
1243 1236 1291 
1286 946 926 
1286 1285 946 
1285 944 946 
1285 1287 944 
1287 942 944 
1287 1288 942 
1288 940 942 
1288 1289 940 
1289 938 940 
1289 1290 938 
1290 936 938 
1290 1291 936 
1291 933 936 
1291 1236 933 
1236 44 933 
932 862 1108 
932 1108 1292 
931 932 1292 
931 1292 1293 
930 931 1293 
930 1293 1294 
929 930 1294 
929 1294 1295 
928 929 1295 
928 1295 1296 
927 928 1296 
927 1296 1297 
925 927 1297 
925 1297 1286 
926 925 1286 
1292 1108 1100 
1292 1100 1298 
1293 1292 1298 
1293 1298 1299 
1294 1293 1299 
1294 1299 1300 
1295 1294 1300 
1295 1300 1301 
1296 1295 1301 
1296 1301 1302 
1297 1296 1302 
1297 1302 1280 
1286 1297 1280 
1298 1100 1093 
1298 1093 1303 
1299 1298 1303 
1299 1303 1304 
1300 1299 1304 
1300 1304 1305 
1301 1300 1305 
1301 1305 1306 
1302 1301 1306 
1302 1306 1275 
1280 1302 1275 
1303 1093 1087 
1303 1087 1307 
1304 1303 1307 
1304 1307 1308 
1305 1304 1308 
1305 1308 1309 
1306 1305 1309 
1306 1309 1271 
1275 1306 1271 
1307 1087 1082 
1307 1082 1310 
1308 1307 1310 
1308 1310 1311 
1309 1308 1311 
1309 1311 1268 
1271 1309 1268 
1310 1082 1078 
1310 1078 1312 
1311 1310 1312 
1311 1312 1266 
1268 1311 1266 
1312 1078 1074 
1312 1074 1264 
1266 1312 1264 
1264 1074 1073 
1313 1314 1315 
1315 1316 1317 
1315 1314 1316 
1314 1318 1316 
1317 1319 1320 
1317 1316 1319 
1316 1321 1319 
1316 1318 1321 
1318 1322 1321 
1320 1323 1324 
1320 1319 1323 
1319 1325 1323 
1319 1321 1325 
1321 1326 1325 
1321 1322 1326 
1322 1327 1326 
1324 1328 1329 
1324 1323 1328 
1323 1330 1328 
1323 1325 1330 
1325 1331 1330 
1325 1326 1331 
1326 1332 1331 
1326 1327 1332 
1327 1333 1332 
1329 1334 1335 
1329 1328 1334 
1328 1336 1334 
1328 1330 1336 
1330 1337 1336 
1330 1331 1337 
1331 1338 1337 
1331 1332 1338 
1332 1339 1338 
1332 1333 1339 
1333 1340 1339 
1335 1341 1342 
1335 1334 1341 
1334 1343 1341 
1334 1336 1343 
1336 1344 1343 
1336 1337 1344 
1337 1345 1344 
1337 1338 1345 
1338 1346 1345 
1338 1339 1346 
1339 1347 1346 
1339 1340 1347 
1340 1348 1347 
1342 1130 1110 
1342 1341 1130 
1341 1128 1130 
1341 1343 1128 
1343 1126 1128 
1343 1344 1126 
1344 1124 1126 
1344 1345 1124 
1345 1122 1124 
1345 1346 1122 
1346 1120 1122 
1346 1347 1120 
1347 1117 1120 
1347 1348 1117 
1348 333 1117 
1116 862 1349 
1116 1349 1350 
1115 1116 1350 
1115 1350 1351 
1114 1115 1351 
1114 1351 1352 
1113 1114 1352 
1113 1352 1353 
1112 1113 1353 
1112 1353 1354 
1111 1112 1354 
1111 1354 1355 
1109 1111 1355 
1109 1355 1342 
1110 1109 1342 
1350 1349 1356 
1350 1356 1357 
1351 1350 1357 
1351 1357 1358 
1352 1351 1358 
1352 1358 1359 
1353 1352 1359 
1353 1359 1360 
1354 1353 1360 
1354 1360 1361 
1355 1354 1361 
1355 1361 1335 
1342 1355 1335 
1357 1356 1362 
1357 1362 1363 
1358 1357 1363 
1358 1363 1364 
1359 1358 1364 
1359 1364 1365 
1360 1359 1365 
1360 1365 1366 
1361 1360 1366 
1361 1366 1329 
1335 1361 1329 
1363 1362 1367 
1363 1367 1368 
1364 1363 1368 
1364 1368 1369 
1365 1364 1369 
1365 1369 1370 
1366 1365 1370 
1366 1370 1324 
1329 1366 1324 
1368 1367 1371 
1368 1371 1372 
1369 1368 1372 
1369 1372 1373 
1370 1369 1373 
1370 1373 1320 
1324 1370 1320 
1372 1371 1374 
1372 1374 1375 
1373 1372 1375 
1373 1375 1317 
1320 1373 1317 
1375 1374 1376 
1375 1376 1315 
1317 1375 1315 
1315 1376 1313 
1313 1376 1377 
1377 1378 1379 
1377 1376 1378 
1376 1374 1378 
1379 1380 1381 
1379 1378 1380 
1378 1382 1380 
1378 1374 1382 
1374 1371 1382 
1381 1383 1384 
1381 1380 1383 
1380 1385 1383 
1380 1382 1385 
1382 1386 1385 
1382 1371 1386 
1371 1367 1386 
1384 1387 1388 
1384 1383 1387 
1383 1389 1387 
1383 1385 1389 
1385 1390 1389 
1385 1386 1390 
1386 1391 1390 
1386 1367 1391 
1367 1362 1391 
1388 1392 1393 
1388 1387 1392 
1387 1394 1392 
1387 1389 1394 
1389 1395 1394 
1389 1390 1395 
1390 1396 1395 
1390 1391 1396 
1391 1397 1396 
1391 1362 1397 
1362 1356 1397 
1393 1398 1399 
1393 1392 1398 
1392 1400 1398 
1392 1394 1400 
1394 1401 1400 
1394 1395 1401 
1395 1402 1401 
1395 1396 1402 
1396 1403 1402 
1396 1397 1403 
1397 1404 1403 
1397 1356 1404 
1356 1349 1404 
1399 875 854 
1399 1398 875 
1398 873 875 
1398 1400 873 
1400 871 873 
1400 1401 871 
1401 869 871 
1401 1402 869 
1402 867 869 
1402 1403 867 
1403 865 867 
1403 1404 865 
1404 861 865 
1404 1349 861 
1349 862 861 
860 606 1405 
860 1405 1406 
859 860 1406 
859 1406 1407 
858 859 1407 
858 1407 1408 
857 858 1408 
857 1408 1409 
856 857 1409 
856 1409 1410 
855 856 1410 
855 1410 1411 
853 855 1411 
853 1411 1399 
854 853 1399 
1406 1405 1412 
1406 1412 1413 
1407 1406 1413 
1407 1413 1414 
1408 1407 1414 
1408 1414 1415 
1409 1408 1415 
1409 1415 1416 
1410 1409 1416 
1410 1416 1417 
1411 1410 1417 
1411 1417 1393 
1399 1411 1393 
1413 1412 1418 
1413 1418 1419 
1414 1413 1419 
1414 1419 1420 
1415 1414 1420 
1415 1420 1421 
1416 1415 1421 
1416 1421 1422 
1417 1416 1422 
1417 1422 1388 
1393 1417 1388 
1419 1418 1423 
1419 1423 1424 
1420 1419 1424 
1420 1424 1425 
1421 1420 1425 
1421 1425 1426 
1422 1421 1426 
1422 1426 1384 
1388 1422 1384 
1424 1423 1427 
1424 1427 1428 
1425 1424 1428 
1425 1428 1429 
1426 1425 1429 
1426 1429 1381 
1384 1426 1381 
1428 1427 1430 
1428 1430 1431 
1429 1428 1431 
1429 1431 1379 
1381 1429 1379 
1431 1430 1432 
1431 1432 1377 
1379 1431 1377 
1377 1432 1313 
1313 1432 1433 
1433 1434 1435 
1433 1432 1434 
1432 1430 1434 
1435 1436 1437 
1435 1434 1436 
1434 1438 1436 
1434 1430 1438 
1430 1427 1438 
1437 1439 1440 
1437 1436 1439 
1436 1441 1439 
1436 1438 1441 
1438 1442 1441 
1438 1427 1442 
1427 1423 1442 
1440 1443 1444 
1440 1439 1443 
1439 1445 1443 
1439 1441 1445 
1441 1446 1445 
1441 1442 1446 
1442 1447 1446 
1442 1423 1447 
1423 1418 1447 
1444 1448 1449 
1444 1443 1448 
1443 1450 1448 
1443 1445 1450 
1445 1451 1450 
1445 1446 1451 
1446 1452 1451 
1446 1447 1452 
1447 1453 1452 
1447 1418 1453 
1418 1412 1453 
1449 1454 1455 
1449 1448 1454 
1448 1456 1454 
1448 1450 1456 
1450 1457 1456 
1450 1451 1457 
1451 1458 1457 
1451 1452 1458 
1452 1459 1458 
1452 1453 1459 
1453 1460 1459 
1453 1412 1460 
1412 1405 1460 
1455 619 598 
1455 1454 619 
1454 617 619 
1454 1456 617 
1456 615 617 
1456 1457 615 
1457 613 615 
1457 1458 613 
1458 611 613 
1458 1459 611 
1459 609 611 
1459 1460 609 
1460 605 609 
1460 1405 605 
1405 606 605 
604 335 1461 
604 1461 1462 
603 604 1462 
603 1462 1463 
602 603 1463 
602 1463 1464 
601 602 1464 
601 1464 1465 
600 601 1465 
600 1465 1466 
599 600 1466 
599 1466 1467 
597 599 1467 
597 1467 1455 
598 597 1455 
1462 1461 1468 
1462 1468 1469 
1463 1462 1469 
1463 1469 1470 
1464 1463 1470 
1464 1470 1471 
1465 1464 1471 
1465 1471 1472 
1466 1465 1472 
1466 1472 1473 
1467 1466 1473 
1467 1473 1449 
1455 1467 1449 
1469 1468 1474 
1469 1474 1475 
1470 1469 1475 
1470 1475 1476 
1471 1470 1476 
1471 1476 1477 
1472 1471 1477 
1472 1477 1478 
1473 1472 1478 
1473 1478 1444 
1449 1473 1444 
1475 1474 1479 
1475 1479 1480 
1476 1475 1480 
1476 1480 1481 
1477 1476 1481 
1477 1481 1482 
1478 1477 1482 
1478 1482 1440 
1444 1478 1440 
1480 1479 1483 
1480 1483 1484 
1481 1480 1484 
1481 1484 1485 
1482 1481 1485 
1482 1485 1437 
1440 1482 1437 
1484 1483 1486 
1484 1486 1487 
1485 1484 1487 
1485 1487 1435 
1437 1485 1435 
1487 1486 1488 
1487 1488 1433 
1435 1487 1433 
1433 1488 1313 
1313 1488 1489 
1489 1490 1491 
1489 1488 1490 
1488 1486 1490 
1491 1492 1493 
1491 1490 1492 
1490 1494 1492 
1490 1486 1494 
1486 1483 1494 
1493 1495 1496 
1493 1492 1495 
1492 1497 1495 
1492 1494 1497 
1494 1498 1497 
1494 1483 1498 
1483 1479 1498 
1496 1499 1500 
1496 1495 1499 
1495 1501 1499 
1495 1497 1501 
1497 1502 1501 
1497 1498 1502 
1498 1503 1502 
1498 1479 1503 
1479 1474 1503 
1500 1504 1505 
1500 1499 1504 
1499 1506 1504 
1499 1501 1506 
1501 1507 1506 
1501 1502 1507 
1502 1508 1507 
1502 1503 1508 
1503 1509 1508 
1503 1474 1509 
1474 1468 1509 
1505 1510 1511 
1505 1504 1510 
1504 1512 1510 
1504 1506 1512 
1506 1513 1512 
1506 1507 1513 
1507 1514 1513 
1507 1508 1514 
1508 1515 1514 
1508 1509 1515 
1509 1516 1515 
1509 1468 1516 
1468 1461 1516 
1511 348 326 
1511 1510 348 
1510 346 348 
1510 1512 346 
1512 344 346 
1512 1513 344 
1513 342 344 
1513 1514 342 
1514 340 342 
1514 1515 340 
1515 338 340 
1515 1516 338 
1516 334 338 
1516 1461 334 
1461 335 334 
332 333 1348 
332 1348 1517 
331 332 1517 
331 1517 1518 
330 331 1518 
330 1518 1519 
329 330 1519 
329 1519 1520 
328 329 1520 
328 1520 1521 
327 328 1521 
327 1521 1522 
325 327 1522 
325 1522 1511 
326 325 1511 
1517 1348 1340 
1517 1340 1523 
1518 1517 1523 
1518 1523 1524 
1519 1518 1524 
1519 1524 1525 
1520 1519 1525 
1520 1525 1526 
1521 1520 1526 
1521 1526 1527 
1522 1521 1527 
1522 1527 1505 
1511 1522 1505 
1523 1340 1333 
1523 1333 1528 
1524 1523 1528 
1524 1528 1529 
1525 1524 1529 
1525 1529 1530 
1526 1525 1530 
1526 1530 1531 
1527 1526 1531 
1527 1531 1500 
1505 1527 1500 
1528 1333 1327 
1528 1327 1532 
1529 1528 1532 
1529 1532 1533 
1530 1529 1533 
1530 1533 1534 
1531 1530 1534 
1531 1534 1496 
1500 1531 1496 
1532 1327 1322 
1532 1322 1535 
1533 1532 1535 
1533 1535 1536 
1534 1533 1536 
1534 1536 1493 
1496 1534 1493 
1535 1322 1318 
1535 1318 1537 
1536 1535 1537 
1536 1537 1491 
1493 1536 1491 
1537 1318 1314 
1537 1314 1489 
1491 1537 1489 
1489 1314 1313 
