-0.000000 -0.000000 1.000000
-0.123091 -0.123091 0.984732
-0.000000 -0.124035 0.992278
-0.120386 -0.240772 0.963087
-0.000000 -0.242536 0.970143
-0.235702 -0.235702 0.942809
-0.116248 -0.348743 0.929981
-0.000000 -0.351123 0.936329
-0.227921 -0.341882 0.911685
-0.331295 -0.331295 0.883452
-0.111111 -0.444444 0.888889
-0.000000 -0.447214 0.894427
-0.218218 -0.436436 0.872872
-0.317999 -0.423999 0.847998
-0.408248 -0.408248 0.816497
-0.105409 -0.527046 0.843274
-0.000000 -0.529999 0.847998
-0.207390 -0.518476 0.829561
-0.303046 -0.505076 0.808122
-0.390360 -0.487950 0.780720
-0.468293 -0.468293 0.749269
-0.099504 -0.597022 0.796030
-0.000000 -0.600000 0.800000
-0.196116 -0.588348 0.784465
-0.287348 -0.574696 0.766261
-0.371391 -0.557086 0.742781
-0.447214 -0.536656 0.715542
-0.514496 -0.514496 0.685994
-0.093659 -0.655610 0.749269
-0.000000 -0.658505 0.752577
-0.184900 -0.647150 0.739600
-0.271607 -0.633750 0.724286
-0.352180 -0.616316 0.704361
-0.425628 -0.595880 0.681005
-0.491539 -0.573462 0.655386
-0.549972 -0.549972 0.628539
-0.088045 -0.704361 0.704361
-0.000000 -0.707107 0.707107
-0.174078 -0.696311 0.696311
-0.256307 -0.683486 0.683486
-0.333333 -0.666667 0.666667
-0.404226 -0.646762 0.646762
-0.468521 -0.624695 0.624695
-0.526152 -0.601317 0.601317
-0.577350 -0.577350 0.577350
0.526152 -0.601317 0.601317
0.577350 -0.577350 0.577350
0.549972 -0.549972 0.628539
0.491539 -0.573462 0.655386
0.468521 -0.624695 0.624695
0.425628 -0.595880 0.681005
0.404226 -0.646762 0.646762
0.352180 -0.616316 0.704361
0.333333 -0.666667 0.666667
0.271607 -0.633750 0.724286
0.256307 -0.683486 0.683486
0.184900 -0.647150 0.739600
0.174078 -0.696311 0.696311
0.093659 -0.655610 0.749269
0.088045 -0.704361 0.704361
0.514496 -0.514496 0.685994
0.447214 -0.536656 0.715542
0.371391 -0.557086 0.742781
0.287348 -0.574696 0.766261
0.196116 -0.588348 0.784465
0.099504 -0.597022 0.796030
0.468293 -0.468293 0.749269
0.390360 -0.487950 0.780720
0.303046 -0.505076 0.808122
0.207390 -0.518476 0.829561
0.105409 -0.527046 0.843274
0.408248 -0.408248 0.816497
0.317999 -0.423999 0.847998
0.218218 -0.436436 0.872872
0.111111 -0.444444 0.888889
0.331295 -0.331295 0.883452
0.227921 -0.341882 0.911685
0.116248 -0.348743 0.929981
0.235702 -0.235702 0.942809
0.120386 -0.240772 0.963087
0.123091 -0.123091 0.984732
0.124035 -0.000000 0.992278
0.240772 -0.120386 0.963087
0.242536 -0.000000 0.970143
0.348743 -0.116248 0.929981
0.351123 -0.000000 0.936329
0.341882 -0.227921 0.911685
0.444444 -0.111111 0.888889
0.447214 -0.000000 0.894427
0.436436 -0.218218 0.872872
0.423999 -0.317999 0.847998
0.527046 -0.105409 0.843274
0.529999 -0.000000 0.847998
0.518476 -0.207390 0.829561
0.505076 -0.303046 0.808122
0.487950 -0.390360 0.780720
0.597022 -0.099504 0.796030
0.600000 -0.000000 0.800000
0.588348 -0.196116 0.784465
0.574696 -0.287348 0.766261
0.557086 -0.371391 0.742781
0.536656 -0.447214 0.715542
0.655610 -0.093659 0.749269
0.658505 -0.000000 0.752577
0.647150 -0.184900 0.739600
0.633750 -0.271607 0.724286
0.616316 -0.352180 0.704361
0.595880 -0.425628 0.681005
0.573462 -0.491539 0.655386
0.704361 -0.088045 0.704361
0.707107 -0.000000 0.707107
0.696311 -0.174078 0.696311
0.683486 -0.256307 0.683486
0.666667 -0.333333 0.666667
0.646762 -0.404226 0.646762
0.624695 -0.468521 0.624695
0.601317 -0.526152 0.601317
0.601317 0.526152 0.601317
0.577350 0.577350 0.577350
0.549972 0.549972 0.628539
0.573462 0.491539 0.655386
0.624695 0.468521 0.624695
0.595880 0.425628 0.681005
0.646762 0.404226 0.646762
0.616316 0.352180 0.704361
0.666667 0.333333 0.666667
0.633750 0.271607 0.724286
0.683486 0.256307 0.683486
0.647150 0.184900 0.739600
0.696311 0.174078 0.696311
0.655610 0.093659 0.749269
0.704361 0.088045 0.704361
0.514496 0.514496 0.685994
0.536656 0.447214 0.715542
0.557086 0.371391 0.742781
0.574696 0.287348 0.766261
0.588348 0.196116 0.784465
0.597022 0.099504 0.796030
0.468293 0.468293 0.749269
0.487950 0.390360 0.780720
0.505076 0.303046 0.808122
0.518476 0.207390 0.829561
0.527046 0.105409 0.843274
0.408248 0.408248 0.816497
0.423999 0.317999 0.847998
0.436436 0.218218 0.872872
0.444444 0.111111 0.888889
0.331295 0.331295 0.883452
0.341882 0.227921 0.911685
0.348743 0.116248 0.929981
0.235702 0.235702 0.942809
0.240772 0.120386 0.963087
0.123091 0.123091 0.984732
0.000000 0.124035 0.992278
0.120386 0.240772 0.963087
0.000000 0.242536 0.970143
0.116248 0.348743 0.929981
0.000000 0.351123 0.936329
0.227921 0.341882 0.911685
0.111111 0.444444 0.888889
0.000000 0.447214 0.894427
0.218218 0.436436 0.872872
0.317999 0.423999 0.847998
0.105409 0.527046 0.843274
0.000000 0.529999 0.847998
0.207390 0.518476 0.829561
0.303046 0.505076 0.808122
0.390360 0.487950 0.780720
0.099504 0.597022 0.796030
0.000000 0.600000 0.800000
0.196116 0.588348 0.784465
0.287348 0.574696 0.766261
0.371391 0.557086 0.742781
0.447214 0.536656 0.715542
0.093659 0.655610 0.749269
0.000000 0.658505 0.752577
0.184900 0.647150 0.739600
0.271607 0.633750 0.724286
0.352180 0.616316 0.704361
0.425628 0.595880 0.681005
0.491539 0.573462 0.655386
0.088045 0.704361 0.704361
0.000000 0.707107 0.707107
0.174078 0.696311 0.696311
0.256307 0.683486 0.683486
0.333333 0.666667 0.666667
0.404226 0.646762 0.646762
0.468521 0.624695 0.624695
0.526152 0.601317 0.601317
-0.526152 0.601317 0.601317
-0.577350 0.577350 0.577350
-0.549972 0.549972 0.628539
-0.491539 0.573462 0.655386
-0.468521 0.624695 0.624695
-0.425628 0.595880 0.681005
-0.404226 0.646762 0.646762
-0.352180 0.616316 0.704361
-0.333333 0.666667 0.666667
-0.271607 0.633750 0.724286
-0.256307 0.683486 0.683486
-0.184900 0.647150 0.739600
-0.174078 0.696311 0.696311
-0.093659 0.655610 0.749269
-0.088045 0.704361 0.704361
-0.514496 0.514496 0.685994
-0.447214 0.536656 0.715542
-0.371391 0.557086 0.742781
-0.287348 0.574696 0.766261
-0.196116 0.588348 0.784465
-0.099504 0.597022 0.796030
-0.468293 0.468293 0.749269
-0.390360 0.487950 0.780720
-0.303046 0.505076 0.808122
-0.207390 0.518476 0.829561
-0.105409 0.527046 0.843274
-0.408248 0.408248 0.816497
-0.317999 0.423999 0.847998
-0.218218 0.436436 0.872872
-0.111111 0.444444 0.888889
-0.331295 0.331295 0.883452
-0.227921 0.341882 0.911685
-0.116248 0.348743 0.929981
-0.235702 0.235702 0.942809
-0.120386 0.240772 0.963087
-0.123091 0.123091 0.984732
-0.124035 0.000000 0.992278
-0.240772 0.120386 0.963087
-0.242536 0.000000 0.970143
-0.348743 0.116248 0.929981
-0.351123 0.000000 0.936329
-0.341882 0.227921 0.911685
-0.444444 0.111111 0.888889
-0.447214 0.000000 0.894427
-0.436436 0.218218 0.872872
-0.423999 0.317999 0.847998
-0.527046 0.105409 0.843274
-0.529999 0.000000 0.847998
-0.518476 0.207390 0.829561
-0.505076 0.303046 0.808122
-0.487950 0.390360 0.780720
-0.597022 0.099504 0.796030
-0.600000 0.000000 0.800000
-0.588348 0.196116 0.784465
-0.574696 0.287348 0.766261
-0.557086 0.371391 0.742781
-0.536656 0.447214 0.715542
-0.655610 0.093659 0.749269
-0.658505 0.000000 0.752577
-0.647150 0.184900 0.739600
-0.633750 0.271607 0.724286
-0.616316 0.352180 0.704361
-0.595880 0.425628 0.681005
-0.573462 0.491539 0.655386
-0.704361 0.088045 0.704361
-0.707107 0.000000 0.707107
-0.696311 0.174078 0.696311
-0.683486 0.256307 0.683486
-0.666667 0.333333 0.666667
-0.646762 0.404226 0.646762
-0.624695 0.468521 0.624695
-0.601317 0.526152 0.601317
-0.601317 -0.526152 0.601317
-0.573462 -0.491539 0.655386
-0.624695 -0.468521 0.624695
-0.595880 -0.425628 0.681005
-0.646762 -0.404226 0.646762
-0.616316 -0.352180 0.704361
-0.666667 -0.333333 0.666667
-0.633750 -0.271607 0.724286
-0.683486 -0.256307 0.683486
-0.647150 -0.184900 0.739600
-0.696311 -0.174078 0.696311
-0.655610 -0.093659 0.749269
-0.704361 -0.088045 0.704361
-0.536656 -0.447214 0.715542
-0.557086 -0.371391 0.742781
-0.574696 -0.287348 0.766261
-0.588348 -0.196116 0.784465
-0.597022 -0.099504 0.796030
-0.487950 -0.390360 0.780720
-0.505076 -0.303046 0.808122
-0.518476 -0.207390 0.829561
-0.527046 -0.105409 0.843274
-0.423999 -0.317999 0.847998
-0.436436 -0.218218 0.872872
-0.444444 -0.111111 0.888889
-0.341882 -0.227921 0.911685
-0.348743 -0.116248 0.929981
-0.240772 -0.120386 0.963087
1.000000 -0.000000 -0.000000
0.984732 -0.123091 -0.123091
0.992278 -0.000000 -0.124035
0.963087 -0.120386 -0.240772
0.970143 -0.000000 -0.242536
0.942809 -0.235702 -0.235702
0.929981 -0.116248 -0.348743
0.936329 -0.000000 -0.351123
0.911685 -0.227921 -0.341882
0.883452 -0.331295 -0.331295
0.888889 -0.111111 -0.444444
0.894427 -0.000000 -0.447214
0.872872 -0.218218 -0.436436
0.847998 -0.317999 -0.423999
0.816497 -0.408248 -0.408248
0.843274 -0.105409 -0.527046
0.847998 -0.000000 -0.529999
0.829561 -0.207390 -0.518476
0.808122 -0.303046 -0.505076
0.780720 -0.390360 -0.487950
0.749269 -0.468293 -0.468293
0.796030 -0.099504 -0.597022
0.800000 -0.000000 -0.600000
0.784465 -0.196116 -0.588348
0.766261 -0.287348 -0.574696
0.742781 -0.371391 -0.557086
0.715542 -0.447214 -0.536656
0.685994 -0.514496 -0.514496
0.749269 -0.093659 -0.655610
0.752577 -0.000000 -0.658505
0.739600 -0.184900 -0.647150
0.724286 -0.271607 -0.633750
0.704361 -0.352180 -0.616316
0.681005 -0.425628 -0.595880
0.655386 -0.491539 -0.573462
0.628539 -0.549972 -0.549972
0.704361 -0.088045 -0.704361
0.707107 -0.000000 -0.707107
0.696311 -0.174078 -0.696311
0.683486 -0.256307 -0.683486
0.666667 -0.333333 -0.666667
0.646762 -0.404226 -0.646762
0.624695 -0.468521 -0.624695
0.601317 -0.526152 -0.601317
0.577350 -0.577350 -0.577350
0.601317 0.526152 -0.601317
0.577350 0.577350 -0.577350
0.628539 0.549972 -0.549972
0.655386 0.491539 -0.573462
0.624695 0.468521 -0.624695
0.681005 0.425628 -0.595880
0.646762 0.404226 -0.646762
0.704361 0.352180 -0.616316
0.666667 0.333333 -0.666667
0.724286 0.271607 -0.633750
0.683486 0.256307 -0.683486
0.739600 0.184900 -0.647150
0.696311 0.174078 -0.696311
0.749269 0.093659 -0.655610
0.704361 0.088045 -0.704361
0.685994 0.514496 -0.514496
0.715542 0.447214 -0.536656
0.742781 0.371391 -0.557086
0.766261 0.287348 -0.574696
0.784465 0.196116 -0.588348
0.796030 0.099504 -0.597022
0.749269 0.468293 -0.468293
0.780720 0.390360 -0.487950
0.808122 0.303046 -0.505076
0.829561 0.207390 -0.518476
0.843274 0.105409 -0.527046
0.816497 0.408248 -0.408248
0.847998 0.317999 -0.423999
0.872872 0.218218 -0.436436
0.888889 0.111111 -0.444444
0.883452 0.331295 -0.331295
0.911685 0.227921 -0.341882
0.929981 0.116248 -0.348743
0.942809 0.235702 -0.235702
0.963087 0.120386 -0.240772
0.984732 0.123091 -0.123091
0.992278 0.124035 -0.000000
0.963087 0.240772 -0.120386
0.970143 0.242536 -0.000000
0.929981 0.348743 -0.116248
0.936329 0.351123 -0.000000
0.911685 0.341882 -0.227921
0.888889 0.444444 -0.111111
0.894427 0.447214 -0.000000
0.872872 0.436436 -0.218218
0.847998 0.423999 -0.317999
0.843274 0.527046 -0.105409
0.847998 0.529999 -0.000000
0.829561 0.518476 -0.207390
0.808122 0.505076 -0.303046
0.780720 0.487950 -0.390360
0.796030 0.597022 -0.099504
0.800000 0.600000 -0.000000
0.784465 0.588348 -0.196116
0.766261 0.574696 -0.287348
0.742781 0.557086 -0.371391
0.715542 0.536656 -0.447214
0.749269 0.655610 -0.093659
0.752577 0.658505 -0.000000
0.739600 0.647150 -0.184900
0.724286 0.633750 -0.271607
0.704361 0.616316 -0.352180
0.681005 0.595880 -0.425628
0.655386 0.573462 -0.491539
0.704361 0.704361 -0.088045
0.707107 0.707107 -0.000000
0.696311 0.696311 -0.174078
0.683486 0.683486 -0.256307
0.666667 0.666667 -0.333333
0.646762 0.646762 -0.404226
0.624695 0.624695 -0.468521
0.601317 0.601317 -0.526152
0.601317 0.601317 0.526152
0.628539 0.549972 0.549972
0.655386 0.573462 0.491539
0.624695 0.624695 0.468521
0.681005 0.595880 0.425628
0.646762 0.646762 0.404226
0.704361 0.616316 0.352180
0.666667 0.666667 0.333333
0.724286 0.633750 0.271607
0.683486 0.683486 0.256307
0.739600 0.647150 0.184900
0.696311 0.696311 0.174078
0.749269 0.655610 0.093659
0.704361 0.704361 0.088045
0.685994 0.514496 0.514496
0.715542 0.536656 0.447214
0.742781 0.557086 0.371391
0.766261 0.574696 0.287348
0.784465 0.588348 0.196116
0.796030 0.597022 0.099504
0.749269 0.468293 0.468293
0.780720 0.487950 0.390360
0.808122 0.505076 0.303046
0.829561 0.518476 0.207390
0.843274 0.527046 0.105409
0.816497 0.408248 0.408248
0.847998 0.423999 0.317999
0.872872 0.436436 0.218218
0.888889 0.444444 0.111111
0.883452 0.331295 0.331295
0.911685 0.341882 0.227921
0.929981 0.348743 0.116248
0.942809 0.235702 0.235702
0.963087 0.240772 0.120386
0.984732 0.123091 0.123091
0.992278 0.000000 0.124035
0.963087 0.120386 0.240772
0.970143 0.000000 0.242536
0.929981 0.116248 0.348743
0.936329 0.000000 0.351123
0.911685 0.227921 0.341882
0.888889 0.111111 0.444444
0.894427 0.000000 0.447214
0.872872 0.218218 0.436436
0.847998 0.317999 0.423999
0.843274 0.105409 0.527046
0.847998 0.000000 0.529999
0.829561 0.207390 0.518476
0.808122 0.303046 0.505076
0.780720 0.390360 0.487950
0.796030 0.099504 0.597022
0.800000 0.000000 0.600000
0.784465 0.196116 0.588348
0.766261 0.287348 0.574696
0.742781 0.371391 0.557086
0.715542 0.447214 0.536656
0.749269 0.093659 0.655610
0.752577 0.000000 0.658505
0.739600 0.184900 0.647150
0.724286 0.271607 0.633750
0.704361 0.352180 0.616316
0.681005 0.425628 0.595880
0.655386 0.491539 0.573462
0.628539 -0.549972 0.549972
0.655386 -0.491539 0.573462
0.681005 -0.425628 0.595880
0.704361 -0.352180 0.616316
0.724286 -0.271607 0.633750
0.739600 -0.184900 0.647150
0.749269 -0.093659 0.655610
0.685994 -0.514496 0.514496
0.715542 -0.447214 0.536656
0.742781 -0.371391 0.557086
0.766261 -0.287348 0.574696
0.784465 -0.196116 0.588348
0.796030 -0.099504 0.597022
0.749269 -0.468293 0.468293
0.780720 -0.390360 0.487950
0.808122 -0.303046 0.505076
0.829561 -0.207390 0.518476
0.843274 -0.105409 0.527046
0.816497 -0.408248 0.408248
0.847998 -0.317999 0.423999
0.872872 -0.218218 0.436436
0.888889 -0.111111 0.444444
0.883452 -0.331295 0.331295
0.911685 -0.227921 0.341882
0.929981 -0.116248 0.348743
0.942809 -0.235702 0.235702
0.963087 -0.120386 0.240772
0.984732 -0.123091 0.123091
0.992278 -0.124035 0.000000
0.963087 -0.240772 0.120386
0.970143 -0.242536 0.000000
0.929981 -0.348743 0.116248
0.936329 -0.351123 0.000000
0.911685 -0.341882 0.227921
0.888889 -0.444444 0.111111
0.894427 -0.447214 0.000000
0.872872 -0.436436 0.218218
0.847998 -0.423999 0.317999
0.843274 -0.527046 0.105409
0.847998 -0.529999 0.000000
0.829561 -0.518476 0.207390
0.808122 -0.505076 0.303046
0.780720 -0.487950 0.390360
0.796030 -0.597022 0.099504
0.800000 -0.600000 0.000000
0.784465 -0.588348 0.196116
0.766261 -0.574696 0.287348
0.742781 -0.557086 0.371391
0.715542 -0.536656 0.447214
0.749269 -0.655610 0.093659
0.752577 -0.658505 0.000000
0.739600 -0.647150 0.184900
0.724286 -0.633750 0.271607
0.704361 -0.616316 0.352180
0.681005 -0.595880 0.425628
0.655386 -0.573462 0.491539
0.704361 -0.704361 0.088045
0.707107 -0.707107 0.000000
0.696311 -0.696311 0.174078
0.683486 -0.683486 0.256307
0.666667 -0.666667 0.333333
0.646762 -0.646762 0.404226
0.624695 -0.624695 0.468521
0.601317 -0.601317 0.526152
0.601317 -0.601317 -0.526152
0.655386 -0.573462 -0.491539
0.624695 -0.624695 -0.468521
0.681005 -0.595880 -0.425628
0.646762 -0.646762 -0.404226
0.704361 -0.616316 -0.352180
0.666667 -0.666667 -0.333333
0.724286 -0.633750 -0.271607
0.683486 -0.683486 -0.256307
0.739600 -0.647150 -0.184900
0.696311 -0.696311 -0.174078
0.749269 -0.655610 -0.093659
0.704361 -0.704361 -0.088045
0.715542 -0.536656 -0.447214
0.742781 -0.557086 -0.371391
0.766261 -0.574696 -0.287348
0.784465 -0.588348 -0.196116
0.796030 -0.597022 -0.099504
0.780720 -0.487950 -0.390360
0.808122 -0.505076 -0.303046
0.829561 -0.518476 -0.207390
0.843274 -0.527046 -0.105409
0.847998 -0.423999 -0.317999
0.872872 -0.436436 -0.218218
0.888889 -0.444444 -0.111111
0.911685 -0.341882 -0.227921
0.929981 -0.348743 -0.116248
0.963087 -0.240772 -0.120386
0.000000 1.000000 -0.000000
0.123091 0.984732 -0.123091
0.000000 0.992278 -0.124035
0.120386 0.963087 -0.240772
0.000000 0.970143 -0.242536
0.235702 0.942809 -0.235702
0.116248 0.929981 -0.348743
0.000000 0.936329 -0.351123
0.227921 0.911685 -0.341882
0.331295 0.883452 -0.331295
0.111111 0.888889 -0.444444
0.000000 0.894427 -0.447214
0.218218 0.872872 -0.436436
0.317999 0.847998 -0.423999
0.408248 0.816497 -0.408248
0.105409 0.843274 -0.527046
0.000000 0.847998 -0.529999
0.207390 0.829561 -0.518476
0.303046 0.808122 -0.505076
0.390360 0.780720 -0.487950
0.468293 0.749269 -0.468293
0.099504 0.796030 -0.597022
0.000000 0.800000 -0.600000
0.196116 0.784465 -0.588348
0.287348 0.766261 -0.574696
0.371391 0.742781 -0.557086
0.447214 0.715542 -0.536656
0.514496 0.685994 -0.514496
0.093659 0.749269 -0.655610
0.000000 0.752577 -0.658505
0.184900 0.739600 -0.647150
0.271607 0.724286 -0.633750
0.352180 0.704361 -0.616316
0.425628 0.681005 -0.595880
0.491539 0.655386 -0.573462
0.549972 0.628539 -0.549972
0.088045 0.704361 -0.704361
0.000000 0.707107 -0.707107
0.174078 0.696311 -0.696311
0.256307 0.683486 -0.683486
0.333333 0.666667 -0.666667
0.404226 0.646762 -0.646762
0.468521 0.624695 -0.624695
0.526152 0.601317 -0.601317
-0.526152 0.601317 -0.601317
-0.577350 0.577350 -0.577350
-0.549972 0.628539 -0.549972
-0.491539 0.655386 -0.573462
-0.468521 0.624695 -0.624695
-0.425628 0.681005 -0.595880
-0.404226 0.646762 -0.646762
-0.352180 0.704361 -0.616316
-0.333333 0.666667 -0.666667
-0.271607 0.724286 -0.633750
-0.256307 0.683486 -0.683486
-0.184900 0.739600 -0.647150
-0.174078 0.696311 -0.696311
-0.093659 0.749269 -0.655610
-0.088045 0.704361 -0.704361
-0.514496 0.685994 -0.514496
-0.447214 0.715542 -0.536656
-0.371391 0.742781 -0.557086
-0.287348 0.766261 -0.574696
-0.196116 0.784465 -0.588348
-0.099504 0.796030 -0.597022
-0.468293 0.749269 -0.468293
-0.390360 0.780720 -0.487950
-0.303046 0.808122 -0.505076
-0.207390 0.829561 -0.518476
-0.105409 0.843274 -0.527046
-0.408248 0.816497 -0.408248
-0.317999 0.847998 -0.423999
-0.218218 0.872872 -0.436436
-0.111111 0.888889 -0.444444
-0.331295 0.883452 -0.331295
-0.227921 0.911685 -0.341882
-0.116248 0.929981 -0.348743
-0.235702 0.942809 -0.235702
-0.120386 0.963087 -0.240772
-0.123091 0.984732 -0.123091
-0.124035 0.992278 -0.000000
-0.240772 0.963087 -0.120386
-0.242536 0.970143 -0.000000
-0.348743 0.929981 -0.116248
-0.351123 0.936329 -0.000000
-0.341882 0.911685 -0.227921
-0.444444 0.888889 -0.111111
-0.447214 0.894427 -0.000000
-0.436436 0.872872 -0.218218
-0.423999 0.847998 -0.317999
-0.527046 0.843274 -0.105409
-0.529999 0.847998 -0.000000
-0.518476 0.829561 -0.207390
-0.505076 0.808122 -0.303046
-0.487950 0.780720 -0.390360
-0.597022 0.796030 -0.099504
-0.600000 0.800000 -0.000000
-0.588348 0.784465 -0.196116
-0.574696 0.766261 -0.287348
-0.557086 0.742781 -0.371391
-0.536656 0.715542 -0.447214
-0.655610 0.749269 -0.093659
-0.658505 0.752577 -0.000000
-0.647150 0.739600 -0.184900
-0.633750 0.724286 -0.271607
-0.616316 0.704361 -0.352180
-0.595880 0.681005 -0.425628
-0.573462 0.655386 -0.491539
-0.704361 0.704361 -0.088045
-0.707107 0.707107 -0.000000
-0.696311 0.696311 -0.174078
-0.683486 0.683486 -0.256307
-0.666667 0.666667 -0.333333
-0.646762 0.646762 -0.404226
-0.624695 0.624695 -0.468521
-0.601317 0.601317 -0.526152
-0.601317 0.601317 0.526152
-0.549972 0.628539 0.549972
-0.573462 0.655386 0.491539
-0.624695 0.624695 0.468521
-0.595880 0.681005 0.425628
-0.646762 0.646762 0.404226
-0.616316 0.704361 0.352180
-0.666667 0.666667 0.333333
-0.633750 0.724286 0.271607
-0.683486 0.683486 0.256307
-0.647150 0.739600 0.184900
-0.696311 0.696311 0.174078
-0.655610 0.749269 0.093659
-0.704361 0.704361 0.088045
-0.514496 0.685994 0.514496
-0.536656 0.715542 0.447214
-0.557086 0.742781 0.371391
-0.574696 0.766261 0.287348
-0.588348 0.784465 0.196116
-0.597022 0.796030 0.099504
-0.468293 0.749269 0.468293
-0.487950 0.780720 0.390360
-0.505076 0.808122 0.303046
-0.518476 0.829561 0.207390
-0.527046 0.843274 0.105409
-0.408248 0.816497 0.408248
-0.423999 0.847998 0.317999
-0.436436 0.872872 0.218218
-0.444444 0.888889 0.111111
-0.331295 0.883452 0.331295
-0.341882 0.911685 0.227921
-0.348743 0.929981 0.116248
-0.235702 0.942809 0.235702
-0.240772 0.963087 0.120386
-0.123091 0.984732 0.123091
-0.000000 0.992278 0.124035
-0.120386 0.963087 0.240772
-0.000000 0.970143 0.242536
-0.116248 0.929981 0.348743
-0.000000 0.936329 0.351123
-0.227921 0.911685 0.341882
-0.111111 0.888889 0.444444
-0.000000 0.894427 0.447214
-0.218218 0.872872 0.436436
-0.317999 0.847998 0.423999
-0.105409 0.843274 0.527046
-0.000000 0.847998 0.529999
-0.207390 0.829561 0.518476
-0.303046 0.808122 0.505076
-0.390360 0.780720 0.487950
-0.099504 0.796030 0.597022
-0.000000 0.800000 0.600000
-0.196116 0.784465 0.588348
-0.287348 0.766261 0.574696
-0.371391 0.742781 0.557086
-0.447214 0.715542 0.536656
-0.093659 0.749269 0.655610
-0.000000 0.752577 0.658505
-0.184900 0.739600 0.647150
-0.271607 0.724286 0.633750
-0.352180 0.704361 0.616316
-0.425628 0.681005 0.595880
-0.491539 0.655386 0.573462
0.549972 0.628539 0.549972
0.491539 0.655386 0.573462
0.425628 0.681005 0.595880
0.352180 0.704361 0.616316
0.271607 0.724286 0.633750
0.184900 0.739600 0.647150
0.093659 0.749269 0.655610
0.514496 0.685994 0.514496
0.447214 0.715542 0.536656
0.371391 0.742781 0.557086
0.287348 0.766261 0.574696
0.196116 0.784465 0.588348
0.099504 0.796030 0.597022
0.468293 0.749269 0.468293
0.390360 0.780720 0.487950
0.303046 0.808122 0.505076
0.207390 0.829561 0.518476
0.105409 0.843274 0.527046
0.408248 0.816497 0.408248
0.317999 0.847998 0.423999
0.218218 0.872872 0.436436
0.111111 0.888889 0.444444
0.331295 0.883452 0.331295
0.227921 0.911685 0.341882
0.116248 0.929981 0.348743
0.235702 0.942809 0.235702
0.120386 0.963087 0.240772
0.123091 0.984732 0.123091
0.124035 0.992278 0.000000
0.240772 0.963087 0.120386
0.242536 0.970143 0.000000
0.348743 0.929981 0.116248
0.351123 0.936329 0.000000
0.341882 0.911685 0.227921
0.444444 0.888889 0.111111
0.447214 0.894427 0.000000
0.436436 0.872872 0.218218
0.423999 0.847998 0.317999
0.527046 0.843274 0.105409
0.529999 0.847998 0.000000
0.518476 0.829561 0.207390
0.505076 0.808122 0.303046
0.487950 0.780720 0.390360
0.597022 0.796030 0.099504
0.600000 0.800000 0.000000
0.588348 0.784465 0.196116
0.574696 0.766261 0.287348
0.557086 0.742781 0.371391
0.536656 0.715542 0.447214
0.655610 0.749269 0.093659
0.658505 0.752577 0.000000
0.647150 0.739600 0.184900
0.633750 0.724286 0.271607
0.616316 0.704361 0.352180
0.595880 0.681005 0.425628
0.573462 0.655386 0.491539
0.573462 0.655386 -0.491539
0.595880 0.681005 -0.425628
0.616316 0.704361 -0.352180
0.633750 0.724286 -0.271607
0.647150 0.739600 -0.184900
0.655610 0.749269 -0.093659
0.536656 0.715542 -0.447214
0.557086 0.742781 -0.371391
0.574696 0.766261 -0.287348
0.588348 0.784465 -0.196116
0.597022 0.796030 -0.099504
0.487950 0.780720 -0.390360
0.505076 0.808122 -0.303046
0.518476 0.829561 -0.207390
0.527046 0.843274 -0.105409
0.423999 0.847998 -0.317999
0.436436 0.872872 -0.218218
0.444444 0.888889 -0.111111
0.341882 0.911685 -0.227921
0.348743 0.929981 -0.116248
0.240772 0.963087 -0.120386
-1.000000 0.000000 -0.000000
-0.984732 0.123091 -0.123091
-0.992278 0.000000 -0.124035
-0.963087 0.120386 -0.240772
-0.970143 0.000000 -0.242536
-0.942809 0.235702 -0.235702
-0.929981 0.116248 -0.348743
-0.936329 0.000000 -0.351123
-0.911685 0.227921 -0.341882
-0.883452 0.331295 -0.331295
-0.888889 0.111111 -0.444444
-0.894427 0.000000 -0.447214
-0.872872 0.218218 -0.436436
-0.847998 0.317999 -0.423999
-0.816497 0.408248 -0.408248
-0.843274 0.105409 -0.527046
-0.847998 0.000000 -0.529999
-0.829561 0.207390 -0.518476
-0.808122 0.303046 -0.505076
-0.780720 0.390360 -0.487950
-0.749269 0.468293 -0.468293
-0.796030 0.099504 -0.597022
-0.800000 0.000000 -0.600000
-0.784465 0.196116 -0.588348
-0.766261 0.287348 -0.574696
-0.742781 0.371391 -0.557086
-0.715542 0.447214 -0.536656
-0.685994 0.514496 -0.514496
-0.749269 0.093659 -0.655610
-0.752577 0.000000 -0.658505
-0.739600 0.184900 -0.647150
-0.724286 0.271607 -0.633750
-0.704361 0.352180 -0.616316
-0.681005 0.425628 -0.595880
-0.655386 0.491539 -0.573462
-0.628539 0.549972 -0.549972
-0.704361 0.088045 -0.704361
-0.707107 0.000000 -0.707107
-0.696311 0.174078 -0.696311
-0.683486 0.256307 -0.683486
-0.666667 0.333333 -0.666667
-0.646762 0.404226 -0.646762
-0.624695 0.468521 -0.624695
-0.601317 0.526152 -0.601317
-0.601317 -0.526152 -0.601317
-0.577350 -0.577350 -0.577350
-0.628539 -0.549972 -0.549972
-0.655386 -0.491539 -0.573462
-0.624695 -0.468521 -0.624695
-0.681005 -0.425628 -0.595880
-0.646762 -0.404226 -0.646762
-0.704361 -0.352180 -0.616316
-0.666667 -0.333333 -0.666667
-0.724286 -0.271607 -0.633750
-0.683486 -0.256307 -0.683486
-0.739600 -0.184900 -0.647150
-0.696311 -0.174078 -0.696311
-0.749269 -0.093659 -0.655610
-0.704361 -0.088045 -0.704361
-0.685994 -0.514496 -0.514496
-0.715542 -0.447214 -0.536656
-0.742781 -0.371391 -0.557086
-0.766261 -0.287348 -0.574696
-0.784465 -0.196116 -0.588348
-0.796030 -0.099504 -0.597022
-0.749269 -0.468293 -0.468293
-0.780720 -0.390360 -0.487950
-0.808122 -0.303046 -0.505076
-0.829561 -0.207390 -0.518476
-0.843274 -0.105409 -0.527046
-0.816497 -0.408248 -0.408248
-0.847998 -0.317999 -0.423999
-0.872872 -0.218218 -0.436436
-0.888889 -0.111111 -0.444444
-0.883452 -0.331295 -0.331295
-0.911685 -0.227921 -0.341882
-0.929981 -0.116248 -0.348743
-0.942809 -0.235702 -0.235702
-0.963087 -0.120386 -0.240772
-0.984732 -0.123091 -0.123091
-0.992278 -0.124035 -0.000000
-0.963087 -0.240772 -0.120386
-0.970143 -0.242536 -0.000000
-0.929981 -0.348743 -0.116248
-0.936329 -0.351123 -0.000000
-0.911685 -0.341882 -0.227921
-0.888889 -0.444444 -0.111111
-0.894427 -0.447214 -0.000000
-0.872872 -0.436436 -0.218218
-0.847998 -0.423999 -0.317999
-0.843274 -0.527046 -0.105409
-0.847998 -0.529999 -0.000000
-0.829561 -0.518476 -0.207390
-0.808122 -0.505076 -0.303046
-0.780720 -0.487950 -0.390360
-0.796030 -0.597022 -0.099504
-0.800000 -0.600000 -0.000000
-0.784465 -0.588348 -0.196116
-0.766261 -0.574696 -0.287348
-0.742781 -0.557086 -0.371391
-0.715542 -0.536656 -0.447214
-0.749269 -0.655610 -0.093659
-0.752577 -0.658505 -0.000000
-0.739600 -0.647150 -0.184900
-0.724286 -0.633750 -0.271607
-0.704361 -0.616316 -0.352180
-0.681005 -0.595880 -0.425628
-0.655386 -0.573462 -0.491539
-0.704361 -0.704361 -0.088045
-0.707107 -0.707107 -0.000000
-0.696311 -0.696311 -0.174078
-0.683486 -0.683486 -0.256307
-0.666667 -0.666667 -0.333333
-0.646762 -0.646762 -0.404226
-0.624695 -0.624695 -0.468521
-0.601317 -0.601317 -0.526152
-0.601317 -0.601317 0.526152
-0.628539 -0.549972 0.549972
-0.655386 -0.573462 0.491539
-0.624695 -0.624695 0.468521
-0.681005 -0.595880 0.425628
-0.646762 -0.646762 0.404226
-0.704361 -0.616316 0.352180
-0.666667 -0.666667 0.333333
-0.724286 -0.633750 0.271607
-0.683486 -0.683486 0.256307
-0.739600 -0.647150 0.184900
-0.696311 -0.696311 0.174078
-0.749269 -0.655610 0.093659
-0.704361 -0.704361 0.088045
-0.685994 -0.514496 0.514496
-0.715542 -0.536656 0.447214
-0.742781 -0.557086 0.371391
-0.766261 -0.574696 0.287348
-0.784465 -0.588348 0.196116
-0.796030 -0.597022 0.099504
-0.749269 -0.468293 0.468293
-0.780720 -0.487950 0.390360
-0.808122 -0.505076 0.303046
-0.829561 -0.518476 0.207390
-0.843274 -0.527046 0.105409
-0.816497 -0.408248 0.408248
-0.847998 -0.423999 0.317999
-0.872872 -0.436436 0.218218
-0.888889 -0.444444 0.111111
-0.883452 -0.331295 0.331295
-0.911685 -0.341882 0.227921
-0.929981 -0.348743 0.116248
-0.942809 -0.235702 0.235702
-0.963087 -0.240772 0.120386
-0.984732 -0.123091 0.123091
-0.992278 -0.000000 0.124035
-0.963087 -0.120386 0.240772
-0.970143 -0.000000 0.242536
-0.929981 -0.116248 0.348743
-0.936329 -0.000000 0.351123
-0.911685 -0.227921 0.341882
-0.888889 -0.111111 0.444444
-0.894427 -0.000000 0.447214
-0.872872 -0.218218 0.436436
-0.847998 -0.317999 0.423999
-0.843274 -0.105409 0.527046
-0.847998 -0.000000 0.529999
-0.829561 -0.207390 0.518476
-0.808122 -0.303046 0.505076
-0.780720 -0.390360 0.487950
-0.796030 -0.099504 0.597022
-0.800000 -0.000000 0.600000
-0.784465 -0.196116 0.588348
-0.766261 -0.287348 0.574696
-0.742781 -0.371391 0.557086
-0.715542 -0.447214 0.536656
-0.749269 -0.093659 0.655610
-0.752577 -0.000000 0.658505
-0.739600 -0.184900 0.647150
-0.724286 -0.271607 0.633750
-0.704361 -0.352180 0.616316
-0.681005 -0.425628 0.595880
-0.655386 -0.491539 0.573462
-0.628539 0.549972 0.549972
-0.655386 0.491539 0.573462
-0.681005 0.425628 0.595880
-0.704361 0.352180 0.616316
-0.724286 0.271607 0.633750
-0.739600 0.184900 0.647150
-0.749269 0.093659 0.655610
-0.685994 0.514496 0.514496
-0.715542 0.447214 0.536656
-0.742781 0.371391 0.557086
-0.766261 0.287348 0.574696
-0.784465 0.196116 0.588348
-0.796030 0.099504 0.597022
-0.749269 0.468293 0.468293
-0.780720 0.390360 0.487950
-0.808122 0.303046 0.505076
-0.829561 0.207390 0.518476
-0.843274 0.105409 0.527046
-0.816497 0.408248 0.408248
-0.847998 0.317999 0.423999
-0.872872 0.218218 0.436436
-0.888889 0.111111 0.444444
-0.883452 0.331295 0.331295
-0.911685 0.227921 0.341882
-0.929981 0.116248 0.348743
-0.942809 0.235702 0.235702
-0.963087 0.120386 0.240772
-0.984732 0.123091 0.123091
-0.992278 0.124035 0.000000
-0.963087 0.240772 0.120386
-0.970143 0.242536 0.000000
-0.929981 0.348743 0.116248
-0.936329 0.351123 0.000000
-0.911685 0.341882 0.227921
-0.888889 0.444444 0.111111
-0.894427 0.447214 0.000000
-0.872872 0.436436 0.218218
-0.847998 0.423999 0.317999
-0.843274 0.527046 0.105409
-0.847998 0.529999 0.000000
-0.829561 0.518476 0.207390
-0.808122 0.505076 0.303046
-0.780720 0.487950 0.390360
-0.796030 0.597022 0.099504
-0.800000 0.600000 0.000000
-0.784465 0.588348 0.196116
-0.766261 0.574696 0.287348
-0.742781 0.557086 0.371391
-0.715542 0.536656 0.447214
-0.749269 0.655610 0.093659
-0.752577 0.658505 0.000000
-0.739600 0.647150 0.184900
-0.724286 0.633750 0.271607
-0.704361 0.616316 0.352180
-0.681005 0.595880 0.425628
-0.655386 0.573462 0.491539
-0.655386 0.573462 -0.491539
-0.681005 0.595880 -0.425628
-0.704361 0.616316 -0.352180
-0.724286 0.633750 -0.271607
-0.739600 0.647150 -0.184900
-0.749269 0.655610 -0.093659
-0.715542 0.536656 -0.447214
-0.742781 0.557086 -0.371391
-0.766261 0.574696 -0.287348
-0.784465 0.588348 -0.196116
-0.796030 0.597022 -0.099504
-0.780720 0.487950 -0.390360
-0.808122 0.505076 -0.303046
-0.829561 0.518476 -0.207390
-0.843274 0.527046 -0.105409
-0.847998 0.423999 -0.317999
-0.872872 0.436436 -0.218218
-0.888889 0.444444 -0.111111
-0.911685 0.341882 -0.227921
-0.929981 0.348743 -0.116248
-0.963087 0.240772 -0.120386
-0.000000 -1.000000 -0.000000
-0.123091 -0.984732 -0.123091
-0.000000 -0.992278 -0.124035
-0.120386 -0.963087 -0.240772
-0.000000 -0.970143 -0.242536
-0.235702 -0.942809 -0.235702
-0.116248 -0.929981 -0.348743
-0.000000 -0.936329 -0.351123
-0.227921 -0.911685 -0.341882
-0.331295 -0.883452 -0.331295
-0.111111 -0.888889 -0.444444
-0.000000 -0.894427 -0.447214
-0.218218 -0.872872 -0.436436
-0.317999 -0.847998 -0.423999
-0.408248 -0.816497 -0.408248
-0.105409 -0.843274 -0.527046
-0.000000 -0.847998 -0.529999
-0.207390 -0.829561 -0.518476
-0.303046 -0.808122 -0.505076
-0.390360 -0.780720 -0.487950
-0.468293 -0.749269 -0.468293
-0.099504 -0.796030 -0.597022
-0.000000 -0.800000 -0.600000
-0.196116 -0.784465 -0.588348
-0.287348 -0.766261 -0.574696
-0.371391 -0.742781 -0.557086
-0.447214 -0.715542 -0.536656
-0.514496 -0.685994 -0.514496
-0.093659 -0.749269 -0.655610
-0.000000 -0.752577 -0.658505
-0.184900 -0.739600 -0.647150
-0.271607 -0.724286 -0.633750
-0.352180 -0.704361 -0.616316
-0.425628 -0.681005 -0.595880
-0.491539 -0.655386 -0.573462
-0.549972 -0.628539 -0.549972
-0.088045 -0.704361 -0.704361
-0.000000 -0.707107 -0.707107
-0.174078 -0.696311 -0.696311
-0.256307 -0.683486 -0.683486
-0.333333 -0.666667 -0.666667
-0.404226 -0.646762 -0.646762
-0.468521 -0.624695 -0.624695
-0.526152 -0.601317 -0.601317
0.526152 -0.601317 -0.601317
0.549972 -0.628539 -0.549972
0.491539 -0.655386 -0.573462
0.468521 -0.624695 -0.624695
0.425628 -0.681005 -0.595880
0.404226 -0.646762 -0.646762
0.352180 -0.704361 -0.616316
0.333333 -0.666667 -0.666667
0.271607 -0.724286 -0.633750
0.256307 -0.683486 -0.683486
0.184900 -0.739600 -0.647150
0.174078 -0.696311 -0.696311
0.093659 -0.749269 -0.655610
0.088045 -0.704361 -0.704361
0.514496 -0.685994 -0.514496
0.447214 -0.715542 -0.536656
0.371391 -0.742781 -0.557086
0.287348 -0.766261 -0.574696
0.196116 -0.784465 -0.588348
0.099504 -0.796030 -0.597022
0.468293 -0.749269 -0.468293
0.390360 -0.780720 -0.487950
0.303046 -0.808122 -0.505076
0.207390 -0.829561 -0.518476
0.105409 -0.843274 -0.527046
0.408248 -0.816497 -0.408248
0.317999 -0.847998 -0.423999
0.218218 -0.872872 -0.436436
0.111111 -0.888889 -0.444444
0.331295 -0.883452 -0.331295
0.227921 -0.911685 -0.341882
0.116248 -0.929981 -0.348743
0.235702 -0.942809 -0.235702
0.120386 -0.963087 -0.240772
0.123091 -0.984732 -0.123091
0.124035 -0.992278 -0.000000
0.240772 -0.963087 -0.120386
0.242536 -0.970143 -0.000000
0.348743 -0.929981 -0.116248
0.351123 -0.936329 -0.000000
0.341882 -0.911685 -0.227921
0.444444 -0.888889 -0.111111
0.447214 -0.894427 -0.000000
0.436436 -0.872872 -0.218218
0.423999 -0.847998 -0.317999
0.527046 -0.843274 -0.105409
0.529999 -0.847998 -0.000000
0.518476 -0.829561 -0.207390
0.505076 -0.808122 -0.303046
0.487950 -0.780720 -0.390360
0.597022 -0.796030 -0.099504
0.600000 -0.800000 -0.000000
0.588348 -0.784465 -0.196116
0.574696 -0.766261 -0.287348
0.557086 -0.742781 -0.371391
0.536656 -0.715542 -0.447214
0.655610 -0.749269 -0.093659
0.658505 -0.752577 -0.000000
0.647150 -0.739600 -0.184900
0.633750 -0.724286 -0.271607
0.616316 -0.704361 -0.352180
0.595880 -0.681005 -0.425628
0.573462 -0.655386 -0.491539
0.549972 -0.628539 0.549972
0.573462 -0.655386 0.491539
0.595880 -0.681005 0.425628
0.616316 -0.704361 0.352180
0.633750 -0.724286 0.271607
0.647150 -0.739600 0.184900
0.655610 -0.749269 0.093659
0.514496 -0.685994 0.514496
0.536656 -0.715542 0.447214
0.557086 -0.742781 0.371391
0.574696 -0.766261 0.287348
0.588348 -0.784465 0.196116
0.597022 -0.796030 0.099504
0.468293 -0.749269 0.468293
0.487950 -0.780720 0.390360
0.505076 -0.808122 0.303046
0.518476 -0.829561 0.207390
0.527046 -0.843274 0.105409
0.408248 -0.816497 0.408248
0.423999 -0.847998 0.317999
0.436436 -0.872872 0.218218
0.444444 -0.888889 0.111111
0.331295 -0.883452 0.331295
0.341882 -0.911685 0.227921
0.348743 -0.929981 0.116248
0.235702 -0.942809 0.235702
0.240772 -0.963087 0.120386
0.123091 -0.984732 0.123091
0.000000 -0.992278 0.124035
0.120386 -0.963087 0.240772
0.000000 -0.970143 0.242536
0.116248 -0.929981 0.348743
0.000000 -0.936329 0.351123
0.227921 -0.911685 0.341882
0.111111 -0.888889 0.444444
0.000000 -0.894427 0.447214
0.218218 -0.872872 0.436436
0.317999 -0.847998 0.423999
0.105409 -0.843274 0.527046
0.000000 -0.847998 0.529999
0.207390 -0.829561 0.518476
0.303046 -0.808122 0.505076
0.390360 -0.780720 0.487950
0.099504 -0.796030 0.597022
0.000000 -0.800000 0.600000
0.196116 -0.784465 0.588348
0.287348 -0.766261 0.574696
0.371391 -0.742781 0.557086
0.447214 -0.715542 0.536656
0.093659 -0.749269 0.655610
0.000000 -0.752577 0.658505
0.184900 -0.739600 0.647150
0.271607 -0.724286 0.633750
0.352180 -0.704361 0.616316
0.425628 -0.681005 0.595880
0.491539 -0.655386 0.573462
-0.549972 -0.628539 0.549972
-0.491539 -0.655386 0.573462
-0.425628 -0.681005 0.595880
-0.352180 -0.704361 0.616316
-0.271607 -0.724286 0.633750
-0.184900 -0.739600 0.647150
-0.093659 -0.749269 0.655610
-0.514496 -0.685994 0.514496
-0.447214 -0.715542 0.536656
-0.371391 -0.742781 0.557086
-0.287348 -0.766261 0.574696
-0.196116 -0.784465 0.588348
-0.099504 -0.796030 0.597022
-0.468293 -0.749269 0.468293
-0.390360 -0.780720 0.487950
-0.303046 -0.808122 0.505076
-0.207390 -0.829561 0.518476
-0.105409 -0.843274 0.527046
-0.408248 -0.816497 0.408248
-0.317999 -0.847998 0.423999
-0.218218 -0.872872 0.436436
-0.111111 -0.888889 0.444444
-0.331295 -0.883452 0.331295
-0.227921 -0.911685 0.341882
-0.116248 -0.929981 0.348743
-0.235702 -0.942809 0.235702
-0.120386 -0.963087 0.240772
-0.123091 -0.984732 0.123091
-0.124035 -0.992278 0.000000
-0.240772 -0.963087 0.120386
-0.242536 -0.970143 0.000000
-0.348743 -0.929981 0.116248
-0.351123 -0.936329 0.000000
-0.341882 -0.911685 0.227921
-0.444444 -0.888889 0.111111
-0.447214 -0.894427 0.000000
-0.436436 -0.872872 0.218218
-0.423999 -0.847998 0.317999
-0.527046 -0.843274 0.105409
-0.529999 -0.847998 0.000000
-0.518476 -0.829561 0.207390
-0.505076 -0.808122 0.303046
-0.487950 -0.780720 0.390360
-0.597022 -0.796030 0.099504
-0.600000 -0.800000 0.000000
-0.588348 -0.784465 0.196116
-0.574696 -0.766261 0.287348
-0.557086 -0.742781 0.371391
-0.536656 -0.715542 0.447214
-0.655610 -0.749269 0.093659
-0.658505 -0.752577 0.000000
-0.647150 -0.739600 0.184900
-0.633750 -0.724286 0.271607
-0.616316 -0.704361 0.352180
-0.595880 -0.681005 0.425628
-0.573462 -0.655386 0.491539
-0.573462 -0.655386 -0.491539
-0.595880 -0.681005 -0.425628
-0.616316 -0.704361 -0.352180
-0.633750 -0.724286 -0.271607
-0.647150 -0.739600 -0.184900
-0.655610 -0.749269 -0.093659
-0.536656 -0.715542 -0.447214
-0.557086 -0.742781 -0.371391
-0.574696 -0.766261 -0.287348
-0.588348 -0.784465 -0.196116
-0.597022 -0.796030 -0.099504
-0.487950 -0.780720 -0.390360
-0.505076 -0.808122 -0.303046
-0.518476 -0.829561 -0.207390
-0.527046 -0.843274 -0.105409
-0.423999 -0.847998 -0.317999
-0.436436 -0.872872 -0.218218
-0.444444 -0.888889 -0.111111
-0.341882 -0.911685 -0.227921
-0.348743 -0.929981 -0.116248
-0.240772 -0.963087 -0.120386
0.000000 -0.000000 -1.000000
0.123091 -0.123091 -0.984732
0.000000 -0.124035 -0.992278
0.120386 -0.240772 -0.963087
0.000000 -0.242536 -0.970143
0.235702 -0.235702 -0.942809
0.116248 -0.348743 -0.929981
0.000000 -0.351123 -0.936329
0.227921 -0.341882 -0.911685
0.331295 -0.331295 -0.883452
0.111111 -0.444444 -0.888889
0.000000 -0.447214 -0.894427
0.218218 -0.436436 -0.872872
0.317999 -0.423999 -0.847998
0.408248 -0.408248 -0.816497
0.105409 -0.527046 -0.843274
0.000000 -0.529999 -0.847998
0.207390 -0.518476 -0.829561
0.303046 -0.505076 -0.808122
0.390360 -0.487950 -0.780720
0.468293 -0.468293 -0.749269
0.099504 -0.597022 -0.796030
0.000000 -0.600000 -0.800000
0.196116 -0.588348 -0.784465
0.287348 -0.574696 -0.766261
0.371391 -0.557086 -0.742781
0.447214 -0.536656 -0.715542
0.514496 -0.514496 -0.685994
0.093659 -0.655610 -0.749269
0.000000 -0.658505 -0.752577
0.184900 -0.647150 -0.739600
0.271607 -0.633750 -0.724286
0.352180 -0.616316 -0.704361
0.425628 -0.595880 -0.681005
0.491539 -0.573462 -0.655386
0.549972 -0.549972 -0.628539
-0.549972 -0.549972 -0.628539
-0.491539 -0.573462 -0.655386
-0.425628 -0.595880 -0.681005
-0.352180 -0.616316 -0.704361
-0.271607 -0.633750 -0.724286
-0.184900 -0.647150 -0.739600
-0.093659 -0.655610 -0.749269
-0.514496 -0.514496 -0.685994
-0.447214 -0.536656 -0.715542
-0.371391 -0.557086 -0.742781
-0.287348 -0.574696 -0.766261
-0.196116 -0.588348 -0.784465
-0.099504 -0.597022 -0.796030
-0.468293 -0.468293 -0.749269
-0.390360 -0.487950 -0.780720
-0.303046 -0.505076 -0.808122
-0.207390 -0.518476 -0.829561
-0.105409 -0.527046 -0.843274
-0.408248 -0.408248 -0.816497
-0.317999 -0.423999 -0.847998
-0.218218 -0.436436 -0.872872
-0.111111 -0.444444 -0.888889
-0.331295 -0.331295 -0.883452
-0.227921 -0.341882 -0.911685
-0.116248 -0.348743 -0.929981
-0.235702 -0.235702 -0.942809
-0.120386 -0.240772 -0.963087
-0.123091 -0.123091 -0.984732
-0.124035 -0.000000 -0.992278
-0.240772 -0.120386 -0.963087
-0.242536 -0.000000 -0.970143
-0.348743 -0.116248 -0.929981
-0.351123 -0.000000 -0.936329
-0.341882 -0.227921 -0.911685
-0.444444 -0.111111 -0.888889
-0.447214 -0.000000 -0.894427
-0.436436 -0.218218 -0.872872
-0.423999 -0.317999 -0.847998
-0.527046 -0.105409 -0.843274
-0.529999 -0.000000 -0.847998
-0.518476 -0.207390 -0.829561
-0.505076 -0.303046 -0.808122
-0.487950 -0.390360 -0.780720
-0.597022 -0.099504 -0.796030
-0.600000 -0.000000 -0.800000
-0.588348 -0.196116 -0.784465
-0.574696 -0.287348 -0.766261
-0.557086 -0.371391 -0.742781
-0.536656 -0.447214 -0.715542
-0.655610 -0.093659 -0.749269
-0.658505 -0.000000 -0.752577
-0.647150 -0.184900 -0.739600
-0.633750 -0.271607 -0.724286
-0.616316 -0.352180 -0.704361
-0.595880 -0.425628 -0.681005
-0.573462 -0.491539 -0.655386
-0.549972 0.549972 -0.628539
-0.573462 0.491539 -0.655386
-0.595880 0.425628 -0.681005
-0.616316 0.352180 -0.704361
-0.633750 0.271607 -0.724286
-0.647150 0.184900 -0.739600
-0.655610 0.093659 -0.749269
-0.514496 0.514496 -0.685994
-0.536656 0.447214 -0.715542
-0.557086 0.371391 -0.742781
-0.574696 0.287348 -0.766261
-0.588348 0.196116 -0.784465
-0.597022 0.099504 -0.796030
-0.468293 0.468293 -0.749269
-0.487950 0.390360 -0.780720
-0.505076 0.303046 -0.808122
-0.518476 0.207390 -0.829561
-0.527046 0.105409 -0.843274
-0.408248 0.408248 -0.816497
-0.423999 0.317999 -0.847998
-0.436436 0.218218 -0.872872
-0.444444 0.111111 -0.888889
-0.331295 0.331295 -0.883452
-0.341882 0.227921 -0.911685
-0.348743 0.116248 -0.929981
-0.235702 0.235702 -0.942809
-0.240772 0.120386 -0.963087
-0.123091 0.123091 -0.984732
-0.000000 0.124035 -0.992278
-0.120386 0.240772 -0.963087
-0.000000 0.242536 -0.970143
-0.116248 0.348743 -0.929981
-0.000000 0.351123 -0.936329
-0.227921 0.341882 -0.911685
-0.111111 0.444444 -0.888889
-0.000000 0.447214 -0.894427
-0.218218 0.436436 -0.872872
-0.317999 0.423999 -0.847998
-0.105409 0.527046 -0.843274
-0.000000 0.529999 -0.847998
-0.207390 0.518476 -0.829561
-0.303046 0.505076 -0.808122
-0.390360 0.487950 -0.780720
-0.099504 0.597022 -0.796030
-0.000000 0.600000 -0.800000
-0.196116 0.588348 -0.784465
-0.287348 0.574696 -0.766261
-0.371391 0.557086 -0.742781
-0.447214 0.536656 -0.715542
-0.093659 0.655610 -0.749269
-0.000000 0.658505 -0.752577
-0.184900 0.647150 -0.739600
-0.271607 0.633750 -0.724286
-0.352180 0.616316 -0.704361
-0.425628 0.595880 -0.681005
-0.491539 0.573462 -0.655386
0.549972 0.549972 -0.628539
0.491539 0.573462 -0.655386
0.425628 0.595880 -0.681005
0.352180 0.616316 -0.704361
0.271607 0.633750 -0.724286
0.184900 0.647150 -0.739600
0.093659 0.655610 -0.749269
0.514496 0.514496 -0.685994
0.447214 0.536656 -0.715542
0.371391 0.557086 -0.742781
0.287348 0.574696 -0.766261
0.196116 0.588348 -0.784465
0.099504 0.597022 -0.796030
0.468293 0.468293 -0.749269
0.390360 0.487950 -0.780720
0.303046 0.505076 -0.808122
0.207390 0.518476 -0.829561
0.105409 0.527046 -0.843274
0.408248 0.408248 -0.816497
0.317999 0.423999 -0.847998
0.218218 0.436436 -0.872872
0.111111 0.444444 -0.888889
0.331295 0.331295 -0.883452
0.227921 0.341882 -0.911685
0.116248 0.348743 -0.929981
0.235702 0.235702 -0.942809
0.120386 0.240772 -0.963087
0.123091 0.123091 -0.984732
0.124035 0.000000 -0.992278
0.240772 0.120386 -0.963087
0.242536 0.000000 -0.970143
0.348743 0.116248 -0.929981
0.351123 0.000000 -0.936329
0.341882 0.227921 -0.911685
0.444444 0.111111 -0.888889
0.447214 0.000000 -0.894427
0.436436 0.218218 -0.872872
0.423999 0.317999 -0.847998
0.527046 0.105409 -0.843274
0.529999 0.000000 -0.847998
0.518476 0.207390 -0.829561
0.505076 0.303046 -0.808122
0.487950 0.390360 -0.780720
0.597022 0.099504 -0.796030
0.600000 0.000000 -0.800000
0.588348 0.196116 -0.784465
0.574696 0.287348 -0.766261
0.557086 0.371391 -0.742781
0.536656 0.447214 -0.715542
0.655610 0.093659 -0.749269
0.658505 0.000000 -0.752577
0.647150 0.184900 -0.739600
0.633750 0.271607 -0.724286
0.616316 0.352180 -0.704361
0.595880 0.425628 -0.681005
0.573462 0.491539 -0.655386
0.573462 -0.491539 -0.655386
0.595880 -0.425628 -0.681005
0.616316 -0.352180 -0.704361
0.633750 -0.271607 -0.724286
0.647150 -0.184900 -0.739600
0.655610 -0.093659 -0.749269
0.536656 -0.447214 -0.715542
0.557086 -0.371391 -0.742781
0.574696 -0.287348 -0.766261
0.588348 -0.196116 -0.784465
0.597022 -0.099504 -0.796030
0.487950 -0.390360 -0.780720
0.505076 -0.303046 -0.808122
0.518476 -0.207390 -0.829561
0.527046 -0.105409 -0.843274
0.423999 -0.317999 -0.847998
0.436436 -0.218218 -0.872872
0.444444 -0.111111 -0.888889
0.341882 -0.227921 -0.911685
0.348743 -0.116248 -0.929981
0.240772 -0.120386 -0.963087
