0 1 2 
2 3 4 
2 1 3 
1 5 3 
4 6 7 
4 3 6 
3 8 6 
3 5 8 
5 9 8 
7 10 11 
7 6 10 
6 12 10 
6 8 12 
8 13 12 
8 9 13 
9 14 13 
15 16 17 
15 17 18 
19 15 18 
19 18 20 
21 19 20 
21 20 7 
11 21 7 
18 17 22 
18 22 23 
20 18 23 
20 23 4 
7 20 4 
23 22 24 
23 24 2 
4 23 2 
2 24 0 
0 24 25 
25 26 27 
25 24 26 
24 22 26 
27 28 29 
27 26 28 
26 30 28 
26 22 30 
22 17 30 
29 31 32 
29 28 31 
28 33 31 
28 30 33 
30 34 33 
30 17 34 
17 16 34 
35 36 37 
35 37 38 
39 35 38 
39 38 40 
41 39 40 
41 40 29 
32 41 29 
38 37 42 
38 42 43 
40 38 43 
40 43 27 
29 40 27 
43 42 44 
43 44 25 
27 43 25 
25 44 0 
0 44 45 
45 46 47 
45 44 46 
44 42 46 
47 48 49 
47 46 48 
46 50 48 
46 42 50 
42 37 50 
49 51 52 
49 48 51 
48 53 51 
48 50 53 
50 54 53 
50 37 54 
37 36 54 
55 56 57 
55 57 58 
59 55 58 
59 58 60 
61 59 60 
61 60 49 
52 61 49 
58 57 62 
58 62 63 
60 58 63 
60 63 47 
49 60 47 
63 62 64 
63 64 45 
47 63 45 
45 64 0 
0 64 65 
65 66 67 
65 64 66 
64 62 66 
67 68 69 
67 66 68 
66 70 68 
66 62 70 
62 57 70 
69 71 72 
69 68 71 
68 73 71 
68 70 73 
70 74 73 
70 57 74 
57 56 74 
75 14 9 
75 9 76 
77 75 76 
77 76 78 
79 77 78 
79 78 69 
72 79 69 
76 9 5 
76 5 80 
78 76 80 
78 80 67 
69 78 67 
80 5 1 
80 1 65 
67 80 65 
65 1 0 
81 82 83 
83 84 85 
83 82 84 
82 86 84 
85 87 88 
85 84 87 
84 89 87 
84 86 89 
86 90 89 
88 91 92 
88 87 91 
87 93 91 
87 89 93 
89 94 93 
89 90 94 
90 95 94 
96 97 98 
96 98 99 
100 96 99 
100 99 101 
102 100 101 
102 101 88 
92 102 88 
99 98 103 
99 103 104 
101 99 104 
101 104 85 
88 101 85 
104 103 105 
104 105 83 
85 104 83 
83 105 81 
81 105 106 
106 107 108 
106 105 107 
105 103 107 
108 109 110 
108 107 109 
107 111 109 
107 103 111 
103 98 111 
110 112 113 
110 109 112 
109 114 112 
109 111 114 
111 115 114 
111 98 115 
98 97 115 
116 36 117 
116 117 118 
119 116 118 
119 118 120 
121 119 120 
121 120 110 
113 121 110 
118 117 122 
118 122 123 
120 118 123 
120 123 108 
110 120 108 
123 122 124 
123 124 106 
108 123 106 
106 124 81 
81 124 125 
125 126 127 
125 124 126 
124 122 126 
127 128 129 
127 126 128 
126 130 128 
126 122 130 
122 117 130 
129 41 32 
129 128 41 
128 39 41 
128 130 39 
130 35 39 
130 117 35 
117 36 35 
34 16 131 
34 131 132 
33 34 132 
33 132 133 
31 33 133 
31 133 129 
32 31 129 
132 131 134 
132 134 135 
133 132 135 
133 135 127 
129 133 127 
135 134 136 
135 136 125 
127 135 125 
125 136 81 
81 136 137 
137 138 139 
137 136 138 
136 134 138 
139 140 141 
139 138 140 
138 142 140 
138 134 142 
134 131 142 
141 143 144 
141 140 143 
140 145 143 
140 142 145 
142 146 145 
142 131 146 
131 16 146 
147 95 90 
147 90 148 
149 147 148 
149 148 150 
151 149 150 
151 150 141 
144 151 141 
148 90 86 
148 86 152 
150 148 152 
150 152 139 
141 150 139 
152 86 82 
152 82 137 
139 152 137 
137 82 81 
153 154 155 
155 156 157 
155 154 156 
154 158 156 
157 159 160 
157 156 159 
156 161 159 
156 158 161 
158 162 161 
160 163 164 
160 159 163 
159 165 163 
159 161 165 
161 166 165 
161 162 166 
162 97 166 
167 168 169 
167 169 170 
171 167 170 
171 170 172 
173 171 172 
173 172 160 
164 173 160 
170 169 174 
170 174 175 
172 170 175 
172 175 157 
160 172 157 
175 174 176 
175 176 155 
157 175 155 
155 176 153 
153 176 177 
177 178 179 
177 176 178 
176 174 178 
179 180 181 
179 178 180 
178 182 180 
178 174 182 
174 169 182 
181 183 184 
181 180 183 
180 185 183 
180 182 185 
182 186 185 
182 169 186 
169 168 186 
187 56 188 
187 188 189 
190 187 189 
190 189 191 
192 190 191 
192 191 181 
184 192 181 
189 188 193 
189 193 194 
191 189 194 
191 194 179 
181 191 179 
194 193 195 
194 195 177 
179 194 177 
177 195 153 
153 195 196 
196 197 198 
196 195 197 
195 193 197 
198 199 200 
198 197 199 
197 201 199 
197 193 201 
193 188 201 
200 61 52 
200 199 61 
199 59 61 
199 201 59 
201 55 59 
201 188 55 
188 56 55 
54 36 202 
54 202 203 
53 54 203 
53 203 204 
51 53 204 
51 204 200 
52 51 200 
203 202 205 
203 205 206 
204 203 206 
204 206 198 
200 204 198 
206 205 207 
206 207 196 
198 206 196 
196 207 153 
153 207 208 
208 209 210 
208 207 209 
207 205 209 
210 211 212 
210 209 211 
209 213 211 
209 205 213 
205 202 213 
212 121 113 
212 211 121 
211 119 121 
211 213 119 
213 116 119 
213 202 116 
202 36 116 
115 97 162 
115 162 214 
114 115 214 
114 214 215 
112 114 215 
112 215 212 
113 112 212 
214 162 158 
214 158 216 
215 214 216 
215 216 210 
212 215 210 
216 158 154 
216 154 208 
210 216 208 
208 154 153 
217 218 219 
219 220 221 
219 218 220 
218 222 220 
221 223 224 
221 220 223 
220 225 223 
220 222 225 
222 226 225 
224 227 228 
224 223 227 
223 229 227 
223 225 229 
225 230 229 
225 226 230 
226 168 230 
231 232 233 
231 233 234 
235 231 234 
235 234 236 
237 235 236 
237 236 224 
228 237 224 
234 233 238 
234 238 239 
236 234 239 
236 239 221 
224 236 221 
239 238 240 
239 240 219 
221 239 219 
219 240 217 
217 240 241 
241 242 243 
241 240 242 
240 238 242 
243 244 245 
243 242 244 
242 246 244 
242 238 246 
238 233 246 
245 247 248 
245 244 247 
244 249 247 
244 246 249 
246 250 249 
246 233 250 
233 232 250 
251 14 252 
251 252 253 
254 251 253 
254 253 255 
256 254 255 
256 255 245 
248 256 245 
253 252 257 
253 257 258 
255 253 258 
255 258 243 
245 255 243 
258 257 259 
258 259 241 
243 258 241 
241 259 217 
217 259 260 
260 261 262 
260 259 261 
259 257 261 
262 263 264 
262 261 263 
261 265 263 
261 257 265 
257 252 265 
264 79 72 
264 263 79 
263 77 79 
263 265 77 
265 75 77 
265 252 75 
252 14 75 
74 56 266 
74 266 267 
73 74 267 
73 267 268 
71 73 268 
71 268 264 
72 71 264 
267 266 269 
267 269 270 
268 267 270 
268 270 262 
264 268 262 
270 269 271 
270 271 260 
262 270 260 
260 271 217 
217 271 272 
272 273 274 
272 271 273 
271 269 273 
274 275 276 
274 273 275 
273 277 275 
273 269 277 
269 266 277 
276 192 184 
276 275 192 
275 190 192 
275 277 190 
277 187 190 
277 266 187 
266 56 187 
186 168 226 
186 226 278 
185 186 278 
185 278 279 
183 185 279 
183 279 276 
184 183 276 
278 226 222 
278 222 280 
279 278 280 
279 280 274 
276 279 274 
280 222 218 
280 218 272 
274 280 272 
272 218 217 
281 282 283 
283 284 285 
283 282 284 
282 286 284 
285 287 288 
285 284 287 
284 289 287 
284 286 289 
286 290 289 
288 291 292 
288 287 291 
287 293 291 
287 289 293 
289 294 293 
289 290 294 
290 232 294 
295 95 296 
295 296 297 
298 295 297 
298 297 299 
300 298 299 
300 299 288 
292 300 288 
297 296 301 
297 301 302 
299 297 302 
299 302 285 
288 299 285 
302 301 303 
302 303 283 
285 302 283 
283 303 281 
281 303 304 
304 305 306 
304 303 305 
303 301 305 
306 307 308 
306 305 307 
305 309 307 
305 301 309 
301 296 309 
308 151 144 
308 307 151 
307 149 151 
307 309 149 
309 147 149 
309 296 147 
296 95 147 
146 16 310 
146 310 311 
145 146 311 
145 311 312 
143 145 312 
143 312 308 
144 143 308 
311 310 313 
311 313 314 
312 311 314 
312 314 306 
308 312 306 
314 313 315 
314 315 304 
306 314 304 
304 315 281 
281 315 316 
316 317 318 
316 315 317 
315 313 317 
318 319 320 
318 317 319 
317 321 319 
317 313 321 
313 310 321 
320 21 11 
320 319 21 
319 19 21 
319 321 19 
321 15 19 
321 310 15 
310 16 15 
13 14 322 
13 322 323 
12 13 323 
12 323 324 
10 12 324 
10 324 320 
11 10 320 
323 322 325 
323 325 326 
324 323 326 
324 326 318 
320 324 318 
326 325 327 
326 327 316 
318 326 316 
316 327 281 
281 327 328 
328 329 330 
328 327 329 
327 325 329 
330 331 332 
330 329 331 
329 333 331 
329 325 333 
325 322 333 
332 256 248 
332 331 256 
331 254 256 
331 333 254 
333 251 254 
333 322 251 
322 14 251 
250 232 290 
250 290 334 
249 250 334 
249 334 335 
247 249 335 
247 335 332 
248 247 332 
334 290 286 
334 286 336 
335 334 336 
335 336 330 
332 335 330 
336 286 282 
336 282 328 
330 336 328 
328 282 281 
337 338 339 
339 340 341 
339 338 340 
338 342 340 
341 343 344 
341 340 343 
340 345 343 
340 342 345 
342 346 345 
344 300 292 
344 343 300 
343 298 300 
343 345 298 
345 295 298 
345 346 295 
346 95 295 
294 232 347 
294 347 348 
293 294 348 
293 348 349 
291 293 349 
291 349 344 
292 291 344 
348 347 350 
348 350 351 
349 348 351 
349 351 341 
344 349 341 
351 350 352 
351 352 339 
341 351 339 
339 352 337 
337 352 353 
353 354 355 
353 352 354 
352 350 354 
355 356 357 
355 354 356 
354 358 356 
354 350 358 
350 347 358 
357 237 228 
357 356 237 
356 235 237 
356 358 235 
358 231 235 
358 347 231 
347 232 231 
230 168 359 
230 359 360 
229 230 360 
229 360 361 
227 229 361 
227 361 357 
228 227 357 
360 359 362 
360 362 363 
361 360 363 
361 363 355 
357 361 355 
363 362 364 
363 364 353 
355 363 353 
353 364 337 
337 364 365 
365 366 367 
365 364 366 
364 362 366 
367 368 369 
367 366 368 
366 370 368 
366 362 370 
362 359 370 
369 173 164 
369 368 173 
368 171 173 
368 370 171 
370 167 171 
370 359 167 
359 168 167 
166 97 371 
166 371 372 
165 166 372 
165 372 373 
163 165 373 
163 373 369 
164 163 369 
372 371 374 
372 374 375 
373 372 375 
373 375 367 
369 373 367 
375 374 376 
375 376 365 
367 375 365 
365 376 337 
337 376 377 
377 378 379 
377 376 378 
376 374 378 
379 380 381 
379 378 380 
378 382 380 
378 374 382 
374 371 382 
381 102 92 
381 380 102 
380 100 102 
380 382 100 
382 96 100 
382 371 96 
371 97 96 
94 95 346 
94 346 383 
93 94 383 
93 383 384 
91 93 384 
91 384 381 
92 91 381 
383 346 342 
383 342 385 
384 383 385 
384 385 379 
381 384 379 
385 342 338 
385 338 377 
379 385 377 
377 338 337 
