-0.000000 -0.000000 1.000000
-0.408248 -0.408248 0.816497
-0.000000 -0.447214 0.894427
-0.333333 -0.666667 0.666667
-0.000000 -0.707107 0.707107
-0.577350 -0.577350 0.577350
0.333333 -0.666667 0.666667
0.577350 -0.577350 0.577350
0.408248 -0.408248 0.816497
0.447214 -0.000000 0.894427
0.666667 -0.333333 0.666667
0.707107 -0.000000 0.707107
0.666667 0.333333 0.666667
0.577350 0.577350 0.577350
0.408248 0.408248 0.816497
0.000000 0.447214 0.894427
0.333333 0.666667 0.666667
0.000000 0.707107 0.707107
-0.333333 0.666667 0.666667
-0.577350 0.577350 0.577350
-0.408248 0.408248 0.816497
-0.447214 0.000000 0.894427
-0.666667 0.333333 0.666667
-0.707107 0.000000 0.707107
-0.666667 -0.333333 0.666667
1.000000 -0.000000 -0.000000
0.816497 -0.408248 -0.408248
0.894427 -0.000000 -0.447214
0.666667 -0.333333 -0.666667
0.707107 -0.000000 -0.707107
0.577350 -0.577350 -0.577350
0.666667 0.333333 -0.666667
0.577350 0.577350 -0.577350
0.816497 0.408248 -0.408248
0.894427 0.447214 -0.000000
0.666667 0.666667 -0.333333
0.707107 0.707107 -0.000000
0.666667 0.666667 0.333333
0.816497 0.408248 0.408248
0.894427 0.000000 0.447214
0.816497 -0.408248 0.408248
0.894427 -0.447214 0.000000
0.666667 -0.666667 0.333333
0.707107 -0.707107 0.000000
0.666667 -0.666667 -0.333333
0.000000 1.000000 -0.000000
0.408248 0.816497 -0.408248
0.000000 0.894427 -0.447214
0.333333 0.666667 -0.666667
0.000000 0.707107 -0.707107
-0.333333 0.666667 -0.666667
-0.577350 0.577350 -0.577350
-0.408248 0.816497 -0.408248
-0.447214 0.894427 -0.000000
-0.666667 0.666667 -0.333333
-0.707107 0.707107 -0.000000
-0.666667 0.666667 0.333333
-0.408248 0.816497 0.408248
-0.000000 0.894427 0.447214
0.408248 0.816497 0.408248
0.447214 0.894427 0.000000
-1.000000 0.000000 -0.000000
-0.816497 0.408248 -0.408248
-0.894427 0.000000 -0.447214
-0.666667 0.333333 -0.666667
-0.707107 0.000000 -0.707107
-0.666667 -0.333333 -0.666667
-0.577350 -0.577350 -0.577350
-0.816497 -0.408248 -0.408248
-0.894427 -0.447214 -0.000000
-0.666667 -0.666667 -0.333333
-0.707107 -0.707107 -0.000000
-0.666667 -0.666667 0.333333
-0.816497 -0.408248 0.408248
-0.894427 -0.000000 0.447214
-0.816497 0.408248 0.408248
-0.894427 0.447214 0.000000
-0.000000 -1.000000 -0.000000
-0.408248 -0.816497 -0.408248
-0.000000 -0.894427 -0.447214
-0.333333 -0.666667 -0.666667
-0.000000 -0.707107 -0.707107
0.333333 -0.666667 -0.666667
0.408248 -0.816497 -0.408248
0.447214 -0.894427 -0.000000
0.408248 -0.816497 0.408248
0.000000 -0.894427 0.447214
-0.408248 -0.816497 0.408248
-0.447214 -0.894427 0.000000
0.000000 -0.000000 -1.000000
0.408248 -0.408248 -0.816497
0.000000 -0.447214 -0.894427
-0.408248 -0.408248 -0.816497
-0.447214 -0.000000 -0.894427
-0.408248 0.408248 -0.816497
-0.000000 0.447214 -0.894427
0.408248 0.408248 -0.816497
0.447214 0.000000 -0.894427
